888 1888
1 2
1 3
3 4
3 5
4 6
3 7
5 8
8 9
6 10
7 11
9 12
12 13
12 14
10 15
15 16
12 17
14 18
16 19
16 20
20 21
18 22
18 23
19 24
21 25
23 26
24 27
27 28
25 29
29 30
28 31
27 32
30 33
31 34
33 35
35 36
33 37
36 38
37 39
38 40
39 41
40 42
40 43
39 44
42 45
44 46
43 47
47 48
44 49
46 50
49 51
51 52
51 53
50 54
50 55
54 56
52 57
57 58
58 59
57 60
57 61
61 62
61 63
59 64
64 65
61 66
63 67
64 68
66 69
65 70
67 71
68 72
72 73
71 74
74 75
74 76
74 77
75 78
77 79
77 80
79 81
80 82
79 83
82 84
82 85
81 86
82 87
83 88
85 89
86 90
90 91
91 92
89 93
92 94
93 95
92 96
95 97
94 98
96 99
98 100
99 101
100 102
102 103
100 104
100 105
103 106
103 107
104 108
105 109
105 110
107 111
110 112
111 113
109 114
110 115
115 116
114 117
117 118
114 119
119 120
119 121
119 122
122 123
120 124
122 125
123 126
122 127
124 128
126 129
129 130
129 131
131 132
129 133
131 134
133 135
135 136
133 137
136 138
134 139
135 140
136 141
140 142
138 143
141 144
143 145
145 146
143 147
144 148
144 149
146 150
150 151
147 152
150 153
152 154
153 155
153 156
154 157
154 158
155 159
156 160
158 161
160 162
158 163
161 164
162 165
162 166
164 167
167 168
166 169
169 170
167 171
167 172
168 173
172 174
170 175
174 176
173 177
177 178
178 179
175 180
177 181
177 182
179 183
179 184
184 185
184 186
183 187
187 188
188 189
186 190
188 191
188 192
188 193
191 194
193 195
192 196
195 197
196 198
194 199
197 200
199 201
199 202
199 203
201 204
202 205
204 206
205 207
207 208
207 209
206 210
210 211
211 212
210 213
213 214
210 215
215 216
212 217
215 218
218 219
218 220
217 221
217 222
219 223
223 224
224 225
222 226
226 227
223 228
224 229
228 230
230 231
231 232
229 233
230 234
233 235
232 236
235 237
236 238
237 239
236 240
239 241
241 242
239 243
242 244
242 245
244 246
244 247
247 248
244 249
248 250
246 251
251 252
252 253
249 254
252 255
252 256
254 257
257 258
258 259
255 260
259 261
260 262
260 263
262 264
264 265
264 266
266 267
264 268
268 269
265 270
266 271
267 272
269 273
269 274
273 275
271 276
275 277
273 278
277 279
275 280
279 281
277 282
281 283
281 284
281 285
283 286
286 287
285 288
286 289
287 290
289 291
290 292
292 293
292 294
292 295
292 296
294 297
293 298
295 299
299 300
298 301
300 302
300 303
301 304
304 305
303 306
305 307
304 308
308 309
309 310
306 311
310 312
312 313
312 314
312 315
311 316
315 317
316 318
316 319
316 320
319 321
317 322
321 323
322 324
323 325
325 326
325 327
325 328
327 329
329 330
326 331
328 332
330 333
330 334
333 335
331 336
336 337
336 338
336 339
336 340
340 341
339 342
339 343
340 344
340 345
344 346
342 347
343 348
347 349
345 350
347 351
347 352
350 353
350 354
352 355
355 356
355 357
354 358
356 359
357 360
357 361
359 362
361 363
362 364
362 365
365 366
364 367
366 368
368 369
369 370
366 371
367 372
368 373
370 374
372 375
372 376
375 377
374 378
374 379
375 380
380 381
379 382
382 383
379 384
382 385
385 386
386 387
385 388
384 389
387 390
390 391
390 392
389 393
392 394
394 395
395 396
395 397
396 398
396 399
396 400
397 401
397 402
399 403
401 404
403 405
403 406
404 407
404 408
407 409
407 410
407 411
410 412
409 413
413 414
414 415
411 416
415 417
417 418
418 419
415 420
420 421
417 422
422 423
422 424
424 425
421 426
422 427
427 428
425 429
426 430
426 431
427 432
431 433
429 434
433 435
433 436
434 437
435 438
436 439
437 440
436 441
440 442
438 443
442 444
92 445
23 446
1 447
76 448
181 449
310 450
7 451
209 452
173 453
445 454
146 455
386 456
289 457
112 458
329 459
171 460
63 461
372 462
275 463
374 464
66 465
360 466
335 467
261 468
1 469
231 470
353 471
361 472
53 473
133 474
373 475
248 476
221 477
422 478
177 479
306 480
417 481
459 482
259 483
280 484
53 485
3 486
388 487
399 488
293 489
244 490
398 491
259 492
355 493
397 494
170 495
335 496
231 497
22 498
1 499
36 500
96 501
313 502
270 503
229 504
37 505
155 506
466 507
289 508
259 509
343 510
163 511
454 512
87 513
304 514
454 515
71 516
253 517
213 518
194 519
235 520
289 521
294 522
285 523
298 524
389 525
159 526
177 527
152 528
408 529
362 530
59 531
523 532
25 533
503 534
262 535
381 536
160 537
294 538
9 539
306 540
1 541
101 542
229 543
190 544
375 545
469 546
377 547
420 548
225 549
49 550
291 551
533 552
397 553
463 554
400 555
401 556
71 557
115 558
525 559
342 560
327 561
276 562
309 563
32 564
427 565
414 566
90 567
246 568
488 569
289 570
265 571
258 572
48 573
484 574
301 575
431 576
379 577
140 578
467 579
141 580
209 581
563 582
399 583
1 584
25 585
180 586
470 587
509 588
581 589
406 590
222 591
343 592
469 593
111 594
449 595
460 596
333 597
283 598
391 599
118 600
337 601
542 602
585 603
449 604
103 605
431 606
472 607
186 608
282 609
141 610
224 611
522 612
277 613
524 614
316 615
359 616
511 617
58 618
385 619
315 620
477 621
507 622
352 623
307 624
457 625
376 626
561 627
8 628
590 629
437 630
171 631
598 632
493 633
172 634
149 635
560 636
247 637
338 638
238 639
316 640
541 641
388 642
73 643
112 644
309 645
136 646
425 647
572 648
103 649
228 650
149 651
274 652
464 653
616 654
343 655
481 656
425 657
140 658
431 659
172 660
467 661
441 662
125 663
139 664
135 665
421 666
404 667
623 668
1 669
33 670
84 671
218 672
238 673
229 674
505 675
329 676
409 677
54 678
109 679
234 680
547 681
199 682
427 683
389 684
25 685
354 686
223 687
19 688
591 689
84 690
687 691
522 692
373 693
17 694
407 695
331 696
607 697
664 698
217 699
548 700
148 701
185 702
555 703
450 704
318 705
598 706
520 707
159 708
209 709
379 710
416 711
623 712
507 713
413 714
103 715
506 716
27 717
202 718
198 719
117 720
467 721
150 722
180 723
195 724
280 725
30 726
256 727
530 728
702 729
42 730
285 731
533 732
595 733
255 734
486 735
151 736
193 737
627 738
295 739
445 740
581 741
247 742
276 743
462 744
167 745
617 746
582 747
518 748
163 749
741 750
577 751
111 752
377 753
148 754
477 755
679 756
717 757
94 758
195 759
274 760
225 761
285 762
1 763
615 764
511 765
495 766
293 767
454 768
97 769
481 770
204 771
39 772
458 773
141 774
622 775
232 776
281 777
590 778
621 779
451 780
389 781
559 782
463 783
381 784
307 785
611 786
124 787
668 788
365 789
323 790
153 791
105 792
118 793
640 794
706 795
216 796
631 797
406 798
750 799
86 800
665 801
256 802
263 803
432 804
537 805
575 806
773 807
229 808
620 809
521 810
31 811
676 812
701 813
159 814
225 815
125 816
115 817
169 818
711 819
383 820
411 821
762 822
661 823
529 824
541 825
101 826
155 827
444 828
567 829
732 830
171 831
380 832
319 833
690 834
557 835
750 836
88 837
701 838
13 839
666 840
719 841
131 842
613 843
106 844
380 845
520 846
811 847
829 848
489 849
329 850
595 851
792 852
81 853
20 854
632 855
106 856
236 857
610 858
635 859
238 860
125 861
327 862
831 863
393 864
399 865
6 866
551 867
303 868
809 869
280 870
822 871
605 872
481 873
758 874
304 875
91 876
623 877
268 878
507 879
385 880
873 881
341 882
319 883
533 884
571 885
799 886
611 887
701 888
281 508
713 232
683 112
747 428
149 505
205 265
480 601
373 144
710 351
530 134
73 175
729 682
178 389
791 364
299 637
601 49
151 850
801 424
874 297
37 231
769 633
814 319
73 697
605 813
649 573
152 815
718 819
297 559
433 601
673 739
601 160
767 778
860 691
196 193
69 304
202 880
501 412
361 511
334 496
604 439
553 193
125 721
205 563
193 468
621 884
482 73
33 208
503 545
799 407
840 469
677 503
371 145
111 817
203 521
852 433
674 115
743 1
445 541
241 197
313 209
313 829
51 285
299 31
831 724
170 722
159 1
789 496
80 829
1 858
25 114
346 166
410 46
103 365
626 157
187 584
25 601
33 763
331 677
325 625
189 109
61 775
401 297
199 845
40 811
685 137
361 457
697 345
799 782
403 540
608 55
357 685
381 234
217 489
793 642
40 211
135 207
141 599
223 541
721 784
274 199
245 286
193 289
203 675
764 112
741 81
821 829
661 637
877 232
403 673
181 196
493 48
310 25
521 556
217 345
121 268
841 545
667 121
111 135
492 31
456 857
679 313
105 523
165 256
707 223
157 613
773 471
849 733
580 541
391 865
481 116
343 568
46 871
151 445
817 193
565 844
16 94
612 244
411 355
547 257
841 273
363 75
713 763
767 813
158 777
322 789
757 296
541 169
331 643
457 234
118 415
233 520
445 409
150 727
73 621
805 505
480 623
546 516
745 447
381 256
649 693
129 725
235 238
597 497
865 460
584 802
112 439
703 241
341 269
253 532
149 349
1 222
4 69
673 3
826 445
540 175
76 34
846 139
305 49
86 265
281 321
617 820
166 841
529 192
313 96
731 649
233 333
251 445
1 701
621 389
121 403
547 550
241 240
647 458
551 236
837 666
314 352
67 37
625 685
481 5
108 313
47 634
510 538
196 866
145 553
737 717
161 3
253 145
649 849
674 442
679 636
473 787
237 865
801 739
124 268
865 643
213 197
398 554
505 408
263 545
721 223
832 613
115 761
637 349
679 519
577 284
868 869
409 97
265 581
12 249
586 397
877 233
465 406
867 145
761 41
213 320
133 223
61 397
7 300
833 385
126 133
639 103
553 433
565 193
493 540
775 325
413 193
649 341
333 613
37 401
304 625
273 85
482 401
637 297
763 271
419 409
527 324
40 703
408 337
706 633
883 343
199 314
183 25
817 733
657 527
193 390
85 726
257 227
251 253
658 787
709 307
818 399
292 804
193 129
199 150
319 671
741 256
361 793
211 424
462 413
371 39
538 109
1 641
2 169
801 13
611 877
805 81
505 361
301 61
285 181
229 645
217 112
333 753
800 773
545 83
535 453
382 265
607 779
160 877
517 877
745 251
199 193
781 802
136 577
85 738
61 553
764 761
601 649
385 703
293 73
368 647
409 287
9 73
157 697
784 249
75 751
681 100
499 299
793 709
519 37
458 205
65 716
433 417
824 426
9 307
577 460
673 835
634 403
737 471
857 82
142 521
481 385
265 864
119 385
329 153
217 521
27 545
649 93
205 391
144 511
105 45
487 193
45 124
205 83
754 85
326 867
777 791
856 186
17 454
601 739
869 673
549 307
653 751
341 627
329 853
882 569
169 539
197 303
667 295
666 520
746 629
270 745
609 417
701 121
409 273
808 495
640 317
297 769
497 41
697 821
543 225
775 833
373 526
102 857
442 793
733 860
796 373
721 31
888 463
734 55
685 57
145 353
398 526
87 601
643 833
241 766
561 257
823 533
181 568
781 301
578 659
167 617
733 805
396 401
281 265
561 405
546 808
89 175
169 790
826 474
113 307
364 863
655 708
545 371
1 475
408 250
96 160
529 442
845 409
587 409
657 485
661 805
511 865
52 859
297 71
841 322
163 325
449 365
633 832
843 172
475 381
281 361
853 225
443 519
209 697
41 153
500 545
145 838
880 297
505 283
603 841
292 452
433 877
465 332
235 877
421 65
457 817
13 749
719 871
72 445
1 627
423 445
64 809
445 235
683 847
223 217
725 273
323 361
640 585
829 855
538 371
757 442
367 13
217 457
717 721
541 462
1 14
857 241
649 343
517 194
700 479
97 718
697 736
325 403
721 638
619 535
434 450
453 731
485 409
145 399
87 633
571 569
48 239
331 367
263 561
781 885
877 217
267 180
496 811
205 201
337 38
601 637
301 763
704 817
219 409
637 221
344 721
861 278
745 238
670 433
695 766
310 212
415 174
679 593
361 871
673 649
8 788
226 289
604 773
149 409
413 445
593 556
391 73
643 565
193 119
565 409
725 883
652 475
418 249
661 433
661 649
570 884
16 9
471 880
537 166
617 745
327 169
859 839
604 181
361 125
489 48
48 553
371 497
838 329
249 682
740 385
805 385
778 39
601 865
406 550
151 145
329 119
193 34
373 627
261 217
209 809
862 650
415 679
11 244
711 619
543 1
465 865
298 157
865 826
358 601
616 225
385 504
377 419
861 643
749 783
604 459
327 881
613 138
378 417
679 594
233 436
541 529
392 679
858 113
409 109
589 841
223 9
553 53
556 767
606 607
217 307
204 49
40 121
415 877
498 457
232 85
69 673
124 285
14 531
259 569
593 837
640 565
313 346
205 520
433 89
757 777
258 811
713 369
789 137
97 829
809 133
769 14
727 22
481 505
785 683
396 22
121 821
313 684
721 751
665 795
130 553
300 461
811 289
601 145
631 25
470 857
665 458
523 229
571 873
357 753
205 475
590 710
521 47
410 785
745 561
277 709
841 441
666 622
442 297
745 152
535 865
542 169
585 305
647 571
394 55
785 451
9 560
67 80
37 793
537 769
197 161
853 440
721 315
181 129
435 97
247 601
376 169
149 270
117 865
97 144
565 585
253 774
338 683
733 13
379 761
379 151
616 149
457 655
19 265
25 640
365 152
364 297
605 421
292 808
268 807
418 353
594 199
73 857
154 321
237 205
673 777
94 430
409 203
193 223
97 871
583 769
411 637
773 445
412 502
354 247
483 51
569 442
229 669
755 101
25 257
202 338
403 457
529 177
103 268
431 385
449 207
337 865
361 563
549 786
244 502
89 544
233 502
247 139
13 529
31 280
868 145
49 265
835 481
805 592
313 121
1 160
253 169
301 797
724 43
238 265
160 472
383 685
233 585
121 649
643 318
593 561
390 534
79 665
508 1
625 173
293 138
331 291
515 637
601 841
413 865
427 269
854 217
127 352
331 282
547 625
489 745
340 260
301 519
694 750
440 765
529 839
535 179
201 145
881 887
841 673
229 169
745 859
384 541
334 365
881 705
579 373
601 382
781 88
133 335
763 606
418 849
1 147
647 529
367 631
797 536
725 822
321 461
410 73
217 562
319 252
637 856
217 296
4 217
689 838
313 847
881 884
529 341
187 453
210 209
805 531
887 355
858 817
574 98
36 784
259 277
714 359
289 529
698 411
241 545
157 791
778 697
433 857
409 333
822 391
562 625
235 512
553 317
42 508
819 231
541 181
459 169
737 19
739 423
413 697
643 265
808 223
298 265
173 609
187 233
793 172
461 471
297 529
577 682
400 81
799 543
817 121
461 449
386 525
169 181
788 143
579 314
664 205
457 681
137 367
792 542
165 276
660 32
625 813
437 442
609 327
792 824
830 573
221 395
83 397
529 733
598 841
317 370
433 817
787 455
369 719
502 208
265 274
751 217
661 481
730 535
287 421
841 761
25 139
67 589
257 331
303 601
663 667
658 751
310 57
859 565
157 201
287 745
221 490
809 441
666 145
75 157
303 517
539 67
61 177
73 725
697 201
397 47
13 400
775 754
297 791
457 637
338 730
805 313
159 727
881 293
436 477
667 561
393 609
685 550
505 721
297 551
324 106
125 511
461 859
833 313
21 197
433 205
613 752
691 61
490 329
61 151
17 827
764 731
667 556
457 673
293 265
309 421
233 553
1 283
502 801
499 769
110 691
295 850
847 756
127 185
259 785
153 253
871 809
881 640
49 281
403 719
733 705
37 667
211 629
685 809
817 253
322 127
685 181
612 361
169 182
505 141
267 289
718 207
136 821
579 481
481 586
693 509
583 334
705 89
18 489
312 885
423 663
859 346
875 103
129 757
201 25
364 779
97 351
541 785
545 445
469 714
433 229
409 607
61 745
739 377
1 607
481 721
25 595
493 226
537 847
187 351
630 770
505 276
439 583
829 436
883 676
9 313
681 802
3 451
681 451
691 198
833 145
225 397
826 683
721 192
807 541
97 113
808 721
661 793
373 681
97 121
406 85
144 187
751 543
842 834
177 450
817 759
645 31
221 264
457 506
854 109
19 313
390 49
433 751
7 602
637 775
281 637
25 850
496 462
187 616
43 148
765 89
202 466
457 405
405 517
403 469
643 733
499 607
521 425
797 100
217 163
9 70
853 555
436 501
402 859
817 209
777 481
685 219
435 637
97 566
399 209
670 681
579 103
173 289
151 194
617 833
375 705
871 429
469 182
114 433
883 70
397 169
21 16
352 211
454 52
124 641
706 472
