1084 903
1 2
2 3
3 4
4 5
2 6
6 7
6 8
7 9
1 10
6 11
8 12
9 13
9 14
14 15
10 16
12 17
14 18
18 19
11 20
10 21
14 22
19 23
3 24
6 25
20 26
7 27
21 28
12 29
4 30
16 31
4 32
30 33
1 34
23 35
30 36
17 37
22 38
4 39
11 40
16 41
40 42
3 43
10 44
39 45
28 46
26 47
14 48
26 49
3 50
23 51
39 52
2 53
3 54
34 55
37 56
8 57
55 58
57 59
16 60
26 61
53 62
39 63
6 64
43 65
56 66
7 67
36 68
11 69
24 70
2 71
26 72
37 73
52 74
40 75
9 76
31 77
32 78
55 79
53 80
31 81
64 82
6 83
61 84
71 85
82 86
29 87
16 88
44 89
85 90
10 91
59 92
86 93
28 94
62 95
93 96
67 97
4 98
79 99
11 100
88 101
59 102
29 103
61 104
32 105
71 106
87 107
80 108
52 109
24 110
38 111
100 112
84 113
112 114
38 115
54 116
116 117
117 118
23 119
99 120
56 121
81 122
76 123
86 124
79 125
113 126
125 127
35 128
14 129
39 130
84 131
67 132
18 133
119 134
111 135
89 136
80 137
77 138
132 139
2 140
124 141
12 142
86 143
49 144
143 145
82 146
32 147
50 148
116 149
55 150
38 151
41 152
142 153
120 154
82 155
126 156
51 157
149 158
49 159
120 160
116 161
112 162
128 163
40 164
79 165
86 166
113 167
35 168
101 169
105 170
79 171
166 172
26 173
36 174
102 175
168 176
57 177
4 178
156 179
82 180
5 181
171 182
127 183
16 184
36 185
103 186
148 187
117 188
125 189
48 190
40 191
76 192
157 193
98 194
37 195
36 196
61 197
67 198
145 199
3 200
95 201
56 202
149 203
148 204
142 205
110 206
79 207
102 208
171 209
111 210
51 211
86 212
82 213
127 214
203 215
148 216
28 217
55 218
27 219
190 220
17 221
60 222
31 223
219 224
177 225
61 226
25 227
163 228
175 229
64 230
124 231
202 232
118 233
220 234
130 235
120 236
232 237
60 238
53 239
108 240
60 241
205 242
179 243
141 244
206 245
103 246
116 247
48 248
180 249
153 250
104 251
60 252
111 253
5 254
103 255
219 256
88 257
222 258
50 259
250 260
225 261
100 262
248 263
167 264
3 265
227 266
258 267
164 268
136 269
95 270
139 271
107 272
195 273
122 274
120 275
156 276
107 277
19 278
101 279
37 280
94 281
281 282
46 283
154 284
216 285
236 286
109 287
50 288
282 289
182 290
233 291
136 292
87 293
195 294
82 295
97 296
28 297
137 298
247 299
259 300
118 301
225 302
254 303
86 304
90 305
280 306
159 307
213 308
156 309
219 310
220 311
47 312
1 313
166 314
60 315
178 316
162 317
212 318
130 319
71 320
192 321
176 322
50 323
157 324
49 325
112 326
135 327
211 328
42 329
252 330
182 331
134 332
139 333
18 334
65 335
301 336
120 337
155 338
237 339
112 340
197 341
299 342
116 343
14 344
157 345
302 346
320 347
184 348
278 349
326 350
146 351
101 352
240 353
153 354
290 355
43 356
167 357
153 358
252 359
106 360
13 361
43 362
89 363
79 364
281 365
280 366
147 367
100 368
85 369
52 370
280 371
350 372
154 373
356 374
333 375
248 376
282 377
244 378
79 379
95 380
84 381
141 382
58 383
226 384
83 385
227 386
309 387
78 388
337 389
251 390
268 391
342 392
46 393
325 394
120 395
392 396
325 397
177 398
51 399
19 400
345 401
233 402
64 403
357 404
147 405
66 406
28 407
210 408
192 409
133 410
35 411
55 412
369 413
289 414
85 415
157 416
306 417
69 418
105 419
348 420
87 421
146 422
169 423
238 424
211 425
401 426
217 427
328 428
392 429
352 430
164 431
373 432
364 433
146 434
24 435
159 436
249 437
431 438
368 439
174 440
391 441
125 442
115 443
179 444
371 445
143 446
406 447
243 448
211 449
213 450
103 451
451 452
25 453
268 454
152 455
340 456
214 457
187 458
303 459
50 460
140 461
288 462
263 463
268 464
406 465
362 466
454 467
368 468
266 469
276 470
434 471
396 472
447 473
92 474
341 475
6 476
376 477
388 478
279 479
234 480
128 481
281 482
354 483
128 484
344 485
448 486
210 487
191 488
366 489
137 490
292 491
225 492
271 493
249 494
191 495
33 496
191 497
462 498
295 499
310 500
367 501
235 502
19 503
345 504
376 505
417 506
180 507
314 508
454 509
15 510
414 511
160 512
512 513
117 514
64 515
332 516
370 517
364 518
118 519
11 520
50 521
284 522
297 523
29 524
295 525
143 526
390 527
355 528
63 529
451 530
492 531
269 532
117 533
18 534
489 535
459 536
34 537
482 538
141 539
381 540
15 541
537 542
489 543
333 544
346 545
369 546
291 547
540 548
288 549
238 550
190 551
446 552
52 553
549 554
4 555
6 556
118 557
441 558
537 559
45 560
190 561
501 562
218 563
315 564
474 565
461 566
173 567
247 568
157 569
62 570
294 571
130 572
18 573
22 574
120 575
11 576
152 577
280 578
542 579
192 580
407 581
207 582
130 583
361 584
531 585
539 586
452 587
310 588
579 589
515 590
569 591
342 592
437 593
14 594
72 595
97 596
204 597
487 598
495 599
561 600
570 601
18 602
6 603
236 604
67 605
26 606
240 607
37 608
97 609
389 610
339 611
358 612
605 613
113 614
60 615
17 616
207 617
484 618
94 619
348 620
574 621
148 622
511 623
46 624
26 625
445 626
605 627
291 628
465 629
112 630
98 631
610 632
167 633
28 634
211 635
542 636
397 637
476 638
517 639
70 640
605 641
391 642
439 643
237 644
76 645
424 646
638 647
595 648
224 649
344 650
361 651
443 652
43 653
19 654
52 655
271 656
182 657
274 658
136 659
141 660
355 661
437 662
156 663
122 664
317 665
73 666
598 667
99 668
22 669
427 670
490 671
201 672
116 673
452 674
597 675
571 676
39 677
187 678
501 679
654 680
430 681
297 682
496 683
79 684
26 685
521 686
305 687
288 688
66 689
359 690
207 691
325 692
549 693
200 694
540 695
483 696
181 697
51 698
167 699
354 700
245 701
465 702
379 703
300 704
526 705
535 706
112 707
310 708
133 709
23 710
213 711
238 712
369 713
427 714
548 715
266 716
479 717
563 718
639 719
474 720
437 721
396 722
149 723
527 724
514 725
95 726
361 727
191 728
565 729
190 730
185 731
534 732
386 733
304 734
124 735
561 736
595 737
95 738
89 739
308 740
108 741
659 742
309 743
348 744
273 745
228 746
38 747
16 748
686 749
109 750
518 751
620 752
518 753
117 754
12 755
51 756
544 757
591 758
141 759
138 760
135 761
460 762
119 763
508 764
569 765
656 766
402 767
482 768
107 769
148 770
269 771
266 772
483 773
426 774
119 775
41 776
566 777
162 778
452 779
383 780
183 781
291 782
579 783
295 784
671 785
138 786
99 787
579 788
550 789
1 790
435 791
73 792
178 793
434 794
324 795
10 796
683 797
657 798
28 799
92 800
574 801
652 802
147 803
27 804
202 805
526 806
625 807
168 808
672 809
340 810
331 811
419 812
294 813
330 814
554 815
234 816
471 817
260 818
326 819
201 820
20 821
409 822
539 823
95 824
774 825
46 826
107 827
336 828
582 829
470 830
104 831
293 832
309 833
341 834
207 835
165 836
401 837
33 838
349 839
415 840
143 841
218 842
248 843
251 844
519 845
257 846
739 847
49 848
101 849
430 850
759 851
276 852
182 853
262 854
646 855
450 856
194 857
353 858
166 859
443 860
135 861
255 862
448 863
764 864
406 865
702 866
4 867
29 868
620 869
629 870
145 871
684 872
12 873
841 874
594 875
621 876
258 877
639 878
681 879
389 880
179 881
53 882
300 883
696 884
132 885
2 886
552 887
477 888
144 889
753 890
488 891
530 892
50 893
695 894
379 895
653 896
170 897
373 898
229 899
34 900
471 901
754 902
340 903
619 904
349 905
412 906
326 907
435 908
348 909
433 910
577 911
385 912
584 913
125 914
734 915
174 916
866 917
632 918
138 919
288 920
335 921
20 922
671 923
716 924
908 925
509 926
377 927
246 928
314 929
379 930
515 931
576 932
490 933
866 934
705 935
72 936
604 937
656 938
29 939
816 940
911 941
641 942
671 943
38 944
604 945
881 946
239 947
302 948
28 949
517 950
351 951
56 952
503 953
254 954
599 955
727 956
807 957
45 958
835 959
324 960
76 961
813 962
891 963
472 964
793 965
572 966
657 967
311 968
903 969
313 970
72 971
741 972
789 973
130 974
91 975
162 976
439 977
300 978
702 979
911 980
971 981
537 982
34 983
296 984
416 985
641 986
73 987
725 988
717 989
753 990
120 991
77 992
298 993
888 994
706 995
56 996
165 997
25 998
184 999
997 1000
376 1001
50 1002
355 1003
393 1004
108 1005
730 1006
84 1007
85 1008
817 1009
417 1010
754 1011
248 1012
209 1013
157 1014
354 1015
358 1016
59 1017
200 1018
790 1019
769 1020
356 1021
151 1022
409 1023
1013 1024
923 1025
599 1026
205 1027
953 1028
188 1029
922 1030
253 1031
75 1032
1022 1033
604 1034
703 1035
650 1036
982 1037
231 1038
180 1039
44 1040
963 1041
637 1042
451 1043
214 1044
431 1045
68 1046
161 1047
227 1048
222 1049
245 1050
175 1051
742 1052
574 1053
870 1054
465 1055
655 1056
422 1057
363 1058
336 1059
306 1060
460 1061
13 1062
431 1063
339 1064
952 1065
345 1066
686 1067
1037 1068
558 1069
127 1070
690 1071
621 1072
1027 1073
569 1074
21 1075
526 1076
246 1077
176 1078
876 1079
805 1080
98 1081
901 1082
755 1083
441 1084
246 81 317 782 109 308 236 786 107 436 781 597 824 184 858 42 647 877 492 556 554 946 529 360 692 673 777 277 551 703 908 730 391 606 982 345 207 488 517 12 947 328 474 917 53 315 118 234 579 205 736 896 785 641 532 863 539 168 557 199 78 702 430 617 799 985 486 889 572 548 586 531 330 691 280 867 879 264 857 729 841 429 317 733 294 891 86 616 853 539 406 363 693 218 890 139 101 818 220 965 436 751 843 639 794 271 462 384 454 230 289 232 905 328 798 43 347 864 719 761 932 321 675 978 966 971 16 769 377 593 449 974 95 96 943 792 626 162 924 947 226 452 422 446 459 565 145 112 806 928 216 605 287 403 53 331 295 185 559 602 387 381 76 323 445 856 567 143 329 581 979 580 315 907 289 700 639 155 966 774 833 723 153 377 646 561 940 182 682 820 600 966 643 143 950 268 982 271 651 772 857 96 43 155 601 307 714 17 29 3 814 405 722 88 361 7 953 691 607 212 190 339 170 885 337 959 254 841 266 85 458 917 609 163 243 553 564 100 472 885 965 597 577 691 67 904 465 582 832 41 966 804 482 711 862 240 646 261 117 619 458 10 204 52 969 590 44 733 589 470 203 416 696 81 318 402 595 19 576 119 891 978 338 190 824 104 60 910 192 369 306 25 780 29 434 40 769 304 621 431 282 872 37 187 220 950 510 81 562 249 367 865 722 760 451 682 543 958 867 167 816 954 230 259 57 96 180 138 57 122 487 232 924 731 588 701 218 286 496 817 592 218 534 924 61 225 904 601 31 449 716 748 807 810 937 834 714 665 265 368 97 444 866 263 860 975 32 622 587 823 565 313 373 981 260 864 164 870 474 579 584 488 526 12 435 847 650 37 469 465 538 612 602 558 317 660 265 268 338 79 973 186 341 745 729 100 57 950 735 6 576 94 26 260 9 552 654 330 466 772 948 887 103 214 730 872 577 408 378 10 193 591 170 47 391 137 12 405 159 837 927 371 499 868 549 149 135 118 398 410 656 952 302 901 622 677 162 377 557 802 41 336 614 374 720 502 691 594 174 697 587 645 874 283 243 236 642 811 662 624 589 361 597 32 514 673 250 969 955 490 273 682 229 424 337 109 385 230 554 459 535 743 160 887 393 415 375 542 159 870 374 213 290 805 840 316 938 108 161 450 219 443 919 665 677 880 425 331 604 568 772 692 480 121 179 74 517 95 175 211 557 454 544 654 84 720 114 653 757 382 92 177 676 356 557 214 723 585 663 808 801 436 704 30 455 837 511 806 29 3 796 210 357 194 771 410 5 736 251 898 987 639 498 132 100 237 427 801 606 922 394 469 383 874 423 520 278 173 274 916 624 939 30 819 141 459 377 409 532 837 258 523 708 759 164 998 181 141 410 282 558 477 755 704 904 42 873 986 595 143 612 931 216 54 844 863 630 353 7 972 593 361 16 776 368 893 593 844 54 86 26 450 715 872 834 532 435 987 405 869 120 499 926 3 468 853 79 245 73 716 31 345 868 530 812 450 479 162 618 208 839 902 202 784 509 932 46 198 496 111 243 80 163 731 176 285 723 32 983 877 621 891 377 474 949 922 111 184 153 958 558 785 871 6 274 701 740 753 831 344 288 396 788 683 406 597 345 784 7 567 210 288 953 728 997 231 716 231 248 859 334 105 758 200 704 774 452 1000 273 935 886 73 529 251 80 215 56 827 370 972 631 858 59 13 119 273 561 183 658 274 200 969 799 467 586 540 801 861 350 489 802 510 699 113 84 436 566 291 921 883 50 785 51 888 464 900 230 847 608 522 549 754 119 788 386 411 201 285 914 580 992 824 624 317 477 193 569 526 567 375 944 502 674 16 707 531 538 110 998 42 856 672 846 425 28 132 840 275 787 611 171 596 43 670 868 397 293 664 49 291 578 404 831 619 18 224 255 777 728 113 735 113 354 986 222 765 127 895 666 361 18 623 757 459 574 538 260 62 402 574 570 81 968 696 189 212 953 58 568 203 731 928 49 894 173 975 331 767 489 751 734 14 123 584 462 841 298 948 826 360 621 436 94 601 48 582 922 455 303 396 964 808 42 112 916 647 873 311 743 79 594 220 518 545 825 455 367 1000 567 37 956 539 326 385 99 443 235 467 535 797 221 48 212 642 102 75 144 909 808 667 8 5 561 60 553 4 170 658 232 79 908 180 644 654 612 21 979 550 585 769 362 422 579 750 833 407 526 464 373 952 352 802 432 664 687 417 206 709 694 475 34 341 722 601 177 195 368 873 876 756 865 287 804 482 344 164 257 464 500 543 308 784 441 244 694 298 908 674 215 181 190 186 963 403 816 300 443 688 505 628 848 243 180 293 397 632 669 116 670 453 453 353 787 148 196 378 529 33 31 296 379 212 242 461 661 537 639 358 929 398 960 438 702 316 41 676 742 570 570 126 702 438 387 477 
677 53 947
950 455 51
146 134 272
654 61 330
883 306 750
940 949 166
762 580 692
503 57 399
1006 890 733
163 91 408
265 479 246
895 107 508
1008 985 891
127 12 280
604 313 540
781 63 492
602 176 678
684 940 97
156 686 563
320 605 285
89 359 164
367 151 100
681 270 734
979 111 857
870 798 281
649 286 160
628 970 79
757 277 828
652 1010 660
331 705 746
152 274 668
383 741 431
712 470 267
572 653 81
925 789 988
401 1028 596
1040 762 28
162 760 261
354 464 514
838 1064 907
631 195 70
519 885 760
404 684 338
919 26 531
452 172 287
317 176 444
602 59 705
74 170 923
901 95 464
809 1078 735
661 862 562
672 129 731
518 143 294
236 5 860
195 81 743
692 310 990
110 733 610
1028 519 891
393 230 564
185 57 834
447 761 140
1037 368 771
247 545 27
750 420 795
593 722 740
1022 469 493
532 172 675
812 931 812
191 189 417
110 639 196
528 795 91
936 646 390
80 638 390
922 876 164
888 838 854
709 708 685
631 519 738
769 440 272
663 542 695
97 222 89
402 1074 119
818 259 639
971 201 375
952 81 138
593 774 493
109 333 409
492 309 485
100 437 911
827 157 168
893 774 637
235 1043 454
1023 523 656
204 687 263
253 847 166
194 661 205
545 196 209
612 1038 991
708 709 504
94 429 661
366 602 937
35 233 1000
990 929 140
605 151 621
140 183 467
382 94 718
936 399 107
590 145 436
734 1072 387
969 15 395
790 80 330
850 176 621
624 764 885
761 944 875
1076 658 377
688 274 460
255 117 722
852 62 561
210 166 914
931 523 562
635 926 372
363 3 200
1053 216 392
723 737 365
391 287 420
820 982 749
1022 233 349
1054 396 172
86 877 553
537 601 395
31 922 872
448 637 531
356 689 515
880 200 223
381 95 261
481 173 946
144 159 23
367 971 61
783 119 390
349 404 210
431 938 709
829 560 11
473 587 811
217 438 3
187 606 711
694 986 181
1025 288 133
549 915 832
398 793 124
784 229 593
213 72 240
457 843 284
409 731 326
1052 654 708
62 16 762
460 412 474
545 624 376
716 670 381
576 415 590
218 1007 767
1043 951 443
1036 371 9
886 834 901
805 299 195
458 1068 210
1054 145 902
55 404 887
563 884 544
310 750 380
944 546 644
761 964 357
714 4 866
291 438 305
849 376 169
1033 993 370
409 104 536
504 422 704
406 847 701
680 584 331
161 1050 227
1 1057 567
66 903 285
580 761 644
14 700 837
965 415 532
952 274 372
546 179 364
19 1008 211
297 616 355
326 673 775
1019 572 162
83 214 6
345 270 536
177 852 336
409 1 209
426 1021 518
404 688 575
497 105 614
492 326 505
8 198 305
523 740 897
330 874 603
245 101 432
857 857 579
949 108 721
860 765 286
878 627 593
237 174 558
1054 823 967
659 711 314
462 895 10
16 36 477
156 850 628
976 1038 935
387 634 379
221 824 811
189 729 182
357 320 87
461 300 893
763 144 265
930 242 846
120 253 916
904 429 961
461 376 777
520 206 687
925 825 865
145 70 186
695 745 229
478 635 513
81 867 607
201 1045 301
1056 665 756
259 185 902
892 303 825
852 879 815
245 131 317
836 1044 852
295 186 377
625 445 990
854 372 276
660 440 876
454 958 117
125 493 220
1060 660 597
678 82 537
656 748 669
328 406 560
447 417 904
1067 787 973
457 771 198
497 637 55
265 793 349
781 971 687
752 322 84
990 5 347
839 411 376
1024 492 489
390 937 67
965 106 842
39 352 470
523 1070 48
462 287 120
394 790 385
201 310 64
845 414 228
477 538 646
521 1057 17
314 594 72
609 410 483
196 423 523
248 614 234
827 137 306
495 355 776
436 925 653
824 153 623
286 812 469
17 154 649
181 557 447
213 154 298
727 908 523
512 384 640
94 315 801
1016 538 936
480 935 501
411 245 73
652 282 926
810 113 839
1033 869 275
408 210 572
674 792 560
66 88 191
682 66 19
101 298 557
1060 721 65
897 749 566
278 125 343
199 277 442
499 410 388
20 984 631
1034 21 92
732 266 748
712 421 404
850 1011 693
725 50 672
827 411 282
1063 143 683
628 732 356
317 634 924
763 363 129
906 811 294
137 597 560
1022 189 180
1036 928 583
587 841 903
1026 20 865
905 62 715
681 993 313
603 1035 155
771 33 886
784 779 282
657 305 2
347 687 709
134 1005 561
313 291 602
994 773 71
491 510 652
156 825 276
201 910 40
7 487 849
605 31 280
1025 343 25
342 209 185
301 908 137
11 31 299
1060 971 663
791 499 575
183 732 978
1033 848 182
928 593 171
567 204 355
145 655 803
289 600 834
981 485 315
287 48 795
995 763 778
656 96 264
533 603 482
744 850 542
594 539 145
244 888 851
981 828 401
252 465 685
932 330 651
307 709 868
1019 177 826
324 527 973
459 929 206
224 77 150
650 43 946
639 517 547
714 861 23
507 1042 77
205 75 111
969 378 879
140 777 562
877 850 553
1040 715 903
266 504 549
29 794 952
684 889 807
28 101 363
996 364 408
526 704 382
897 259 826
72 1034 155
655 656 232
256 929 866
169 1040 93
703 974 275
84 734 557
289 359 584
581 886 621
412 111 686
512 647 341
75 271 589
925 894 69
224 515 937
822 453 442
887 436 699
921 662 970
224 726 402
15 353 360
280 69 742
725 42 209
555 115 649
269 1012 30
788 543 982
27 796 341
989 419 31
482 1061 75
335 601 29
174 321 734
52 875 5
189 962 292
828 336 626
66 693 22
106 10 904
837 571 923
540 486 526
978 821 278
108 490 972
54 831 594
1045 910 302
297 408 977
153 125 973
645 429 816
858 894 626
1056 391 791
250 676 389
292 178 579
144 860 173
431 1006 582
261 323 162
86 800 687
344 1061 285
355 827 788
808 76 406
478 111 983
426 447 781
867 31 440
559 802 893
186 1053 274
170 345 536
310 976 282
625 280 18
866 1036 703
26 1025 487
1080 801 847
567 1046 10
306 911 244
743 262 407
911 716 226
146 10 684
745 857 276
111 542 628
772 486 960
247 407 960
987 890 15
815 486 74
458 555 499
1004 323 991
1014 826 975
732 80 836
631 1004 522
173 914 139
115 372 840
560 220 973
385 141 215
694 734 1000
877 686 104
542 546 391
583 1047 457
95 712 266
127 166 136
702 158 2
292 978 291
18 527 96
530 296 594
899 310 966
71 979 253
548 828 384
194 345 747
685 621 428
368 276 490
711 567 996
626 368 251
707 429 937
910 645 978
934 448 501
33 907 323
660 1022 747
530 770 105
298 873 327
639 697 246
876 127 553
83 128 695
992 1034 709
779 894 771
758 125 789
535 933 266
515 620 53
206 263 322
420 370 205
45 150 601
320 378 317
976 58 598
27 113 761
1056 228 282
507 657 480
1070 1052 243
864 379 255
451 23 792
16 84 99
1060 13 320
210 103 477
309 426 373
682 608 340
40 772 423
689 721 261
51 819 38
823 625 613
43 836 458
702 672 199
908 460 272
197 909 829
955 191 264
684 95 771
545 91 837
199 599 943
261 157 609
703 294 525
93 1018 236
487 267 806
412 540 286
576 105 894
903 318 376
978 820 216
822 278 469
169 220 583
102 1081 991
601 378 489
333 122 420
645 232 360
400 146 383
1055 582 691
45 26 28
334 285 946
178 705 164
436 334 460
712 901 720
724 552 521
231 1018 677
141 1022 776
942 501 782
437 1043 717
456 578 808
79 520 936
207 135 461
908 563 826
708 848 747
145 906 307
666 595 352
1083 182 174
1075 577 101
308 378 738
828 238 970
653 834 554
904 15 421
274 937 985
340 89 196
667 432 276
414 174 602
891 157 757
212 1011 915
185 853 643
794 719 10
278 389 88
128 306 109
672 421 196
320 601 295
1008 365 644
574 106 630
362 201 684
919 330 102
396 98 630
70 30 597
1029 431 326
610 195 274
823 213 705
931 207 757
436 503 406
39 599 826
374 1039 959
678 358 945
102 269 231
482 572 591
432 158 411
741 920 72
445 204 865
491 1027 673
943 670 114
627 1073 402
654 394 614
704 346 49
957 543 690
975 898 546
818 378 655
530 599 954
500 533 682
622 735 140
185 48 858
305 974 949
6 160 723
857 832 361
41 352 910
281 330 514
133 698 743
606 938 849
414 324 553
362 500 446
462 329 665
878 757 864
627 623 88
952 869 305
1059 965 988
236 71 437
232 727 464
208 925 576
795 314 463
820 1080 847
1038 513 164
50 724 435
1 7 17
194 96 817
30 1020 343
584 637 415
452 335 9
769 397 919
926 167 229
858 972 167
242 915 256
1010 262 178
429 1059 300
606 465 294
282 592 843
830 35 913
506 328 175
82 838 249
11 201 378
235 214 353
703 818 430
192 800 779
606 48 958
761 738 518
978 611 799
626 837 17
647 609 642
288 414 282
532 584 73
974 916 216
659 643 312
108 472 574
913 868 602
988 45 75
669 811 39
143 183 880
207 1000 15
566 35 66
27 426 514
702 794 900
870 652 851
555 436 592
386 987 292
361 215 613
228 113 627
428 665 411
765 40 458
148 271 846
389 695 344
787 1002 242
142 619 729
220 818 333
441 29 189
892 599 482
858 301 40
163 861 712
205 1055 820
1013 95 858
538 1027 401
192 203 346
583 140 299
717 111 816
786 1021 684
362 613 23
1021 781 988
565 591 795
1034 658 219
907 482 367
609 44 612
142 481 515
654 703 12
11 894 376
478 409 667
506 663 77
682 156 964
331 645 247
661 901 678
957 450 364
206 1053 568
252 187 440
793 656 401
42 291 493
338 514 378
170 98 420
180 349 103
407 1021 674
398 769 609
389 440 996
920 440 318
845 227 323
253 566 368
897 478 900
889 967 117
36 196 663
87 999 851
630 39 521
452 324 481
317 285 393
216 333 991
92 785 229
251 562 392
789 114 793
466 143 929
56 765 27
718 1082 869
1037 979 536
81 543 609
827 330 287
78 801 797
443 813 432
433 930 487
213 285 304
124 655 448
21 1000 836
360 228 909
21 538 656
992 610 411
739 227 228
59 559 743
531 545 411
31 564 349
622 1062 740
591 534 112
1022 910 319
802 333 472
338 139 798
891 210 167
843 378 420
764 1057 361
140 963 501
535 420 481
58 940 596
838 473 347
1041 274 76
669 62 159
664 903 21
693 880 304
406 538 711
240 227 258
9 1012 348
753 876 64
1037 277 576
187 892 838
484 903 996
432 364 943
1006 169 700
7 493 764
468 929 184
289 917 858
798 320 464
340 440 532
224 13 22
169 628 553
536 579 38
224 368 130
933 484 693
442 1023 346
929 774 637
425 129 758
302 186 560
74 516 28
366 1033 352
512 374 514
580 262 931
167 981 435
924 174 62
966 523 751
536 63 86
401 241 940
988 576 178
842 837 337
207 992 688
559 889 296
618 658 276
943 411 20
976 734 174
730 603 461
963 331 584
608 914 846
119 617 860
1082 228 154
50 1028 917
977 607 606
236 276 451
523 145 923
471 1011 209
437 884 308
674 68 213
16 183 389
680 471 651
169 641 834
26 366 341
302 637 235
1020 400 474
38 1032 842
1019 292 411
1043 474 658
1020 553 893
382 679 225
835 775 438
636 754 329
174 479 114
187 456 500
170 1042 434
1048 702 581
384 129 923
5 958 282
474 230 212
426 677 698
55 589 349
774 555 754
1007 580 877
897 448 285
785 944 804
1035 749 446
1044 530 44
586 113 106
748 820 844
632 189 766
866 586 711
253 230 593
446 797 689
591 809 377
992 423 419
420 757 389
144 123 530
534 25 377
411 706 314
541 283 983
151 271 393
683 845 717
514 233 853
83 572 680
966 297 526
952 469 796
653 70 426
204 702 205
262 988 125
510 181 880
1062 22 48
564 448 471
1050 211 158
489 447 481
164 27 369
688 170 435
1017 775 860
485 570 539
416 399 471
151 174 870
881 556 600
1000 436 250
473 850 963
141 857 76
65 109 118
900 26 220
135 785 474
292 522 715
647 2 713
206 858 726
287 152 329
496 846 579
947 553 371
48 766 371
1081 490 131
486 913 552
139 737 488
587 48 969
70 540 72
434 721 730
1080 314 475
741 393 150
783 924 873
571 185 483
151 117 305
1017 991 483
461 297 113
1004 588 594
996 433 197
207 845 223
751 522 894
157 122 568
235 3 500
342 572 270
458 223 849
