1994 3996 6 678802 192172
772 612 496 692
298 267 144 442
950 820 376 578
1280 1582 501 656
1474 813 249 377
1595 1288 128 202
550 1642 350 440
1745 772 301 459
1655 1070 506 539
1198 772 368 546
1672 1821 320 557
1688 1763 584 685
190 1581 574 626
252 1932 590 825
201 772 388 542
1611 772 404 685
1837 139 291 589
1091 819 267 395
912 1130 100 324
1062 772 113 205
93 828 170 171
735 263 12 236
107 21 384 679
1512 1599 203 334
1507 772 394 403
772 765 212 319
772 1187 100 392
772 1444 575 592
348 931 555 600
772 1553 477 774
1204 1524 222 342
307 772 416 501
772 1629 391 610
772 1645 227 471
1956 772 445 614
1477 772 566 777
294 772 299 560
772 722 483 765
1645 772 543 627
772 418 57 131
1749 295 143 266
772 1938 259 334
772 52 339 550
772 494 325 347
772 629 384 649
772 1586 453 499
772 1276 166 368
79 847 47 96
1549 772 291 358
98 479 7 288
815 833 280 306
772 800 86 235
1174 1115 454 514
1605 1604 316 430
1515 407 563 602
772 986 432 474
1409 816 259 307
674 772 274 278
1095 440 307 554
1246 772 575 660
772 457 423 689
772 499 583 645
1041 1187 386 649
509 1942 278 574
772 1110 448 618
1726 746 479 550
609 772 474 666
1491 620 541 630
1900 202 245 336
1646 772 418 594
772 392 60 300
1433 552 169 367
1785 157 254 366
1120 1177 299 384
1619 53 398 528
772 616 18 287
949 379 72 295
978 772 171 428
1057 1624 508 756
1636 772 589 785
274 374 321 323
1459 85 290 328
59 1962 570 789
1324 502 339 472
1441 1543 59 137
772 661 381 459
1518 772 52 55
772 922 550 848
772 315 126 285
1354 934 114 319
772 187 366 637
772 1592 468 708
772 195 403 576
1095 772 6 31
772 1350 460 756
371 19 595 758
412 1043 63 249
1951 1570 299 592
1800 19 528 812
1430 330 187 255
1051 63 288 567
1782 772 96 97
1334 772 529 778
507 772 456 468
1954 1514 143 202
1736 1454 463 703
158 881 243 341
124 993 167 170
772 1480 59 133
772 1226 570 755
1986 357 384 509
772 813 462 663
539 772 217 232
985 772 89 231
1116 680 420 629
872 176 432 730
776 394 112 135
606 1762 581 635
690 772 28 179
595 772 180 215
1159 772 456 684
1545 772 530 611
1937 976 97 317
772 626 514 670
875 772 360 573
772 177 551 608
731 492 191 467
557 1435 487 595
1897 772 10 36
1701 1932 87 92
1080 772 83 221
219 1786 81 251
1675 772 98 341
433 529 385 391
1195 1539 1 166
928 1881 113 237
772 1045 79 151
1565 207 80 358
591 772 341 377
772 412 278 515
77 772 421 458
131 1017 180 193
772 542 497 676
772 334 596 719
1752 1375 128 255
772 1242 94 184
1489 483 293 348
40 772 183 449
1940 1592 97 150
1597 772 568 672
772 894 185 435
930 1553 557 638
1123 772 485 696
644 772 440 589
786 813 34 54
996 230 199 270
1689 544 558 571
1981 772 131 296
724 1993 311 588
1118 772 195 455
407 1254 471 732
269 1872 272 507
772 164 155 346
1278 656 63 249
1990 772 44 92
1266 1281 218 244
1505 92 399 430
87 772 475 499
1054 772 126 136
79 1337 140 210
143 1959 202 312
894 299 384 407
1115 473 2 247
360 772 126 411
772 97 273 533
1404 885 498 545
740 212 65 148
223 1107 508 646
1892 1659 494 580
1579 772 284 476
1883 400 593 680
772 1915 101 318
1528 1696 309 450
249 772 133 347
1826 1892 97 292
1161 772 411 590
772 1939 499 692
772 83 468 689
772 1772 289 520
1199 1314 556 596
772 511 555 655
1505 1580 547 555
1623 1789 191 355
32 772 424 456
1589 772 373 471
1191 1071 473 553
992 772 584 653
772 1981 319 417
1017 1632 510 668
1067 562 498 710
772 164 538 793
1515 1243 5 154
544 772 437 658
339 772 425 438
92 772 541 571
224 14 320 386
1724 473 419 680
772 1013 9 273
722 772 306 527
324 1696 556 644
1835 990 325 434
1741 772 181 408
512 1770 205 379
470 1967 485 779
1448 42 16 284
530 1810 402 637
1711 1263 117 392
1144 1962 425 718
1255 772 59 355
217 1389 482 601
580 1522 17 95
772 1182 114 389
419 1698 438 448
772 1386 562 653
1642 1100 472 477
1715 1475 527 808
1649 772 186 214
914 1591 415 703
1079 772 290 567
772 359 353 487
1007 1091 149 215
939 772 462 639
827 1572 452 624
772 1936 355 511
1767 772 568 726
1552 1321 148 328
1705 772 84 289
403 772 544 660
741 772 560 844
1252 1679 256 341
119 772 91 195
689 610 254 416
345 772 512 681
790 69 129 153
597 1512 403 469
1628 1573 437 642
1633 772 406 408
1094 1647 113 375
772 172 155 346
1757 772 90 176
1158 836 321 619
1445 772 120 349
707 772 33 59
742 1475 226 442
772 1840 305 547
1945 1027 593 609
72 772 245 379
337 772 410 486
490 772 240 501
772 1616 481 564
772 959 51 120
1272 772 280 443
54 1414 343 478
27 1400 334 524
1366 1504 584 649
692 829 436 651
772 1245 287 583
57 234 547 768
772 977 132 404
1008 904 262 416
124 1432 493 790
1204 772 382 633
687 772 524 702
821 772 459 560
1383 1279 88 236
188 772 214 328
772 101 55 307
772 1522 264 487
923 1783 45 210
84 772 114 167
772 1455 583 695
921 1893 286 319
1046 1233 489 740
772 1857 87 297
1436 372 508 757
764 772 47 262
939 47 581 705
1451 772 81 157
549 1368 518 664
1420 1012 312 518
147 886 53 261
542 416 181 246
1161 1083 333 456
633 723 132 419
772 932 202 263
227 769 346 503
1192 772 442 714
1592 772 107 336
1168 1216 278 513
772 1568 490 556
1432 597 250 394
1079 754 275 322
772 1481 422 496
1889 1701 259 312
1182 1933 205 484
772 853 558 566
1947 239 458 667
181 772 4 182
1333 1727 447 557
319 967 568 726
1437 315 424 709
64 1081 559 590
772 1915 345 500
772 291 539 773
772 542 358 445
772 432 581 775
772 1601 578 640
869 1346 120 129
1812 1747 215 428
1032 1791 372 385
1255 796 206 448
363 772 97 258
1971 462 535 675
617 1655 368 658
772 1837 435 624
1306 1245 197 262
143 490 589 667
1717 772 124 284
470 1262 356 364
1838 701 31 299
772 184 596 634
1857 407 550 833
772 1675 310 475
1913 498 66 315
772 719 91 353
1222 1020 446 509
1970 1400 384 501
1716 570 369 418
772 957 481 719
772 1345 296 316
1550 772 408 493
1229 1366 121 360
1671 478 183 422
1865 416 299 325
780 859 148 331
42 772 102 160
855 1886 416 431
1427 633 571 728
239 361 270 510
537 19 113 121
1537 1632 415 696
1616 1814 22 96
63 1750 585 798
1679 1363 208 374
650 772 351 640
672 772 291 522
1717 720 93 345
772 176 184 365
772 1044 41 172
38 698 67 277
1141 1542 78 166
772 836 521 702
562 772 376 660
772 1085 254 402
1913 671 553 754
936 1959 320 594
526 910 465 571
539 153 331 581
711 772 400 521
1251 931 326 391
1425 1516 313 326
60 772 366 455
1376 772 247 383
1842 513 398 675
1082 1411 419 586
772 1633 370 526
986 772 31 242
1423 1092 175 202
1818 772 288 306
1370 1070 93 366
1638 260 298 327
1879 772 73 350
784 772 212 246
560 772 31 174
772 612 75 238
772 1533 574 833
772 985 208 369
283 880 527 570
138 1578 144 365
11 209 463 535
772 1348 435 696
772 991 547 766
559 294 121 417
250 772 195 494
1253 772 511 695
1377 729 542 829
939 76 533 643
913 772 313 462
975 772 228 480
1708 1336 155 440
1700 442 566 843
493 1823 334 363
772 1577 136 162
240 772 305 353
772 1434 175 388
772 1197 471 631
1566 1722 100 397
482 772 584 687
799 772 30 236
1548 681 100 104
83 884 389 516
772 1900 347 412
1207 199 158 272
1834 1237 279 473
1469 772 110 241
1081 1625 272 564
1132 1943 346 490
1992 894 359 366
1163 98 527 682
1546 772 508 686
772 1804 556 604
772 869 305 450
975 1966 126 296
1405 489 439 649
1911 1368 400 437
714 772 418 580
1867 1647 178 249
301 438 86 155
1369 772 152 236
602 1969 184 218
467 1818 428 690
1133 1087 459 714
209 772 575 582
772 368 310 523
1158 1101 118 282
1989 772 193 426
489 920 399 407
1549 1423 596 611
1072 1085 304 356
1497 1170 167 345
576 772 586 803
377 1595 153 281
1339 5 93 99
1847 772 55 336
619 518 472 616
402 677 328 370
772 1513 494 752
1321 729 365 551
7 772 498 691
385 1895 472 697
155 478 336 427
1903 65 179 384
1612 1728 253 374
532 772 479 775
371 772 417 647
641 447 236 444
1932 1303 503 645
757 772 372 508
751 1255 403 658
67 1993 160 323
1780 772 537 788
585 1902 427 628
999 772 522 552
197 989 196 398
503 772 243 304
407 772 130 400
772 210 238 386
1645 183 581 637
772 261 41 272
772 1292 593 796
772 594 548 616
772 580 592 701
1003 1014 574 720
244 772 583 870
772 1891 7 170
772 559 493 611
458 772 313 466
685 1955 369 439
1801 772 108 379
772 1894 474 708
1685 1046 61 132
1477 1220 43 286
1514 772 156 325
1859 1538 342 641
1296 642 539 590
1964 1275 6 218
772 1983 215 230
772 484 191 199
772 1540 26 300
789 411 512 716
1038 668 44 157
772 1323 343 450
432 772 112 270
907 772 392 594
772 1232 531 805
84 1362 237 417
1973 772 561 640
390 1375 486 682
136 772 484 781
772 1769 390 443
1011 921 445 455
772 476 84 115
772 1442 439 622
772 1201 131 172
772 1911 217 435
33 168 367 442
1416 1094 537 752
772 1255 531 765
75 403 245 541
772 484 85 158
1826 7 209 508
1233 1568 514 558
1326 1233 185 380
1133 772 295 543
1194 104 511 579
1825 772 461 644
772 104 386 514
1350 1132 546 682
772 351 518 806
58 772 1 214
139 772 547 828
772 1165 534 624
222 772 230 414
772 1473 471 503
1380 772 376 563
1877 1410 341 343
1617 515 128 141
772 1044 489 608
772 314 485 633
1192 367 422 503
772 207 521 752
1436 234 56 158
1625 461 341 557
1303 772 579 804
1791 1136 302 318
772 1634 264 339
78 519 67 78
1381 772 70 319
1976 1704 156 199
31 1640 329 450
1411 426 430 487
861 772 405 684
1414 478 540 732
1435 194 459 594
772 1012 121 377
1204 240 338 445
1362 1268 256 544
772 482 384 450
772 1809 160 306
1284 785 267 498
897 1763 498 583
517 1930 597 696
1512 772 155 171
1130 125 310 426
1157 904 265 520
1631 969 297 329
772 1797 461 720
772 1697 162 456
593 772 158 181
524 29 80 326
1699 772 14 254
772 564 422 707
989 818 63 83
772 184 257 547
772 84 485 610
376 444 435 667
772 1505 153 200
1345 772 403 611
772 376 115 373
164 34 323 581
661 772 313 321
1201 610 149 341
40 772 468 526
1381 772 217 400
1101 934 199 492
576 429 53 172
772 205 36 161
1033 589 258 433
580 1984 423 467
1692 1264 103 250
24 772 41 59
885 640 334 448
772 1598 397 663
1173 772 198 230
580 1530 214 420
772 530 405 471
523 1923 359 599
1564 1034 144 426
1320 1330 4 107
1673 772 142 357
714 855 143 366
772 649 546 585
772 955 583 864
796 1425 10 204
1666 261 339 443
1114 667 582 637
1425 936 135 433
1437 139 297 394
772 1089 270 405
1477 772 427 613
772 499 175 297
772 1290 574 764
1317 772 151 340
680 1921 102 310
772 1599 274 400
772 1989 418 448
968 1764 555 586
1336 671 151 163
1846 772 213 370
480 815 158 204
1051 276 360 429
1974 1964 144 409
772 1239 162 210
1123 597 398 402
772 229 386 661
1474 1386 145 366
871 772 135 226
14 772 479 732
1546 1221 308 526
700 772 387 514
1242 772 596 741
603 1213 220 251
1491 1531 131 222
1221 772 574 734
25 1202 566 728
772 166 293 316
360 1014 187 464
772 295 446 685
1332 385 328 546
1782 288 542 742
343 1862 221 335
200 772 212 311
1299 1527 488 596
1060 772 322 576
772 28 135 306
1058 772 418 710
1591 772 477 509
1953 1073 446 565
772 94 277 346
772 1430 234 275
1438 772 396 507
772 23 278 548
772 1329 4 61
38 1197 88 268
1170 436 1 36
1556 883 212 327
1079 1887 545 551
772 1223 556 777
991 772 174 194
772 1544 201 427
172 197 330 396
772 1108 327 451
1374 772 23 154
369 1301 496 752
772 1564 586 674
599 772 23 314
1782 1785 316 584
772 824 90 328
1066 933 347 353
279 1509 577 608
209 772 380 435
771 772 269 300
1854 1977 56 322
774 1748 332 563
985 65 507 802
1159 1034 342 560
772 1169 511 602
120 772 66 312
707 1471 188 370
545 772 259 426
1212 772 81 366
772 95 142 250
168 667 541 600
772 1732 562 737
1925 1122 131 222
831 1352 233 487
142 1104 169 382
274 1378 247 497
772 203 162 286
772 1042 234 366
910 1297 288 490
1029 1212 135 433
1986 1315 193 272
1475 772 1 106
772 1689 244 245
1712 162 428 707
1002 212 49 289
772 1632 247 419
1007 1266 206 209
772 327 117 262
772 1181 254 308
1689 1562 115 388
659 1047 573 773
772 1110 449 641
772 1556 286 416
1891 1565 464 715
772 1263 329 615
1629 782 576 820
772 1498 319 444
1306 1054 446 487
772 140 498 506
1915 772 476 570
775 1203 382 536
772 1192 394 608
772 142 337 581
1144 772 249 255
948 776 488 632
228 14 427 537
1125 290 44 152
838 1351 270 488
1943 772 535 705
772 714 169 281
1229 285 480 668
357 820 221 308
1216 772 108 141
1241 1435 218 507
1645 772 443 668
295 772 64 231
75 772 414 468
772 34 237 325
1876 671 23 125
1914 595 518 733
413 928 505 740
598 772 225 421
772 1067 25 62
972 1439 360 435
70 1594 561 690
772 229 142 416
199 772 295 562
493 772 431 588
772 1350 160 194
1215 1755 284 380
1802 663 401 618
1671 772 162 192
772 1303 259 448
1372 512 183 278
1787 891 446 566
48 772 169 304
453 772 408 541
169 1348 402 486
442 187 61 63
701 772 264 265
772 1151 543 742
215 1108 329 572
364 403 161 210
1154 772 31 126
772 593 446 717
772 914 100 337
1508 1050 254 392
1519 87 552 796
498 772 562 699
1201 1038 44 226
772 1185 269 491
372 1050 379 447
1368 772 150 321
772 97 319 586
772 475 136 299
1223 351 523 567
772 1705 469 528
556 692 524 542
1589 599 115 184
1310 772 55 299
772 9 239 390
772 1361 374 379
1564 1434 414 469
772 739 516 557
1756 772 591 847
989 492 249 483
1723 772 209 285
772 901 288 474
1418 1973 134 344
423 772 508 750
772 510 484 766
989 1783 281 430
772 898 21 206
638 594 428 455
1485 772 261 377
1939 772 348 592
1155 772 304 551
1014 113 38 107
1577 772 212 410
264 1246 590 592
13 772 176 387
8 1232 397 650
6 772 58 345
402 1219 401 446
772 1646 197 327
1560 772 545 731
693 1399 427 562
1043 891 475 486
1309 730 172 371
790 1909 371 392
1558 772 135 262
1909 772 5 284
414 1777 169 426
1060 84 313 477
338 1940 54 243
1107 1060 553 682
202 772 170 435
887 772 592 612
772 1611 239 461
842 410 318 450
772 1731 469 742
54 810 521 673
772 1925 550 593
9 772 567 602
772 1111 192 409
1595 1523 159 359
772 658 538 803
1370 772 233 282
772 703 421 573
1095 325 218 283
1968 145 6 276
42 1610 246 484
1131 772 103 265
294 904 193 283
772 366 367 523
426 1842 254 419
721 1525 2 55
1652 830 390 614
1780 772 296 401
1504 984 522 551
1138 772 334 533
1278 772 203 343
666 749 66 208
866 999 229 405
772 403 553 760
772 1327 140 327
772 1303 481 685
1575 709 464 698
1878 772 105 403
405 1936 277 392
4 1609 479 686
482 242 441 457
1600 772 554 654
772 1766 8 294
1210 772 441 601
274 599 429 550
1779 493 123 419
1830 772 439 625
1837 772 125 353
482 772 246 501
772 781 592 829
190 772 319 503
1789 772 321 473
1613 772 547 649
329 978 491 630
1323 911 206 432
1251 772 139 268
62 1845 356 545
666 1381 387 606
1620 1400 266 439
535 772 426 546
100 864 182 371
488 772 236 365
772 503 497 577
1919 267 458 476
305 1735 466 613
1743 1932 220 412
1847 772 296 414
841 772 57 158
1709 274 296 318
772 768 447 635
1786 1287 373 439
772 470 106 244
1242 417 10 58
498 772 488 654
773 1582 337 586
1192 772 26 37
1394 620 32 260
772 1770 59 99
548 21 538 650
306 1099 416 426
848 1128 72 223
576 513 559 848
772 1760 221 283
1811 772 520 779
330 772 369 531
1307 502 353 354
1050 1223 22 54
196 1347 346 422
957 395 326 433
359 1492 413 697
1732 636 223 471
1222 772 204 433
772 636 198 332
39 772 304 402
772 1617 293 403
772 1023 45 265
909 772 161 349
187 1729 8 35
1480 1659 365 566
72 772 379 517
1568 772 25 171
625 772 257 400
90 734 5 98
1063 443 285 340
19 1926 335 588
1121 772 226 300
38 685 266 551
1955 652 368 575
772 817 265 364
1914 637 143 194
1923 772 167 227
1893 772 459 579
1517 1857 6 159
772 1169 134 209
452 369 306 412
737 111 44 217
468 203 270 470
1991 324 378 560
1364 772 258 338
772 199 58 172
772 1690 207 288
1564 441 211 342
970 772 438 517
1926 1859 234 387
102 1809 400 643
1740 772 277 526
772 629 231 510
1890 1755 191 385
772 274 207 490
504 923 247 485
772 1719 258 318
486 1563 259 489
771 450 420 674
772 677 433 706
772 1402 241 257
772 68 183 340
772 1309 187 368
491 1244 527 543
712 898 26 64
411 1407 16 20
772 479 558 645
1414 1418 405 696
1056 772 581 745
1 940 2 22
989 12 449 578
643 772 94 179
618 415 564 763
1703 1781 348 369
1633 772 369 471
1587 658 13 99
1277 772 130 274
1897 978 470 550
772 49 165 272
1125 578 153 332
272 165 426 669
229 212 285 462
1145 1034 96 335
772 422 338 455
160 1750 367 603
1279 170 481 584
1373 772 226 298
353 1672 375 616
342 772 368 526
1169 772 513 794
1984 772 151 270
1335 1510 180 354
772 1009 288 583
1966 772 472 586
1901 1255 32 133
772 1020 376 648
867 772 338 566
487 338 449 523
1693 387 348 623
1847 634 481 502
518 772 503 506
772 1975 151 391
474 1342 142 340
1385 755 237 455
377 772 481 483
205 1131 136 285
664 1562 445 575
494 955 14 282
1267 610 89 192
1324 1429 43 120
1395 772 403 459
472 827 393 563
772 681 51 298
176 656 296 543
1751 772 12 126
1878 85 65 229
573 1264 205 246
948 230 133 163
64 772 342 567
1729 772 219 338
772 1674 489 726
1960 1242 543 752
1481 257 466 589
1724 249 319 492
1309 1125 283 492
699 402 416 587
1965 1011 571 768
1193 772 27 81
772 1119 174 183
204 772 433 571
1310 772 380 498
123 772 493 525
170 772 109 157
326 925 24 125
772 1201 232 456
772 73 492 578
772 1971 400 539
1703 1707 382 448
1178 772 476 767
772 483 263 337
1909 733 168 300
550 772 542 672
297 1535 239 289
101 570 480 761
1236 772 485 567
1919 646 535 594
126 1908 552 633
1900 52 408 523
935 1075 577 837
1357 360 102 399
1244 1299 483 703
612 772 177 321
772 1477 477 711
1589 1229 26 196
808 715 330 590
772 1427 247 452
282 1642 161 361
1657 1124 521 643
128 772 459 571
772 1306 465 709
361 1651 375 398
1344 596 1 39
162 772 121 376
1888 1801 400 591
626 369 306 432
1461 772 441 637
987 1691 26 279
772 977 504 729
772 904 161 339
268 772 358 639
468 1564 120 235
1642 62 150 389
1539 1691 399 651
1753 744 172 180
508 772 132 157
1358 772 377 490
772 348 83 221
815 198 295 461
1259 1503 170 409
772 359 456 647
1238 1263 107 127
601 772 2 254
772 16 28 258
1820 1299 375 635
1570 1459 127 197
772 1862 108 201
2 772 497 595
1992 1660 124 304
772 652 36 236
772 427 230 528
1079 971 424 632
1681 1589 89 288
691 772 33 247
1336 1843 558 640
1605 772 76 145
422 1369 339 412
772 606 120 121
772 625 450 532
323 229 137 243
1127 1929 359 517
1138 715 183 425
199 772 478 679
342 1267 135 404
772 1437 107 108
341 1612 75 282
772 1071 96 107
666 772 122 410
1528 770 474 503
716 363 235 519
1205 772 227 480
772 1463 40 48
772 439 514 700
1510 772 358 648
1469 772 290 537
772 120 509 714
1582 1348 310 593
772 267 292 389
1284 772 594 657
454 772 231 454
1530 467 246 287
687 974 154 394
772 587 216 265
772 171 346 516
303 1683 198 293
614 772 313 581
1032 1314 533 744
568 612 510 758
1214 772 464 499
772 552 60 226
772 1915 401 623
772 661 91 383
1784 776 447 522
545 772 171 469
772 1296 152 296
39 772 441 725
772 1779 274 315
1299 772 153 338
772 139 409 618
523 1618 214 269
1786 305 314 543
1262 1708 534 666
986 1525 232 379
997 884 282 334
772 594 330 524
1605 525 506 607
772 437 20 181
876 335 363 644
1119 176 347 596
586 291 529 580
104 772 1 243
839 772 96 175
986 772 445 631
1746 772 313 327
1394 772 202 219
177 800 26 202
478 772 325 338
189 1641 330 578
334 772 223 275
772 1742 190 226
772 1120 59 240
949 772 545 632
1863 772 307 446
1208 1938 44 90
489 464 183 284
771 772 186 337
772 476 196 361
772 1437 106 180
1603 772 452 527
759 1819 106 114
1945 1393 387 404
1245 1273 365 605
1171 826 336 347
695 446 122 142
772 1187 316 560
315 351 1 28
720 1724 369 495
897 8 96 294
772 916 598 740
563 772 446 519
411 772 599 802
1844 772 4 111
772 1518 94 199
772 824 245 286
423 1094 431 696
113 1276 33 319
1351 933 155 347
940 1407 540 625
688 872 539 738
534 772 535 705
1662 1325 131 284
1270 670 405 632
772 1674 102 109
1709 390 480 671
1849 1213 394 432
510 635 444 513
1426 173 309 579
170 1331 14 37
765 650 40 245
1801 392 373 507
845 772 73 261
871 772 74 187
333 1646 555 749
1176 1434 47 200
772 567 208 244
772 1212 459 713
260 772 573 844
772 1796 158 455
1006 1278 297 563
341 697 216 258
772 1970 406 508
772 1353 8 112
883 920 219 225
772 206 307 337
548 169 143 208
954 772 97 331
1702 648 332 402
1748 772 82 120
29 1252 585 869
1344 381 512 601
772 1542 371 425
947 772 590 719
590 1429 449 726
1815 1694 315 364
870 1056 128 336
379 772 238 512
1020 768 228 326
1699 102 144 361
772 1462 127 273
177 1385 382 548
1401 283 238 341
990 772 323 384
1858 1326 3 245
200 1964 281 447
171 772 282 529
1764 772 193 297
772 79 515 751
1044 513 51 194
892 772 476 672
772 1842 343 348
772 720 544 745
438 1932 232 480
947 1777 395 449
772 27 488 564
442 772 337 397
772 1986 73 344
134 1881 460 720
503 772 470 728
772 1967 64 314
772 1011 198 493
724 1642 77 222
772 1082 207 267
1043 928 245 502
71 772 559 846
772 1586 153 298
617 772 31 191
772 1743 487 618
1353 1788 475 701
138 1334 581 778
772 1077 259 284
1637 772 43 149
1197 772 388 666
1387 772 500 724
772 71 11 99
166 413 456 742
573 1379 380 677
399 772 381 555
772 1284 254 285
1132 772 517 698
405 772 217 470
1377 772 14 264
1455 1843 303 372
122 1665 402 567
772 101 219 293
1370 199 116 220
1331 899 72 310
1200 772 140 262
772 1449 118 332
660 772 186 397
472 207 17 170
1151 1726 107 406
772 684 377 460
1130 772 559 844
772 1694 152 323
77 210 54 301
772 1389 65 336
1918 458 567 752
1450 1508 13 61
1032 745 390 507
1178 772 539 693
524 772 409 583
1592 772 556 819
1721 772 574 623
845 772 173 364
408 592 126 281
1968 772 414 713
772 1717 196 460
768 1307 555 627
1486 722 362 626
1804 1829 314 476
1203 436 279 551
126 123 392 690
424 772 503 528
1529 111 2 93
772 1684 196 216
1795 1274 199 472
182 772 417 574
1613 772 141 271
772 67 136 228
772 321 579 599
772 48 88 176
16 772 581 599
1081 772 366 550
1449 772 165 212
2 772 240 252
891 772 136 378
1974 1601 138 347
1816 1658 84 139
559 772 117 208
562 772 165 291
1497 772 158 442
772 572 97 271
772 1760 284 483
1937 1475 417 505
772 1719 8 216
1456 1024 202 368
1019 1984 479 542
788 1321 82 109
772 326 304 381
772 859 305 393
320 1311 450 580
772 1650 170 320
1080 344 338 484
1945 772 245 382
161 772 473 600
772 336 372 381
968 1606 341 515
917 393 58 141
772 1944 213 499
1946 717 372 487
517 772 349 601
338 404 508 690
1474 1991 573 732
1476 1585 9 26
1853 1014 559 726
1305 772 55 182
772 118 324 394
772 312 507 657
772 1142 344 571
1612 1485 289 346
1257 772 334 359
444 555 136 291
313 772 578 830
450 772 122 358
343 772 57 348
734 772 316 531
1528 772 473 569
772 1502 302 406
899 947 23 172
149 969 498 604
772 1947 346 347
1364 135 159 243
119 772 297 333
772 1499 104 107
772 1770 67 155
1277 772 55 336
772 1975 276 543
29 129 557 739
772 1709 146 371
772 668 267 394
890 1268 344 445
324 772 70 237
772 524 185 454
918 647 30 169
1448 1434 58 236
1093 772 278 345
772 1865 44 323
621 124 500 603
1926 527 165 328
1330 772 358 560
1540 1985 394 454
495 1375 137 161
682 383 327 446
125 558 383 647
772 9 593 854
1022 387 53 342
957 772 309 397
772 917 547 829
772 1430 234 476
772 968 487 560
1634 772 217 381
315 772 463 744
772 1975 234 245
772 617 156 287
1596 1922 343 620
772 641 426 546
1015 772 513 799
763 1296 110 159
249 78 312 404
168 1023 560 616
1640 994 256 352
805 772 220 331
853 773 64 206
772 1974 304 370
772 945 260 484
487 818 540 628
827 772 209 216
139 1585 232 529
1470 1559 438 622
734 567 164 234
772 326 214 293
772 70 219 338
689 772 554 711
772 826 506 629
772 547 388 542
247 611 34 294
772 272 421 566
772 1080 573 712
236 679 256 550
733 1799 116 369
772 740 545 551
1976 772 530 637
772 877 185 191
772 1725 295 507
1461 1485 493 549
78 772 566 718
191 1770 562 664
1751 457 187 436
1447 772 586 853
106 110 555 785
1869 760 176 472
772 744 169 283
39 828 488 533
732 772 323 547
856 772 291 326
1305 104 277 390
854 1602 575 745
16 567 159 214
1349 772 532 688
772 1075 335 545
1743 772 42 234
1195 215 49 292
772 1388 586 824
772 1645 285 380
1544 1291 576 842
772 1533 26 175
772 1757 531 639
1697 1101 415 610
772 348 390 395
20 1330 227 517
772 681 211 489
772 944 58 323
230 200 157 442
160 1551 112 259
772 469 316 423
517 77 370 549
772 1843 81 181
369 712 534 713
948 1648 561 642
1700 772 47 69
974 772 84 358
1123 852 166 189
772 1154 14 59
469 764 300 585
518 772 574 606
1723 43 53 350
122 562 1 128
146 407 309 573
1790 772 516 623
400 772 47 141
772 501 578 735
772 1729 342 638
635 772 384 393
772 1949 225 365
635 1311 194 383
772 1897 306 574
130 772 404 607
959 772 253 258
1467 1664 88 161
413 1624 13 181
772 1292 389 516
1539 626 442 616
1366 772 328 458
289 772 204 429
772 877 138 309
772 1165 337 382
1500 1326 362 485
107 772 278 550
772 1625 107 219
772 1984 26 284
772 508 562 813
783 772 198 289
772 642 338 473
1325 816 457 733
133 740 286 448
1809 1926 406 582
865 1586 8 22
1964 1419 451 546
1723 1468 283 336
638 772 83 325
772 873 225 345
1565 1680 294 397
952 772 318 390
1273 772 526 723
1134 111 146 445
801 772 20 80
576 403 58 199
772 816 218 439
772 1163 277 343
772 1768 293 402
815 10 22 214
1476 772 189 448
710 1138 354 358
1505 190 584 635
412 1433 529 765
1353 772 148 202
232 784 92 321
459 772 549 663
1178 1132 441 542
772 726 217 507
772 1415 331 389
1314 1520 274 541
1982 1335 505 528
854 897 78 357
1069 1270 23 178
772 1713 337 405
772 1648 188 331
772 230 562 663
772 954 45 173
772 1927 433 628
1567 1408 530 666
333 1855 278 314
1586 1673 46 130
1101 1566 44 245
1415 1818 518 586
490 1025 280 531
772 96 378 382
408 447 513 669
1890 608 194 293
37 772 70 179
1680 92 364 641
76 1563 533 623
772 886 383 399
1036 772 592 682
772 853 527 532
646 1695 161 262
1626 953 598 627
1572 1308 432 435
366 203 480 684
385 772 373 430
772 1241 32 149
921 1530 401 463
1282 692 427 630
79 1408 7 112
924 772 472 741
281 199 422 608
817 99 404 681
1446 908 478 683
940 772 337 428
268 1232 545 717
915 995 330 449
772 625 220 329
557 1922 536 788
1392 1768 497 765
324 772 547 663
1469 1630 3 121
499 1941 508 642
1831 1064 589 760
479 497 512 707
1169 772 115 271
215 772 61 260
742 772 229 436
1676 1523 145 324
772 208 77 357
1241 998 523 612
606 772 581 846
931 708 81 234
1072 457 415 669
772 696 180 194
534 1143 427 481
910 86 104 324
337 1648 195 215
772 1180 193 426
602 772 149 381
264 1705 172 432
1567 919 527 748
1542 548 397 549
772 1811 219 404
772 36 559 802
1378 1543 365 528
125 853 308 429
772 1832 538 812
1191 1894 256 351
66 47 486 774
772 134 571 797
1040 1083 468 633
1343 325 159 191
772 1597 283 391
772 1346 280 449
772 636 508 580
1819 1275 527 703
772 1684 21 147
1777 556 243 481
876 105 167 459
1512 772 307 443
1416 970 505 662
49 1202 147 176
1720 1308 390 517
772 1675 471 696
1087 1014 463 720
772 628 453 502
887 772 403 570
1543 289 381 485
869 772 481 688
772 119 567 660
772 388 535 784
772 1239 406 561
772 434 177 186
247 1923 519 785
52 987 313 586
772 86 348 488
772 568 220 314
938 1732 147 388
1688 1967 268 414
482 1571 140 376
772 531 373 630
317 1129 537 684
772 1146 37 207
1391 875 409 462
853 124 16 217
361 1749 203 263
772 818 437 566
260 808 195 320
105 604 311 421
615 1753 549 568
1757 428 391 441
772 1348 113 138
1012 575 208 307
772 1563 153 335
1058 153 466 576
770 859 340 577
1971 1745 368 459
1072 772 497 738
1387 772 17 39
155 809 430 647
1617 1879 299 404
890 1754 585 777
1857 772 140 245
393 1801 133 348
656 592 444 696
624 969 448 708
1546 628 202 454
1217 86 535 607
1200 288 330 455
772 331 595 779
1837 1799 265 435
1146 957 182 266
1891 859 450 694
772 1134 380 455
1408 772 500 615
1541 1214 6 161
607 1536 483 509
1774 772 289 473
635 95 169 465
1316 772 231 371
584 974 437 580
593 1045 115 288
772 443 209 423
1191 772 146 358
772 226 395 693
1331 640 110 279
1089 928 148 266
1940 772 331 542
320 772 231 523
820 772 555 660
1749 497 131 202
1170 846 155 330
772 239 319 463
1687 708 329 449
1210 1175 105 151
1527 1207 152 409
388 1299 594 636
965 1456 490 527
50 772 554 742
772 785 324 495
353 162 117 338
616 772 386 645
716 772 178 309
377 346 386 415
1404 1325 184 317
772 1428 560 692
1323 772 480 604
65 311 285 317
1115 290 232 323
1360 1593 133 383
772 1350 372 643
1585 772 447 506
1003 1897 283 317
1127 606 533 666
447 1863 375 529
772 1607 190 369
107 1244 13 238
1648 782 35 106
1040 772 184 306
663 62 540 551
772 1220 511 695
772 163 172 211
394 1123 149 154
772 1739 283 440
772 686 64 336
349 1809 560 632
1182 158 234 398
772 807 337 605
351 1556 527 784
772 442 357 409
720 1895 433 494
904 1742 240 438
873 1095 584 598
1895 772 356 419
772 317 479 621
772 1035 231 489
772 1869 387 490
38 772 390 458
337 772 549 739
1143 1994 450 463
772 828 246 377
932 1401 161 397
772 1764 129 205
1552 1061 56 291
191 772 473 597
772 1799 150 228
807 1501 41 239
288 327 279 455
1836 772 141 249
772 174 123 130
549 772 236 321
772 451 183 185
1717 772 477 723
895 523 496 751
1777 1286 134 169
772 441 527 734
772 1295 172 380
771 772 51 233
1539 34 312 448
625 1671 345 458
1734 433 81 312
772 85 306 460
712 772 4 148
772 1276 598 795
772 335 472 598
772 1222 45 206
772 1332 330 437
818 772 210 347
1486 55 335 523
1666 772 225 324
573 800 500 733
1574 772 363 602
1788 772 559 618
945 772 123 176
328 772 318 340
790 772 440 679
538 422 335 447
1400 1369 554 593
640 625 344 589
1138 772 496 721
772 485 13 200
1038 403 434 532
345 392 319 567
1125 1384 271 343
761 1727 557 576
1533 772 252 433
23 1390 230 249
148 145 550 696
772 1033 396 695
772 78 10 279
165 1930 171 397
584 772 394 596
772 535 334 588
1261 1341 48 80
1173 772 182 332
599 772 352 625
102 1802 8 109
923 143 299 483
1297 628 554 803
772 619 53 98
772 336 405 697
1145 772 365 377
768 240 514 728
1408 998 382 416
1525 440 9 226
1733 1991 246 284
772 123 527 584
1030 102 247 463
149 726 65 341
677 1554 26 61
1475 487 5 296
884 772 425 706
358 772 380 437
1143 503 395 571
772 824 286 288
220 1509 157 387
772 494 312 352
772 1934 423 653
475 782 157 373
442 1638 166 349
1940 772 379 541
760 772 456 506
313 772 408 698
17 980 431 622
1100 772 227 306
289 1762 471 488
772 1335 440 631
965 1176 13 232
570 352 166 375
1183 1050 52 194
772 1880 27 221
17 772 50 100
772 932 209 420
914 1886 5 122
1501 655 577 691
1551 772 536 753
499 1344 118 289
1960 134 16 34
565 772 466 493
772 1075 171 302
963 772 391 599
1276 1523 457 465
493 772 156 215
552 1227 279 450
772 1275 209 218
1960 921 295 342
772 1549 367 411
1832 1341 245 247
131 367 160 303
440 1781 194 305
772 836 152 234
1090 1151 391 438
597 901 207 354
1699 200 190 285
990 1452 361 448
1253 772 31 218
1646 772 66 225
772 150 321 610
772 1820 400 583
348 772 406 424
1705 918 182 340
1857 772 177 363
1796 1248 474 489
1513 1396 314 344
772 1043 483 636
772 1463 415 496
1777 106 338 409
830 1374 201 358
862 772 142 389
772 524 349 517
1661 1875 257 429
772 162 444 477
729 140 393 672
772 361 216 362
736 772 425 567
772 202 42 133
772 45 273 481
514 1194 226 321
173 1307 496 692
845 362 268 472
1805 1114 180 348
772 253 43 340
1952 772 387 574
1924 166 465 753
772 416 127 131
616 776 43 218
482 646 565 647
772 833 189 233
1722 772 593 616
772 456 419 449
577 772 564 768
623 772 534 614
1180 1507 381 611
1141 1411 502 644
797 1765 397 428
807 1298 57 244
992 772 299 374
1555 1768 34 257
937 1139 161 262
962 772 352 523
504 772 395 491
772 1186 506 649
1124 772 400 582
772 498 90 174
246 1492 389 415
1085 282 556 575
104 772 310 491
227 1379 422 595
1229 1375 598 807
772 1440 536 696
1446 772 459 528
772 1722 59 210
483 51 443 679
772 415 36 102
1060 772 196 349
772 1832 314 537
1417 1284 534 668
772 1982 415 599
990 1264 75 139
426 815 538 544
164 1615 96 290
737 1023 256 520
772 65 39 198
1182 1126 549 570
820 20 485 720
772 1851 62 179
167 772 410 571
248 1580 207 502
772 321 304 458
1152 772 75 105
1015 1807 341 536
1750 879 153 306
772 510 352 524
1597 862 256 341
311 1314 420 490
772 725 557 832
1865 1141 22 59
1552 772 496 610
432 1413 192 365
772 824 38 325
1555 921 378 643
609 772 22 257
899 646 213 432
1863 886 510 556
772 966 40 169
448 1168 216 298
1357 58 326 502
371 1173 226 264
505 502 149 254
1399 772 69 359
741 1318 54 157
410 772 385 586
373 772 151 172
838 546 375 673
95 122 62 237
772 199 372 431
772 505 86 154
1487 1797 261 291
1766 772 466 646
953 772 123 232
772 1698 76 369
261 1508 60 236
1228 1673 417 455
772 46 504 790
711 772 431 657
772 1142 171 416
1875 772 76 83
1079 617 428 701
489 874 256 473
772 1227 505 585
1135 1616 177 215
1715 1334 577 639
1233 1775 73 96
772 1357 4 11
1360 323 426 579
99 66 342 536
1204 1387 142 404
129 1394 169 328
455 772 267 424
691 168 499 762
1892 772 351 400
619 517 104 355
1594 772 83 129
1614 1527 301 379
1888 1123 204 497
1539 1919 368 565
1232 772 577 698
1606 560 233 488
464 1760 166 400
772 1735 376 661
1420 1011 526 540
772 1206 423 471
1859 772 594 796
1778 1929 116 136
772 303 528 729
1915 772 479 492
772 1161 319 446
772 1917 492 668
400 1505 383 665
448 1607 364 630
1225 772 272 545
1880 772 592 804
489 772 479 697
772 1872 41 239
772 1050 179 384
1032 772 212 505
616 1453 522 569
1810 583 15 150
137 772 89 119
772 1318 509 778
694 1391 40 246
1374 1710 114 244
901 708 581 776
1218 189 260 428
527 604 179 360
772 1932 567 681
1972 648 373 522
759 1002 321 337
1675 835 527 739
1279 486 82 346
852 1962 200 217
765 1993 588 712
1325 1708 90 168
213 772 251 527
1951 1325 416 699
1186 772 531 621
450 131 70 250
665 766 129 422
177 772 565 652
1667 157 175 334
336 772 221 471
772 544 38 85
49 59 499 681
1600 208 368 564
996 437 592 876
1121 1030 152 308
772 1956 372 406
87 1192 305 463
772 784 202 422
1212 463 494 522
1565 1572 246 419
413 772 169 314
194 772 108 208
944 772 396 618
1858 100 170 400
522 1008 253 339
69 772 42 333
116 509 239 273
178 772 393 691
1466 28 114 279
772 77 183 214
772 1611 188 262
51 772 76 332
685 838 494 600
772 677 93 285
1391 1415 301 551
125 297 445 561
627 772 301 387
1406 772 174 248
772 19 271 277
1292 1862 315 473
1527 1027 214 379
137 772 61 178
347 720 357 535
314 772 310 555
436 772 513 731
772 1437 228 339
772 1175 70 255
772 1788 197 366
772 1625 376 656
1665 1477 183 405
772 1645 148 250
772 1215 399 682
1446 772 70 232
1779 1107 573 773
660 328 429 488
918 921 20 95
791 1727 428 582
417 1437 19 310
1507 702 123 158
374 772 446 497
822 910 482 661
1477 534 351 369
772 577 277 330
772 77 161 459
157 1263 242 523
772 897 575 629
1290 1594 143 275
57 850 391 602
772 1185 203 386
961 710 80 148
1286 492 42 97
1033 772 464 475
772 500 282 358
1747 1594 380 453
772 1136 594 695
23 600 282 485
574 772 579 871
1735 148 313 522
887 772 509 723
289 772 300 427
772 1581 124 214
1705 1157 399 536
772 1741 73 321
352 308 17 309
772 352 342 587
772 1308 416 676
772 845 323 400
1021 772 425 449
772 1572 566 663
169 438 80 276
634 772 265 370
1418 841 453 582
772 407 205 410
1043 1575 501 781
1614 429 204 468
1342 1786 214 303
1737 772 570 800
696 17 230 502
110 1191 163 172
1770 772 534 704
772 831 347 513
247 34 177 345
471 1501 148 245
514 451 454 546
1053 794 531 781
1764 772 319 561
921 772 233 240
772 1665 260 261
1946 1048 338 442
3 1475 559 848
653 772 69 317
1229 1816 252 489
1901 1722 268 501
717 1178 539 541
772 1987 41 222
772 866 216 458
81 1515 209 314
1287 772 567 847
246 1354 337 613
1021 1541 213 296
1111 772 350 542
374 1992 339 347
16 1565 407 452
1392 609 39 289
772 373 421 648
772 434 147 444
772 869 175 333
1964 772 169 426
698 857 282 468
772 1858 547 554
926 772 273 360
257 1103 379 438
772 961 420 590
772 442 279 493
284 772 161 252
772 1612 157 235
772 967 487 744
1815 123 114 145
1974 1772 306 451
1742 592 578 822
673 772 435 494
772 954 127 395
648 772 597 623
642 503 73 301
772 1878 174 277
753 1435 183 340
772 408 597 853
1912 591 143 344
1832 833 354 536
288 772 316 562
772 110 304 446
1547 772 542 713
1511 394 93 295
772 1306 357 487
512 772 211 410
122 1607 27 257
772 1027 439 733
172 1481 514 773
772 389 585 789
589 1540 554 750
336 1533 526 694
1935 198 463 740
837 1058 295 419
94 375 158 354
1445 772 502 739
1019 326 82 111
700 1290 92 274
772 1627 154 267
772 1134 301 506
8 772 567 584
1315 1964 127 243
696 478 233 337
1631 1173 265 329
1688 254 520 606
986 772 42 243
772 186 52 167
390 1268 303 412
1394 772 503 535
872 772 49 320
1989 772 471 552
1488 1409 563 646
532 749 432 712
772 736 130 191
1071 772 530 826
410 772 45 61
772 813 252 398
239 772 20 86
772 401 532 600
772 570 91 386
911 772 71 241
304 772 112 131
772 1619 128 280
1749 772 396 627
772 1311 536 537
206 1031 403 646
772 774 77 146
1692 1403 558 603
491 772 70 269
352 772 142 280
455 772 114 352
772 1824 287 442
983 527 473 479
1964 1423 80 209
1305 1075 116 228
772 1527 15 261
772 118 330 518
44 386 224 244
1786 772 235 316
466 1221 421 523
1192 1307 126 132
772 1841 12 193
772 569 296 306
772 363 30 68
772 1019 160 372
772 1898 529 645
782 26 593 598
772 1189 260 371
855 990 112 130
1139 1236 267 408
1609 1695 407 528
1136 932 198 222
942 772 421 425
772 1914 90 191
772 682 366 630
960 772 113 281
1519 394 530 678
772 807 27 315
483 864 371 662
772 1721 489 779
970 796 235 478
1472 1181 142 236
772 1513 212 411
772 259 167 383
1540 1025 508 571
272 1056 53 87
1138 772 595 670
772 141 463 543
1126 772 340 523
772 216 391 504
1454 1234 301 583
859 209 232 258
772 177 265 421
1564 251 530 676
772 1440 338 405
1609 772 523 599
861 616 96 316
1588 1051 316 393
772 950 397 411
207 772 566 679
772 1688 85 265
1151 1434 52 345
772 1127 353 502
140 772 262 535
772 1759 119 364
1277 546 66 257
1418 772 189 464
1578 530 269 500
364 512 382 637
1111 537 128 245
1242 518 341 410
772 240 429 676
693 1678 281 387
772 502 43 174
772 1383 452 741
772 1612 469 644
772 1647 280 328
772 182 521 578
561 1394 453 664
411 60 417 556
772 104 516 768
1278 984 302 527
772 1869 208 411
44 395 206 303
772 1932 280 353
121 1525 383 517
1017 1479 203 388
1591 1473 11 118
772 211 373 420
1313 1604 425 466
476 679 374 519
772 409 314 471
772 1426 360 635
942 772 257 550
950 1894 315 384
746 51 317 610
986 1491 153 412
1463 772 566 829
772 1451 182 329
1821 772 143 153
1135 662 547 730
376 1750 202 253
1836 772 590 811
1622 772 305 405
1572 772 297 528
131 649 27 296
772 1383 241 406
792 1138 359 423
772 898 279 393
1312 1118 294 419
1352 772 314 370
307 772 320 502
168 772 166 362
1991 1578 339 500
772 118 412 497
389 1938 31 143
830 772 385 554
1941 1044 31 180
799 695 228 465
947 563 33 66
1672 209 534 685
772 857 74 114
514 147 365 618
502 772 194 360
1816 1318 94 216
869 1785 365 420
708 1929 463 470
891 772 510 636
1078 772 436 701
425 1623 128 422
577 792 539 632
772 1475 7 197
421 8 261 443
417 1181 381 628
1523 1277 255 432
1082 1672 175 327
772 8 470 588
1123 1889 285 343
772 1711 221 277
416 572 280 296
1484 514 411 548
1134 772 262 350
1528 1244 72 206
255 546 495 664
114 772 138 390
1131 1176 521 818
1382 772 557 674
693 772 424 719
1584 1482 288 367
854 60 82 240
772 1338 317 615
533 1987 103 158
1759 772 172 447
1772 1773 519 563
822 1160 41 251
772 1245 560 645
772 676 578 735
1093 772 350 549
1382 1761 333 414
1168 500 110 118
772 835 522 659
192 772 500 722
1542 772 160 413
568 333 333 539
1875 1194 298 440
1385 1211 188 364
353 1325 42 43
170 772 205 495
396 1336 383 402
859 1236 18 265
1754 443 131 260
595 639 2 195
1016 909 300 507
1657 520 355 516
1210 772 546 770
1426 1463 370 556
1005 536 203 449
772 1179 472 479
1683 1426 582 853
131 189 568 782
1780 772 335 461
772 887 217 371
951 772 72 341
1217 1789 16 229
206 1499 54 350
772 703 543 688
772 1854 94 191
1392 726 408 602
1780 1952 26 146
1510 88 596 712
272 1096 445 508
565 772 101 323
853 520 252 347
772 724 120 174
443 919 574 728
772 395 183 444
1192 16 132 290
1180 171 188 234
1941 1246 63 230
1170 1510 538 794
772 633 182 217
772 1936 428 667
772 723 203 210
772 144 506 590
772 1462 281 298
179 619 84 354
772 812 410 514
1810 717 134 235
1306 119 184 477
772 1615 547 720
772 308 126 381
1960 720 129 163
1553 1994 335 565
1570 626 375 581
624 772 181 351
1523 772 405 597
838 772 283 466
1544 772 288 317
169 1090 222 514
606 772 95 105
772 575 236 417
880 3 342 503
772 1444 97 281
1410 1736 486 681
1922 1188 41 282
578 670 296 385
772 1958 147 269
1127 1354 104 187
1815 1736 38 78
772 450 377 442
569 772 429 464
1127 1265 26 85
285 1897 553 555
1461 370 434 716
476 772 486 639
109 429 453 518
1204 772 147 319
158 772 532 548
149 1990 498 514
1406 772 350 641
971 772 524 802
772 1960 417 599
772 1705 546 560
1624 726 536 574
772 1076 533 582
866 929 64 285
1728 772 419 649
772 112 351 455
1387 407 366 459
612 738 568 672
724 305 501 634
986 376 457 717
506 772 56 115
1385 742 369 542
1340 1868 32 163
772 966 536 704
772 1971 306 479
30 40 177 422
1104 87 242 340
772 271 274 440
772 1481 424 477
1942 1251 68 313
772 1291 310 367
772 437 214 331
772 1070 452 737
772 1532 277 316
225 1980 25 223
567 957 5 208
1827 1430 229 326
890 1512 71 358
1452 1279 25 166
959 772 569 708
1836 772 117 314
1054 772 570 781
18 772 225 349
772 1791 112 349
982 772 71 294
920 772 337 443
1261 1892 214 460
772 835 598 786
296 1647 523 635
1505 772 102 296
980 1801 198 412
772 723 263 292
1763 338 323 589
1003 1120 587 684
1427 772 59 178
539 3 226 254
772 847 213 306
772 1168 232 341
1226 1872 597 880
1154 1408 456 608
392 703 79 184
577 887 383 524
1478 1984 398 503
772 1930 410 570
488 915 41 118
772 1289 327 446
1397 155 336 394
772 1265 3 140
1124 772 316 558
1613 879 417 677
772 1610 508 703
704 493 67 282
1909 1053 43 64
479 523 161 269
328 1027 422 559
156 772 488 537
1492 772 371 395
824 1714 46 47
581 1011 284 298
416 465 551 562
772 1828 314 542
1110 772 20 76
772 1024 452 711
180 1823 192 236
772 1843 9 110
1376 1374 538 812
279 1891 507 799
772 538 85 219
772 1750 70 358
487 772 296 318
772 1858 249 297
1963 772 413 528
1547 772 501 726
1162 1194 349 466
892 772 133 376
129 772 69 288
1598 713 367 470
1465 1319 590 669
849 1326 288 350
772 828 517 713
772 1602 478 577
762 1859 555 819
772 238 92 284
652 1358 162 197
772 1298 518 557
752 297 4 22
738 840 20 223
1579 772 352 568
623 771 534 666
367 941 375 463
1025 772 396 557
1569 1427 287 403
1962 44 218 222
772 1175 428 510
1934 759 563 803
647 1200 314 425
1253 772 52 216
1951 757 595 747
1901 1586 183 294
1435 287 317 518
1098 1279 596 721
380 1025 466 612
772 123 494 596
772 1831 188 254
1305 609 205 361
772 355 9 171
1429 619 451 540
1171 1632 589 838
29 144 342 391
1050 1040 506 576
781 956 203 337
848 1978 474 663
772 1478 131 143
737 1904 231 301
799 772 149 241
1586 1078 145 398
1654 772 362 455
827 1908 321 353
527 507 84 118
386 1472 104 225
1070 1882 310 580
772 31 85 191
67 1327 152 409
1276 772 117 402
714 772 299 447
1585 695 331 540
140 233 20 306
822 406 2 58
1342 1777 451 748
90 270 322 349
1426 813 438 604
535 490 42 105
133 772 381 462
525 772 389 509
772 1385 178 189
573 1868 335 555
417 772 346 369
1771 1202 145 264
1615 615 563 769
209 772 521 767
1706 1723 482 617
772 1565 429 449
1474 178 271 481
152 754 599 792
1251 772 13 15
772 1215 85 99
772 438 187 251
772 61 55 284
633 772 493 665
772 977 320 531
772 154 63 158
347 772 224 245
995 1259 85 316
418 1348 484 506
1515 659 253 257
772 872 45 124
72 680 246 336
139 772 565 566
373 1887 367 473
1215 892 489 576
744 772 176 207
799 1946 219 510
772 701 55 128
1022 127 573 783
466 207 269 334
772 1404 531 617
598 1323 533 766
975 1879 398 432
1680 146 63 128
1437 998 295 375
250 198 164 315
772 1824 578 589
745 339 12 79
701 772 288 486
897 328 128 340
147 772 12 293
2 1355 5 200
1945 772 391 616
772 693 493 643
772 1498 75 212
1410 1841 360 452
772 272 213 321
1317 1553 356 517
772 320 346 593
1714 772 298 472
517 655 119 173
772 1940 131 351
255 765 457 568
669 772 347 405
772 398 152 253
772 116 189 317
772 586 418 688
1854 772 425 616
520 1096 92 345
43 141 389 614
772 1816 129 412
134 1130 308 376
275 746 458 713
433 772 10 147
1484 772 384 624
377 772 516 603
583 772 460 535
269 1899 431 698
182 772 425 618
1010 589 23 315
812 1465 216 324
449 1128 226 483
772 961 171 272
1476 772 147 346
639 772 236 394
1955 87 373 555
343 772 477 616
1259 1319 422 617
581 1823 511 696
1303 772 239 271
772 716 393 401
647 998 7 212
1581 408 440 698
1475 772 186 420
153 409 465 514
400 308 497 689
940 442 38 49
112 772 323 410
1748 45 184 193
765 1030 18 193
839 772 469 659
963 1485 452 471
767 904 452 551
1723 772 11 114
1723 772 508 684
627 186 213 352
772 1090 527 760
1267 93 449 454
1831 891 510 585
4 772 106 265
366 1781 334 335
852 1712 236 521
772 248 410 432
1855 772 582 860
772 688 231 448
77 772 19 316
1579 1027 192 476
1979 682 410 667
1268 1572 589 692
772 548 560 781
29 1398 118 187
446 772 503 662
715 1870 141 213
772 1025 271 321
826 1202 582 739
772 1112 257 520
590 1337 442 609
772 1688 67 307
1666 640 544 694
1373 927 211 245
870 803 490 731
772 1303 400 586
1080 252 424 481
1787 772 319 549
772 1081 73 263
772 288 583 702
910 989 502 685
744 772 194 326
1227 772 540 832
227 1546 532 619
842 772 486 751
660 860 596 699
1318 357 573 619
879 40 582 684
301 772 3 218
1133 998 257 288
1283 666 448 585
772 502 329 359
1609 1383 240 509
1219 111 347 531
772 1053 8 55
601 1793 271 492
811 186 229 478
772 161 217 248
1696 772 70 235
943 2 521 761
1351 1041 214 446
1448 1075 503 783
772 1866 499 558
785 1023 199 416
772 594 273 485
1088 552 265 503
1508 672 31 122
1039 772 75 79
1190 543 277 455
536 772 131 270
600 772 575 795
1239 1688 527 809
772 1837 47 286
130 1814 316 601
1766 733 8 229
772 203 530 790
1436 772 228 442
394 772 548 830
772 465 127 170
964 697 244 428
736 1907 15 205
1119 159 325 453
772 1879 488 572
1176 1041 486 724
1032 772 261 452
240 416 141 332
1560 1656 146 444
1352 1004 278 532
772 206 63 101
1941 772 463 668
772 1290 68 354
772 1312 533 819
772 1333 46 244
981 1039 491 546
800 772 310 496
906 1158 61 69
772 1672 419 508
1065 772 9 208
1107 615 333 612
1668 772 552 717
183 772 599 701
772 353 432 597
1897 772 337 463
1254 1251 81 238
897 772 575 844
610 772 575 666
899 108 134 408
1760 772 285 574
1976 1597 188 208
1104 772 316 522
1176 1824 230 359
16 772 301 546
1763 772 38 176
1723 1323 407 465
772 1274 109 405
1358 772 563 675
772 1517 61 327
1405 639 450 475
419 1696 5 152
1904 772 572 725
772 1545 429 690
982 1564 558 756
463 522 243 495
1930 1680 257 450
772 150 376 661
67 556 4 114
985 207 205 298
1514 772 385 482
818 496 481 624
1955 278 56 177
567 1694 334 607
772 1905 390 498
1074 866 236 293
1040 772 334 606
512 614 262 528
1057 772 84 140
772 614 23 132
1976 164 577 679
1699 1385 363 465
1515 772 515 616
840 772 136 201
914 229 444 539
1023 772 393 429
772 466 404 698
1434 1436 130 316
1699 427 99 191
79 141 377 637
630 818 230 233
977 1350 99 283
863 267 503 660
772 113 230 487
772 1517 436 507
602 772 123 153
629 772 570 786
772 1056 387 628
149 772 114 187
1376 772 381 520
772 563 58 108
772 914 502 652
1817 772 372 447
1278 1672 406 543
939 1637 3 176
772 998 113 214
8 880 55 213
543 1120 284 555
1930 772 55 345
772 280 428 603
440 772 538 808
822 772 175 315
1715 772 243 540
772 369 1 9
1356 772 105 318
1963 772 442 537
62 1271 106 122
1700 521 579 756
997 772 218 452
1239 772 44 307
446 36 335 350
43 1239 250 530
481 772 402 618
787 1725 519 689
774 1285 282 344
950 496 432 438
1651 481 379 452
580 1079 65 151
1863 1074 9 241
1818 296 100 157
772 1644 510 672
1278 772 418 480
772 1242 372 636
166 759 173 244
1336 1079 289 582
234 772 218 494
475 772 522 722
1233 906 127 360
1001 865 294 333
1402 772 14 100
1839 772 503 790
772 1724 140 316
1538 1142 373 483
400 1138 447 536
951 50 202 342
772 1212 365 545
978 772 333 549
578 772 544 648
961 772 170 452
204 295 140 431
868 486 377 666
1298 1030 500 568
315 53 126 219
104 1465 356 423
1936 1733 141 397
76 772 147 295
796 766 525 780
1236 721 267 439
601 1546 245 484
802 772 528 643
778 772 501 739
682 78 408 511
1202 772 31 267
1057 772 524 787
772 1693 119 327
447 1833 382 521
553 397 249 383
383 1825 424 712
1246 1561 129 278
772 605 160 332
772 207 336 533
809 772 9 35
757 1925 190 464
1524 772 301 383
1343 1010 523 617
772 113 173 311
772 988 383 388
1695 1023 332 422
956 772 72 229
772 459 570 682
443 1200 425 616
490 1877 297 304
1016 772 576 607
1423 772 499 774
772 1779 300 514
849 1493 201 398
772 872 174 214
1345 772 227 285
88 772 31 209
772 1888 356 604
772 1804 157 351
1505 772 136 318
1608 1523 470 548
772 1910 487 670
908 521 106 383
821 1511 32 129
772 708 403 647
69 1899 140 146
606 638 288 380
179 33 587 613
1466 772 456 571
263 1507 410 600
1722 772 323 516
1227 1628 165 340
528 1931 121 396
772 693 28 251
772 36 167 356
366 1600 10 209
194 370 561 635
657 526 67 303
772 855 330 453
1503 772 271 449
772 1087 594 759
78 772 90 97
772 555 376 447
1673 268 450 470
383 772 315 364
1455 1861 186 309
772 320 500 796
1103 1142 173 284
917 868 37 111
926 1007 171 395
1323 537 261 273
772 419 271 563
1376 936 350 527
344 772 295 564
1053 1976 485 550
1533 772 21 249
114 1691 549 613
1227 1833 238 255
772 682 175 381
643 772 96 105
772 1068 372 515
740 652 459 695
879 772 392 520
1495 1837 72 364
1211 495 315 453
1910 2 132 326
1188 772 279 325
224 1159 277 297
1491 1250 12 191
1578 888 356 605
1698 1726 467 580
772 434 431 517
875 1279 377 671
1673 772 237 522
1422 772 14 58
1445 772 32 49
1841 772 570 648
1866 1669 357 405
1213 1599 215 226
464 1928 400 635
87 1205 553 761
1771 772 460 558
720 772 567 639
73 772 98 100
167 772 535 539
772 1073 24 152
1692 1499 473 688
853 1280 209 471
1503 1043 265 488
1625 698 175 349
757 541 280 397
947 963 429 574
772 621 23 283
772 660 290 581
685 64 358 598
1374 772 542 650
772 404 420 445
1799 1762 258 356
622 99 245 464
841 425 214 400
316 602 509 638
1525 1026 549 752
176 1011 371 520
1660 965 430 457
1046 1355 272 539
579 573 205 270
772 1276 521 785
908 772 32 194
463 772 266 424
1240 772 500 546
772 930 281 340
311 772 481 738
1982 1377 589 876
1522 1021 570 852
1398 744 105 286
772 607 274 481
1255 772 144 285
1927 583 494 685
1733 772 116 308
865 1815 495 718
552 772 588 637
185 1693 385 595
1881 1795 556 840
1028 380 130 325
123 772 424 717
772 1353 436 682
295 300 571 845
547 772 229 238
1005 772 454 615
1682 1818 392 655
772 747 218 313
772 612 110 149
1038 1945 513 725
31 1789 318 610
9 388 120 213
1469 1062 572 727
772 960 460 620
1404 882 257 483
1348 772 596 734
763 1932 171 329
1501 1603 248 253
328 772 279 528
772 894 71 277
1538 772 406 684
419 172 224 236
1615 1162 34 241
981 772 492 638
1124 1128 86 214
1834 149 191 389
772 266 111 264
1145 772 244 280
1915 14 442 467
772 617 158 363
772 244 410 589
1861 186 85 249
689 772 351 452
772 1028 151 220
1932 772 537 601
772 461 238 319
772 93 262 531
365 1807 77 296
772 428 591 657
1814 502 554 841
772 728 51 109
1527 772 33 217
772 690 248 494
434 1584 303 420
772 740 10 302
1893 1428 267 289
718 772 246 309
854 772 271 429
745 772 497 747
562 772 272 422
577 1799 24 98
772 345 374 500
772 1130 200 250
772 111 440 688
1873 772 185 313
274 1661 547 581
772 249 256 413
772 454 374 667
772 542 382 533
1252 772 113 150
1814 1564 391 659
253 1883 159 350
1929 159 112 289
569 530 201 236
190 488 52 271
344 772 263 450
1218 772 203 283
562 1695 413 644
681 772 497 511
772 1838 320 506
1666 1198 17 251
772 987 205 231
765 1565 544 655
1744 772 139 263
1062 1621 186 198
1171 1408 562 847
250 1982 577 763
772 1016 456 638
772 425 474 591
730 1586 250 525
772 873 577 768
1154 1641 42 290
1764 971 457 646
1286 772 245 247
772 746 107 138
1383 1701 68 195
772 1569 569 593
510 997 521 675
772 559 242 359
260 561 222 401
1310 772 100 111
1613 1496 160 329
907 1851 529 752
738 772 574 615
1154 1147 360 438
518 1945 553 799
1322 1896 258 518
548 1911 408 616
1439 1406 175 176
1347 315 417 524
772 229 320 401
772 349 253 493
714 1058 452 683
299 1741 408 421
772 845 280 390
772 1493 254 287
772 1692 7 47
772 1104 254 286
1215 772 156 233
1228 1904 433 726
432 643 130 225
735 1562 30 78
729 807 420 694
1638 772 445 691
432 1571 596 784
1601 825 184 475
1365 1540 447 519
1626 772 519 653
1060 122 168 280
727 1240 306 452
920 772 221 382
1138 1209 384 556
772 1699 164 367
772 73 382 520
1210 772 491 531
772 1545 143 355
1669 772 93 161
585 970 426 559
892 126 465 474
772 712 297 496
695 1841 104 138
772 89 334 371
772 560 166 332
772 506 404 660
895 823 103 380
1175 1006 85 297
772 1198 319 408
772 184 73 99
434 640 110 193
1099 772 252 319
772 213 379 448
772 889 143 311
1224 303 21 61
922 234 452 505
904 772 293 337
334 578 182 451
772 1516 129 353
1229 1083 93 272
246 772 412 569
885 772 97 162
769 157 156 158
818 314 89 137
772 1143 194 476
206 772 147 433
772 103 587 728
772 198 94 214
51 772 102 378
772 861 412 655
1070 772 490 576
549 772 145 327
586 772 226 500
772 861 83 272
968 747 380 604
1021 1414 491 688
102 333 558 841
1506 859 155 249
772 1427 551 619
772 497 245 266
878 215 1 224
688 1438 35 204
1688 1782 280 285
772 807 156 228
922 729 132 239
1762 32 505 684
772 910 581 880
1166 707 566 704
696 1772 24 178
88 1506 312 413
1453 1054 214 425
475 830 68 362
773 1934 213 496
1614 772 551 794
772 1147 104 252
772 1233 530 657
577 386 215 304
289 407 583 676
772 1756 58 223
772 702 551 845
936 1805 221 427
655 1084 492 752
1321 1569 323 511
1227 772 312 561
386 1709 263 276
274 362 468 656
457 1069 169 380
772 352 111 160
772 828 213 313
772 1911 59 328
1655 1362 499 643
772 1557 17 136
1965 502 436 719
1527 1994 284 466
1636 737 589 857
772 479 68 329
749 411 3 291
772 1425 308 516
772 221 485 719
772 1721 574 755
1972 772 468 638
490 772 74 247
147 772 477 742
200 381 228 498
83 123 586 810
772 851 284 427
772 285 204 366
1723 772 89 284
696 1090 27 299
1046 772 206 249
1898 772 19 54
772 1698 287 586
1142 1048 391 539
823 1514 385 630
168 1232 558 762
1140 229 298 501
1286 1865 331 460
772 1587 33 163
772 15 19 185
975 778 548 815
319 938 134 150
855 1365 272 432
1548 772 159 356
1580 772 461 577
7 951 14 263
772 931 199 353
799 772 344 551
835 772 433 502
562 482 485 523
206 1465 67 312
772 1223 436 531
772 1826 308 397
772 94 361 611
1617 1421 392 417
1287 772 36 245
1130 1815 526 574
1961 772 54 78
183 1566 20 253
807 772 1 225
772 360 351 645
772 984 15 194
772 525 510 728
772 1744 537 626
94 1481 498 553
1041 476 264 269
772 319 189 275
772 691 210 218
772 433 270 415
26 831 8 270
248 772 230 372
248 506 581 708
1240 772 220 332
115 772 161 427
248 1259 4 264
772 1394 15 238
30 772 142 406
1550 1636 348 514
877 670 472 695
1437 728 285 493
1454 772 295 311
431 654 63 324
573 1891 152 290
999 1820 85 341
1078 1741 559 652
433 772 82 253
1510 590 200 407
772 688 316 452
1168 492 543 611
981 772 275 278
1484 296 191 478
772 1634 21 310
772 846 189 471
678 1839 64 132
860 772 554 682
314 773 361 509
772 34 253 342
707 1351 545 553
1965 772 487 609
571 1858 60 174
297 1726 591 641
273 481 539 731
772 1246 219 420
1292 986 562 711
1983 772 315 483
1807 603 88 107
772 1711 122 381
1839 1546 258 323
1539 495 439 703
124 1552 456 572
685 680 147 357
337 950 529 779
592 772 91 235
776 1826 163 212
1499 598 414 562
687 770 485 726
1159 1989 171 376
479 89 386 592
907 1100 159 397
199 30 309 353
607 148 240 261
1218 772 596 884
1805 1532 27 105
1496 1878 582 633
1124 107 499 649
1059 614 518 666
959 1821 83 332
268 478 269 391
772 406 231 491
185 159 248 303
798 1679 80 212
1428 772 230 404
1639 1993 276 484
283 1630 597 608
676 1606 211 258
932 1203 405 634
1137 772 559 638
864 772 195 263
772 372 32 271
179 669 524 803
1498 1754 290 413
1532 508 514 766
1197 1487 312 525
1969 82 350 487
920 772 500 742
1619 772 570 808
873 1493 102 390
772 1028 305 317
1513 1565 468 749
177 1457 195 327
937 950 350 381
1548 616 142 300
1059 1521 476 637
772 265 366 405
791 608 411 638
772 403 357 437
1017 772 275 457
402 267 402 476
904 772 219 346
886 1027 55 213
1678 1268 246 541
997 1365 194 373
772 4 538 557
1138 772 361 449
624 772 44 108
156 772 357 549
1800 1350 556 640
1093 1553 106 306
1661 772 77 125
1063 728 212 355
397 772 4 6
1883 1616 176 279
1524 1891 594 618
772 846 376 428
700 18 54 58
333 1487 76 120
458 134 481 755
1213 772 274 457
772 93 147 197
869 354 468 764
772 694 2 73
772 748 433 536
489 1119 66 202
1062 1513 310 412
1564 501 557 726
1232 1948 255 295
394 279 494 588
529 760 38 237
834 1815 475 640
772 15 464 501
772 1338 496 544
772 361 489 779
1852 772 335 451
12 772 162 321
1032 772 193 309
1126 455 497 513
1058 1544 97 201
772 51 450 562
772 1316 225 292
573 772 91 207
772 1447 568 704
236 3 251 252
822 638 70 328
1270 1138 365 489
772 1660 6 283
820 1066 336 463
993 1573 514 532
772 57 72 181
772 58 475 765
1312 657 75 206
772 418 574 844
985 823 63 264
1650 772 413 487
1269 772 180 384
998 180 222 503
334 772 181 215
1480 1744 423 508
397 1953 94 280
870 1034 178 377
772 1655 115 261
149 1152 375 437
772 475 474 550
1173 1235 544 613
1342 1869 82 196
888 772 19 211
1220 248 45 64
1091 772 579 592
929 1396 393 607
772 251 410 552
1087 1811 279 489
1459 772 292 507
772 1563 379 509
1699 1848 359 560
1389 747 355 517
772 564 569 581
1439 701 261 493
1454 688 112 184
269 772 229 422
884 772 230 385
772 1737 508 801
333 484 570 633
534 338 161 418
113 772 267 340
772 1211 381 527
772 749 148 187
772 250 7 20
476 1751 325 606
617 356 281 468
772 948 561 809
772 1185 458 609
710 826 461 683
270 1337 386 666
1807 225 304 516
16 1711 218 507
772 771 226 460
410 772 490 500
369 380 445 576
1741 1143 427 436
759 1793 566 639
651 88 300 339
772 470 346 628
772 1296 420 494
827 772 574 737
1561 1492 326 356
292 689 535 761
304 772 269 296
772 1384 526 628
973 1473 18 276
1681 1774 368 540
885 772 421 610
772 151 217 440
772 585 402 408
772 1275 530 582
1349 948 257 345
772 1981 107 189
1351 1410 419 489
772 501 417 519
886 895 398 522
656 772 216 333
772 1795 285 311
1815 772 292 557
772 1629 62 164
820 772 585 796
342 772 366 391
772 383 119 286
1936 1641 534 653
595 113 322 390
1305 772 444 660
124 1643 465 652
772 843 62 280
1472 772 172 261
360 772 348 631
1617 1620 344 576
772 81 391 415
1122 1690 516 530
772 479 370 413
673 812 597 645
772 182 303 323
772 1229 77 210
772 296 168 400
1075 1677 280 447
772 1533 242 347
874 64 235 387
3 772 540 680
772 1524 338 490
128 772 470 586
772 114 173 457
772 773 475 644
110 1351 439 729
1564 772 223 463
772 724 577 787
772 1206 314 439
459 451 14 199
1786 1322 176 217
512 89 482 717
1414 772 120 248
1409 1228 368 609
772 745 591 811
679 363 144 200
1574 867 416 616
1485 1295 322 470
265 997 51 198
772 557 364 433
914 772 373 467
1795 1353 203 409
692 588 525 773
1651 772 172 262
91 178 368 453
772 1089 44 99
1085 1620 411 473
772 1701 20 226
784 772 220 350
925 772 157 314
962 772 399 570
1967 89 457 716
975 1137 256 297
772 481 560 604
772 1789 322 478
106 842 179 349
915 772 334 600
1590 772 577 860
1523 1929 291 584
1680 827 182 367
772 569 143 326
772 1037 566 619
772 808 567 612
1845 449 179 314
965 1797 2 215
772 171 358 606
772 743 517 620
772 936 160 394
838 1168 247 484
1370 264 264 353
1062 1826 294 543
113 1895 408 581
772 964 571 607
1319 1351 458 720
772 1056 290 353
440 772 220 361
1877 772 26 99
772 775 78 106
1668 753 150 356
772 1045 120 366
772 449 250 433
1194 772 1 126
1689 1349 393 417
21 1213 30 121
1543 62 311 580
589 845 213 257
1560 772 52 256
739 368 569 826
900 733 448 663
496 212 408 473
852 979 57 172
738 977 453 643
1555 1437 487 757
1677 714 159 453
298 314 383 427
794 772 178 209
1809 1626 174 263
1616 492 39 226
642 772 365 640
509 221 254 465
772 1008 208 242
772 393 94 164
1551 772 170 184
268 1180 426 428
772 979 270 468
1943 1775 257 309
772 280 242 298
565 772 313 411
1764 1606 132 360
334 1823 587 655
649 1562 196 306
1237 1544 522 787
772 1135 5 256
643 865 375 532
772 144 356 430
1989 772 311 462
1155 1 493 505
1800 458 587 728
772 967 157 375
441 772 254 477
132 772 228 396
772 1682 477 665
1879 1120 93 217
772 38 406 552
772 412 65 147
1065 33 372 498
772 538 23 163
932 1664 126 255
1133 795 101 219
1768 772 576 742
324 279 184 248
738 1821 508 516
1404 772 563 841
772 592 258 345
1141 605 175 458
1618 1751 523 592
1558 1092 444 467
74 772 293 559
1327 1852 119 197
1680 772 183 228
742 772 243 358
63 1459 142 236
1432 1632 33 93
512 187 92 208
174 393 516 580
1710 1545 505 560
972 772 308 507
1525 134 589 792
772 612 14 108
772 914 45 296
772 1903 312 480
772 836 523 667
1444 1797 419 682
772 1460 360 594
772 277 407 689
1550 1279 283 386
1424 772 122 358
37 772 158 366
1385 1928 231 342
772 1894 60 314
635 699 586 740
1667 772 244 441
772 145 56 176
1211 772 393 556
251 1129 480 611
772 952 477 763
1785 772 357 547
643 772 34 62
684 1572 307 332
772 30 78 141
772 1692 114 263
1665 1883 209 430
1160 293 355 381
1425 1110 391 423
1278 1735 396 432
168 663 27 207
104 894 378 559
665 772 479 668
772 255 189 307
1205 1194 251 485
772 1384 22 245
456 1003 203 392
1656 765 265 531
772 1537 493 792
772 368 528 727
1622 772 79 217
1749 772 476 747
1243 1597 596 733
104 1506 344 475
1659 772 165 234
817 1289 364 649
772 1758 256 386
772 479 90 332
1217 110 225 244
1836 459 248 328
451 1617 194 371
772 376 392 471
772 1667 362 453
1796 22 80 332
1608 482 80 308
304 772 544 679
411 772 240 315
134 772 293 336
110 1584 38 250
772 1715 158 169
470 490 153 298
1497 772 97 189
772 1353 47 82
857 1986 445 599
759 279 404 543
1145 772 550 575
1873 772 158 250
1640 1563 442 486
690 149 451 517
584 100 553 703
1939 772 489 529
55 145 551 695
1321 772 82 272
1096 983 476 621
1355 772 213 218
1633 346 575 747
718 772 370 649
772 960 35 141
407 772 496 501
1886 1018 141 280
1513 1251 502 800
394 673 318 517
1235 1587 459 479
859 1105 313 405
620 49 109 159
772 985 452 528
772 1643 112 256
1401 772 543 585
772 1513 514 542
532 772 592 671
1436 1004 100 199
1326 504 50 176
419 282 374 533
1821 838 314 317
772 1865 31 144
1325 772 479 632
772 658 492 620
150 495 215 472
1422 999 398 562
1478 772 426 666
1117 782 554 643
663 1225 6 151
805 1755 329 404
131 772 267 498
1208 772 247 299
1051 1493 541 631
772 497 482 644
1783 772 156 306
497 772 222 308
973 179 569 785
772 1888 500 591
1733 856 82 171
586 834 246 416
349 1213 447 743
319 772 549 763
1769 772 524 576
772 1228 44 237
1191 1519 593 864
1610 772 279 471
322 772 128 310
772 100 324 541
1087 151 166 310
763 1931 167 462
1775 107 571 722
35 157 478 547
529 772 152 188
772 1773 214 386
654 944 468 660
622 772 203 305
772 399 108 374
772 696 277 506
1668 1610 562 779
772 691 137 219
1921 772 36 327
1380 440 442 639
772 1971 338 384
772 231 220 349
772 1180 568 797
772 1029 597 818
772 407 227 495
1617 31 369 491
151 457 474 594
911 1604 334 619
1750 1549 200 291
446 1245 540 792
682 751 439 728
700 1008 448 608
1373 772 367 376
772 116 562 708
237 122 127 262
1117 65 251 472
772 537 200 274
1863 1434 520 721
925 710 445 603
772 1360 550 644
267 1322 59 325
213 736 313 524
772 474 287 397
772 300 182 191
1491 772 514 709
1737 772 343 407
1740 772 26 316
772 365 197 310
1080 252 142 267
363 1097 133 192
231 1927 483 664
208 772 342 349
895 949 593 884
1340 772 572 639
1745 1422 5 59
373 1396 375 644
1453 410 65 158
89 1489 347 562
1096 581 299 579
772 719 188 350
772 675 235 513
447 772 160 431
7 688 449 607
1169 211 472 597
935 943 357 515
467 1949 357 515
1802 772 279 415
772 1965 316 346
1784 1456 238 443
1338 980 153 245
1232 1820 486 750
884 772 37 170
772 175 408 459
371 920 97 353
223 772 167 384
840 661 25 266
1935 1170 255 309
772 244 219 275
772 1241 78 331
772 478 284 446
772 1186 415 581
1458 772 186 441
772 888 464 655
772 874 183 361
772 1873 178 274
1058 596 122 252
1146 900 15 229
258 772 552 608
484 31 386 509
772 45 348 450
90 772 123 186
1812 772 516 598
1915 772 549 589
1018 772 526 778
450 1192 21 37
1039 210 31 84
1665 772 257 548
1367 1522 261 273
752 1769 340 523
1524 772 515 551
772 1422 556 773
772 623 66 120
774 772 148 326
275 395 154 320
772 1375 93 311
141 6 205 225
648 863 256 401
1936 772 317 514
772 638 43 179
1332 184 80 371
1909 1859 182 373
1101 772 191 435
1984 341 306 414
772 506 428 689
772 226 328 430
6 626 512 644
1095 107 138 229
772 570 69 287
198 1477 528 612
772 1379 527 601
772 680 595 690
1197 5 145 263
1546 1416 11 175
772 828 512 612
771 1031 190 325
578 1505 112 377
772 279 341 571
902 1646 57 122
772 1237 116 374
1039 1849 36 247
772 451 255 391
1063 283 71 245
772 490 359 436
772 187 565 612
1549 772 381 533
869 772 75 363
381 1815 421 423
549 666 451 495
325 990 92 337
233 1201 522 755
1218 616 402 517
772 77 235 507
1921 772 53 240
423 1661 585 821
958 772 499 790
770 1962 520 629
772 1286 232 271
1010 772 446 594
772 733 217 516
342 772 378 509
1970 772 364 641
772 492 576 854
772 510 280 417
622 1600 40 168
1443 1201 89 175
1014 772 353 540
1054 1115 407 604
17 838 238 432
1980 772 591 600
1012 686 572 776
1429 429 355 614
1684 1292 473 662
1684 1756 491 668
1151 772 497 589
1813 1610 361 642
772 664 496 656
128 774 137 405
1516 1975 585 756
1119 1610 233 280
772 1327 469 722
1732 24 206 491
451 1188 387 542
947 886 90 159
772 1327 372 636
1099 821 87 99
1721 805 220 267
823 772 343 569
1105 238 219 508
90 808 576 704
1243 772 38 200
1514 161 307 417
772 88 326 621
1368 20 288 417
1838 1025 185 462
772 392 352 426
919 1930 300 392
146 285 556 574
772 916 511 597
952 1316 565 665
1124 1212 27 277
772 1234 116 292
1947 772 47 187
772 718 430 537
772 1311 412 668
412 1654 448 670
1589 799 518 792
1569 772 176 429
1721 106 168 283
1916 496 163 260
1684 772 328 443
520 1214 345 576
1246 1060 279 446
98 488 477 593
152 888 227 433
772 773 9 164
1757 1932 361 464
558 1436 400 491
1800 1431 423 559
347 772 564 801
1352 772 87 347
1720 593 192 295
772 948 103 292
1839 772 500 696
1325 622 536 594
1694 283 149 363
884 99 466 472
797 772 223 473
603 1096 325 601
1934 1917 375 453
1913 86 368 602
214 919 197 348
944 1305 302 577
150 772 235 518
1132 1515 66 274
1806 1833 71 97
543 454 362 500
1216 186 214 231
712 772 495 667
772 405 102 231
235 147 372 560
772 996 457 461
852 772 256 298
772 1165 287 510
199 772 556 657
46 1710 453 550
85 772 446 568
468 1305 11 218
788 1231 494 559
734 772 536 825
168 772 66 177
772 966 65 306
607 813 406 528
291 772 528 772
1608 405 81 139
772 1824 564 627
80 578 81 244
772 1881 570 829
772 1620 244 369
1979 318 307 441
772 1502 549 597
1559 1932 309 582
772 1438 316 553
772 916 486 614
772 483 253 439
4 324 88 251
1596 762 466 720
772 912 367 439
759 772 361 406
222 614 239 384
772 1563 437 574
849 389 514 574
1449 1851 191 314
772 1304 125 164
772 123 83 335
772 1627 2 174
303 733 282 359
772 512 495 533
46 772 173 323
629 772 124 256
1668 1892 457 626
1713 772 197 315
187 776 87 101
129 772 572 749
1796 1036 333 541
1313 772 391 622
915 772 32 280
729 1810 104 234
660 1158 583 625
886 772 233 419
1452 772 201 312
