1992 3994 0 0 0
568 1273 147 395
327 464 221 395
970 1109 16 55
178 568 552 596
1114 1203 167 374
485 568 124 149
568 716 501 558
102 568 474 497
568 670 30 294
568 583 346 605
568 833 57 62
568 1420 461 699
546 568 194 380
568 1348 505 545
568 878 87 298
331 568 49 61
1321 1442 209 221
96 568 574 594
568 648 126 375
568 1076 341 590
568 956 223 290
235 568 194 389
480 1813 1 73
259 568 467 631
568 1476 202 270
233 568 506 638
505 568 333 352
568 1232 517 628
1354 1787 392 523
150 568 72 196
568 1434 495 539
568 908 201 465
568 1726 415 552
568 1754 386 575
568 1105 553 702
1580 1668 193 282
568 1684 341 535
568 1151 105 228
1094 1260 425 619
568 1496 361 535
671 1954 538 728
568 1935 446 711
568 904 122 266
568 1457 100 204
568 1882 286 531
44 568 531 674
568 872 437 638
568 1479 274 371
568 772 286 353
1126 1933 538 583
420 568 43 303
568 1626 562 618
568 635 183 226
568 965 244 447
568 915 89 385
568 1821 24 308
568 1728 483 683
57 568 371 449
1105 1569 185 240
507 568 357 623
568 738 137 253
327 514 189 193
568 988 424 511
568 1651 533 671
568 1532 142 374
259 568 525 688
335 568 116 245
568 1914 333 476
117 568 213 375
461 659 81 298
568 1273 99 173
1924 1960 555 614
568 604 320 479
165 568 36 326
193 568 44 155
568 1573 308 309
568 998 117 206
568 1218 161 323
9 568 143 430
568 1512 567 631
568 1611 593 635
568 614 51 153
568 1078 2 158
675 1937 277 359
710 1273 499 686
568 1582 470 556
216 568 131 282
194 969 474 763
568 665 267 535
568 1327 162 169
920 1315 471 769
223 1865 367 540
1534 1958 51 193
536 1721 145 229
711 1277 79 331
202 1721 287 502
822 1032 402 677
194 692 327 508
568 1331 237 325
1779 1782 136 324
568 735 432 723
568 1464 214 239
568 1984 325 513
237 1285 35 41
568 1324 273 362
568 1354 125 259
568 1952 170 268
224 568 538 607
562 1633 445 677
377 1509 310 536
568 1626 115 300
568 1184 349 382
18 568 181 236
336 518 197 332
43 568 45 114
568 1536 57 310
568 815 589 656
568 836 306 398
568 1514 568 636
1304 1390 320 327
568 1471 145 220
568 1181 116 255
568 1159 132 363
568 784 390 548
568 786 94 316
176 568 225 353
580 1712 167 203
568 1601 296 576
568 884 296 317
1169 1871 19 134
280 1111 592 835
568 1231 495 519
252 976 344 508
44 114 567 674
758 1405 53 111
584 901 92 258
568 1353 556 821
1390 1571 2 260
568 674 374 493
75 483 28 219
1043 1939 383 582
304 568 264 381
604 669 71 258
568 1478 383 654
568 1666 530 716
568 1240 213 298
312 568 413 651
568 1547 152 446
568 949 176 386
111 1130 78 226
152 1149 464 729
550 568 508 672
296 568 30 95
1281 1786 227 300
568 1049 135 274
39 568 275 354
119 568 501 589
568 1640 501 783
568 815 37 177
568 1545 509 800
568 990 420 644
568 1052 24 273
568 1830 549 579
568 1930 93 149
216 866 174 274
1421 1544 71 318
568 885 228 413
81 1373 486 579
374 568 152 245
568 723 421 542
568 956 160 190
568 1102 116 204
10 568 305 313
499 568 440 684
151 188 71 86
568 1933 87 130
568 1154 138 192
568 1794 596 642
568 1989 76 163
568 993 228 425
202 736 45 215
568 868 168 259
1770 1773 524 697
568 1225 20 202
568 1825 218 414
568 1803 22 76
96 568 476 598
197 568 371 394
1061 1298 328 478
465 1268 284 513
568 942 534 816
568 1023 562 839
1098 1531 238 268
568 1347 25 34
564 568 43 323
539 568 213 316
568 1288 532 628
568 885 145 254
216 1817 296 509
1358 1840 308 350
1392 1717 500 568
568 1649 444 483
1404 1590 509 532
405 1074 328 416
470 890 563 764
503 526 593 772
680 707 444 646
568 1794 270 480
55 1792 66 94
568 672 352 583
568 913 509 534
568 1710 210 368
455 568 353 563
568 1644 384 658
568 1423 375 582
1034 1677 460 596
568 894 263 513
568 1839 500 518
568 1937 224 228
568 1504 499 632
219 1837 77 331
568 1550 78 377
88 568 544 606
568 1796 36 299
568 1853 146 318
11 568 342 411
1615 1935 401 571
71 568 147 409
568 1411 216 358
568 1119 123 144
568 867 377 452
568 1812 251 375
280 568 70 264
298 365 560 576
407 690 12 189
568 1554 344 600
612 838 38 210
58 568 411 547
568 1441 349 439
149 568 468 627
568 1479 518 587
568 695 538 602
25 755 54 284
528 568 90 357
568 1331 463 525
568 721 442 698
1032 1303 225 305
568 749 144 380
1016 1162 575 764
211 1152 299 512
198 568 359 457
568 1868 535 649
568 1249 388 653
222 568 83 317
568 1722 29 48
988 1637 90 157
568 1710 428 595
568 741 444 481
568 1508 437 716
33 1498 56 125
568 1015 361 572
1381 1835 435 577
568 712 239 459
203 1731 20 203
568 866 560 793
568 1014 513 728
277 1467 2 23
568 1241 395 398
568 605 54 277
289 568 377 614
568 1123 64 338
568 1865 292 361
568 1989 589 636
400 568 222 406
320 568 521 739
568 1241 426 542
568 1105 182 257
568 1384 569 684
568 655 231 472
403 568 502 684
568 1798 561 712
568 1409 344 469
677 774 101 140
291 568 328 358
466 568 311 402
596 884 162 381
568 1848 259 439
507 568 383 627
168 1853 388 502
635 856 509 595
559 1058 38 178
568 837 107 251
568 918 195 386
568 1884 535 586
568 1661 367 580
381 568 384 598
568 1762 455 589
960 1707 164 245
432 568 452 562
1233 1479 374 508
170 568 322 362
568 1867 232 332
1190 1823 559 762
359 568 129 415
568 1976 4 174
568 1984 30 319
48 568 460 682
1858 1865 26 287
986 1537 164 412
568 1530 424 432
1147 1328 442 682
143 568 538 764
568 1037 566 665
568 1787 299 362
568 1473 142 412
587 940 232 429
568 1741 391 432
568 1787 266 365
568 1847 440 565
568 1392 312 521
304 568 274 294
372 568 317 344
568 681 270 549
93 568 129 281
568 1340 110 236
568 1796 213 317
568 776 204 474
942 1618 8 270
464 568 367 514
172 1013 152 376
568 1290 307 505
568 1344 168 196
1339 1567 56 102
1299 1583 451 575
568 871 124 362
568 656 347 571
568 1498 356 533
682 1422 430 713
568 972 427 551
1263 1426 231 463
568 1321 588 874
568 1013 417 651
568 764 528 825
568 952 390 527
568 1214 419 578
568 740 307 328
1097 1617 94 146
568 1119 547 650
1816 1925 148 182
110 492 572 629
234 568 317 505
568 1574 8 64
8 568 236 509
529 1702 221 429
568 1759 398 587
568 1183 210 428
252 1275 422 525
663 1672 496 693
378 568 95 207
340 568 192 405
1043 1597 77 102
568 1198 451 692
568 1301 519 641
1675 1848 179 423
568 1919 58 225
568 1153 439 624
568 1324 491 727
1364 1513 460 484
102 911 532 685
151 568 324 563
143 151 64 65
333 1695 79 190
322 568 24 213
568 1557 512 787
568 1439 212 238
568 754 32 135
568 1020 407 678
568 1131 470 588
1165 1924 379 607
568 1647 250 514
568 807 105 156
180 1422 128 218
568 1011 516 639
568 1844 520 624
1093 1126 502 513
779 1791 109 297
616 1521 513 734
40 1570 380 506
197 1666 592 724
568 718 323 332
1011 1480 359 426
1225 1265 476 592
568 1015 323 545
568 1779 201 485
568 1920 444 482
272 568 253 425
568 1514 419 676
568 1489 29 137
519 1606 495 731
568 1033 561 592
568 644 595 657
568 1920 395 634
568 1855 155 228
568 810 277 546
376 1443 149 345
568 1096 138 299
1647 1983 78 197
1813 1838 453 531
1549 1618 182 192
1388 1560 65 155
445 568 393 641
568 1390 533 801
568 1265 170 408
568 1199 253 545
667 758 253 343
568 1674 146 309
445 568 413 682
568 829 337 543
568 602 210 398
450 568 386 521
1466 1549 196 242
568 1071 570 748
74 1355 14 62
278 568 336 419
364 568 161 366
568 580 524 801
568 1032 179 383
207 1138 22 245
1372 1524 53 72
92 582 73 240
568 929 262 428
568 1401 51 139
568 1397 186 365
71 1777 224 413
568 1029 4 209
568 1551 135 414
210 568 277 443
592 728 136 351
515 1102 487 559
29 587 544 743
1848 1992 460 479
169 568 285 554
342 821 32 125
568 1737 142 227
568 1294 482 766
1921 1988 76 220
986 1622 590 821
568 1662 90 312
568 1028 381 624
113 568 17 305
568 1684 526 748
568 1746 528 536
818 1783 499 687
568 1430 100 374
568 1867 399 470
153 795 93 214
126 686 524 773
569 1840 589 601
380 568 549 683
1390 1551 338 360
527 675 123 238
568 1684 562 733
1823 1900 212 424
568 1954 117 355
568 1349 48 324
362 1515 321 530
376 568 435 541
568 1701 510 522
568 1900 500 531
259 568 70 109
568 1888 256 430
568 1475 531 778
568 1037 338 370
560 1894 484 546
568 705 173 370
283 568 89 285
568 928 385 488
143 568 81 253
568 675 372 662
20 568 512 579
568 652 152 207
12 426 447 623
288 568 81 87
189 568 429 687
72 623 373 468
568 1351 543 551
14 326 258 274
568 1455 38 106
568 683 118 221
568 643 257 380
2 568 363 492
568 680 509 734
498 568 542 773
1383 1729 76 107
269 568 79 356
315 1876 464 607
568 1872 55 297
294 568 423 600
568 1532 44 257
568 787 193 265
1048 1281 312 369
135 568 546 644
568 1861 434 601
568 1925 568 845
145 1951 481 570
568 1226 143 330
568 1892 593 883
568 1696 504 723
475 568 318 556
568 1305 21 114
132 568 76 338
568 1307 168 312
158 1540 186 250
568 731 309 388
568 778 438 582
568 1152 591 877
562 568 311 520
1160 1242 260 464
568 1118 387 531
661 1711 48 223
568 868 504 524
25 568 459 630
386 1048 183 370
253 1097 140 228
568 940 148 280
568 1341 586 703
568 638 102 219
159 1800 419 700
568 1353 161 235
568 828 546 823
568 1922 72 84
568 704 311 363
1664 1722 446 620
568 571 484 672
568 897 215 417
568 1839 377 636
568 1557 131 209
568 1818 294 517
175 930 191 240
568 1130 378 463
930 1286 558 648
351 1101 331 492
535 568 47 211
710 1943 519 520
568 1000 462 614
568 778 168 378
525 568 372 512
568 667 397 570
3 568 447 618
568 840 370 432
568 922 64 288
698 1762 227 434
819 1785 8 105
568 1789 243 495
568 1753 317 425
568 1756 18 22
568 1986 449 673
35 1136 556 629
324 518 326 552
1251 1921 414 488
528 568 502 759
568 1615 431 597
568 1683 459 665
9 568 542 616
1342 1691 182 304
424 1308 444 715
568 1309 449 740
568 1525 277 315
568 906 122 217
568 1492 83 370
810 1263 526 671
921 1143 492 765
511 568 557 772
568 1854 377 465
119 568 544 739
245 568 192 398
489 568 507 606
77 568 449 620
568 1033 158 273
568 1137 213 455
568 1603 451 662
418 568 246 315
568 1680 399 585
568 1789 25 56
568 822 355 376
49 568 422 532
568 1214 75 217
461 568 46 157
182 637 501 666
568 1070 193 205
568 1111 536 623
568 1625 539 583
1388 1422 67 75
568 828 578 639
568 1392 338 550
769 1093 208 414
568 755 445 710
894 1853 109 331
568 1714 450 512
568 1084 247 328
568 1783 533 778
568 1887 229 306
401 568 240 381
568 1637 65 144
568 691 302 344
568 1102 448 710
568 1590 296 452
463 568 157 209
81 568 69 157
489 568 142 212
568 1943 437 531
893 1538 273 533
568 1719 18 221
255 1216 326 394
558 568 549 662
568 1800 571 600
568 1541 101 108
119 568 341 461
568 1058 53 281
1021 1868 191 266
345 568 549 757
568 686 596 849
87 125 125 273
34 1903 423 616
568 1619 93 327
369 1827 482 763
144 1087 430 454
610 1646 369 647
19 568 573 822
568 1609 89 197
556 568 148 206
314 568 313 348
568 1800 385 418
568 884 525 641
64 895 331 526
568 1928 479 606
568 816 66 79
425 568 579 777
35 568 539 761
571 1587 348 529
568 784 331 600
115 568 170 300
568 929 37 325
568 1970 108 338
347 568 484 766
306 568 565 821
568 1848 186 247
568 893 261 275
568 1762 97 273
430 568 185 484
374 568 453 543
568 1582 88 306
568 616 70 323
568 1618 576 792
137 699 425 491
568 1263 39 312
1736 1961 398 446
367 1084 3 32
1564 1950 584 806
181 703 95 382
568 1123 455 524
479 568 219 322
568 1975 365 461
568 1879 221 272
568 1674 293 442
279 568 59 160
568 1125 511 514
568 743 57 113
568 1609 68 240
568 1203 441 464
568 642 76 116
568 1914 216 450
187 568 581 585
568 629 583 861
79 720 382 574
568 1701 281 392
568 1579 386 682
1130 1744 72 278
227 568 278 384
161 568 491 790
568 624 266 453
1539 1543 400 670
568 952 37 150
568 632 327 391
8 1689 278 361
568 1453 158 202
236 1954 509 609
568 804 397 685
1347 1431 586 684
568 1973 205 292
287 1863 596 748
568 680 461 644
149 414 8 13
568 1595 284 374
424 568 54 164
1084 1138 407 516
568 639 287 450
807 1591 180 328
568 1925 463 509
568 960 479 584
568 1595 568 764
568 841 151 337
568 1623 553 583
96 568 277 454
568 1104 60 107
568 1102 373 523
568 792 549 817
568 1759 28 169
568 1430 463 507
724 730 236 327
568 737 225 491
73 568 292 422
568 1205 341 555
568 1837 169 308
543 568 197 401
568 1161 219 426
1307 1732 11 253
568 798 542 717
568 1872 428 545
568 647 538 674
1172 1383 380 630
568 1514 520 539
130 568 532 692
715 847 525 792
111 568 449 651
568 1269 167 318
568 1942 421 620
236 568 512 577
568 637 144 315
568 1218 472 680
397 568 580 802
568 1958 120 142
480 1780 69 126
264 568 567 845
564 568 483 646
106 1910 457 678
467 568 596 782
568 598 208 416
568 1104 553 640
679 1833 309 550
568 1310 538 613
568 1821 284 353
329 568 518 562
323 1316 17 213
409 568 149 253
568 1356 83 315
568 848 33 132
568 1136 265 316
568 1824 56 329
568 862 266 461
568 1178 445 618
544 1075 380 611
568 1665 37 96
568 1615 435 733
659 998 587 806
319 568 414 566
222 568 24 268
568 1026 76 115
188 568 28 181
286 568 109 186
35 568 222 289
109 568 516 803
568 1946 131 292
568 1064 60 116
576 1591 144 269
568 1555 31 37
1253 1741 591 743
1611 1780 454 522
670 1581 370 522
568 1219 590 682
755 1546 61 260
568 1291 438 609
1356 1652 273 455
558 568 288 338
568 1755 180 243
568 1173 581 839
568 1923 25 234
568 1276 54 126
568 576 598 658
568 730 12 291
568 1709 555 642
568 1582 254 533
568 1209 409 574
568 1062 407 478
568 792 533 823
236 568 314 602
568 1237 555 682
84 1649 544 704
568 1917 99 201
568 1575 281 409
568 1546 174 466
568 662 380 591
568 830 155 365
568 1506 77 219
568 795 42 218
568 1888 129 251
448 1579 548 743
531 568 508 537
546 568 65 112
1186 1844 243 295
568 621 462 517
338 568 178 324
33 344 349 483
568 1054 198 314
82 1781 285 451
1152 1490 164 180
568 1178 358 573
568 1456 534 554
568 922 411 637
568 854 11 154
424 568 160 227
568 905 349 647
883 1375 379 674
568 1304 544 718
720 1567 24 234
856 1454 215 360
396 568 92 273
568 1678 409 707
568 617 218 365
568 1289 368 385
568 1395 173 440
568 818 37 214
568 769 424 581
568 940 447 664
568 1293 480 532
568 1955 335 468
568 1369 219 263
568 874 500 671
566 568 392 438
568 717 172 327
466 568 143 239
568 1820 557 579
568 1434 403 604
568 1227 209 473
568 652 88 278
568 914 267 524
265 568 216 236
272 568 164 404
899 1667 138 365
568 1942 163 420
568 1217 474 584
568 1543 158 296
568 1033 554 798
16 1738 328 367
793 1446 476 684
568 1917 412 465
494 568 118 364
568 1203 258 387
401 1385 578 836
568 1886 567 766
568 825 500 721
568 1956 144 243
15 568 462 592
1354 1916 163 207
163 1547 406 611
568 1142 483 680
568 795 89 161
45 568 530 779
235 1813 519 794
845 1671 83 249
568 809 260 342
568 1535 300 465
314 1906 332 584
568 1691 38 98
281 1337 527 820
1096 1618 163 237
568 641 541 562
282 568 250 440
568 1487 215 502
641 1355 1 297
568 637 219 311
160 320 349 517
568 833 241 335
568 692 264 280
568 1379 354 515
568 1444 482 586
1501 1972 379 455
568 1039 96 268
568 1266 304 513
50 568 328 352
568 797 107 184
568 1951 502 726
542 1043 405 592
324 568 59 131
568 970 318 590
568 1990 563 826
568 753 599 842
941 1281 361 599
15 568 368 518
1 4 20 23
568 1568 303 582
4 568 21 130
568 1347 55 70
568 1036 191 407
568 1869 104 361
498 1165 393 617
502 568 34 210
1055 1717 468 613
483 568 131 140
568 1113 223 365
568 1687 182 287
568 1413 458 670
131 568 111 234
568 1884 78 218
45 446 159 237
568 1745 26 318
59 1603 554 806
568 1171 364 483
297 1382 316 441
568 1139 547 552
1092 1267 481 505
659 887 488 534
568 1361 591 720
568 1671 198 330
1014 1386 133 395
568 1756 371 663
568 885 429 586
862 1314 314 485
309 568 298 597
344 568 383 576
477 568 508 534
629 950 51 150
568 612 70 238
64 1118 408 667
568 694 488 569
513 568 57 159
568 1801 99 112
455 568 442 546
568 1450 331 553
568 1124 161 396
427 1005 96 161
568 1261 425 605
61 1357 534 817
334 568 447 569
570 601 291 317
568 847 200 424
171 568 539 677
568 1665 421 646
88 568 7 96
1730 1920 593 662
102 514 392 643
568 1460 544 566
568 608 554 596
568 911 511 517
747 1814 392 453
307 568 168 358
568 814 582 843
810 868 159 332
414 1347 184 396
433 568 425 579
560 1907 270 303
568 1504 307 311
467 568 496 668
568 1343 484 545
635 1222 284 381
568 984 147 254
100 495 296 415
568 987 347 456
87 1155 187 442
649 986 434 476
568 1728 568 626
568 1269 594 760
568 1133 110 281
568 1359 231 270
568 1170 147 441
56 568 150 405
568 1447 292 580
323 568 86 283
568 1016 258 266
96 568 428 599
344 1489 504 509
568 1806 181 458
432 1055 237 515
568 1831 289 481
568 1653 368 447
568 1282 127 341
232 1642 395 447
568 1367 344 524
584 1499 157 429
491 568 82 246
1110 1240 276 299
1013 1386 240 361
568 953 400 667
568 1807 340 464
284 568 12 27
568 1834 502 531
568 1317 459 520
568 951 539 556
568 1294 115 242
568 1268 96 142
568 661 81 267
375 1043 528 746
178 568 168 382
1122 1726 228 332
113 568 390 544
462 568 487 600
300 568 496 610
568 1111 24 158
568 957 222 400
568 992 443 583
570 1089 89 167
460 568 159 419
568 1925 101 304
568 619 446 509
981 1137 169 381
568 1485 65 186
568 1408 471 723
552 568 4 46
568 1282 267 354
1041 1314 178 267
1394 1706 471 530
568 1939 505 563
979 1241 394 574
568 640 76 263
568 1411 406 436
568 1221 61 88
568 1257 335 535
126 568 94 218
568 1677 559 676
568 1112 27 305
401 568 558 641
727 1623 436 679
842 1173 56 299
745 1061 323 528
179 987 316 613
1055 1872 422 493
417 1947 297 342
15 1755 373 530
168 475 210 260
568 714 587 773
1455 1867 81 339
16 250 404 688
270 682 352 467
568 1965 470 677
568 1267 463 523
482 568 287 390
568 1589 39 317
568 625 515 773
392 520 405 526
568 1079 90 99
568 1461 361 571
568 1674 80 329
568 1224 343 639
568 624 149 191
568 1833 236 344
568 845 156 169
481 842 88 115
568 609 556 654
526 568 203 314
245 1799 487 495
568 1897 484 501
466 568 176 263
568 827 299 321
568 1772 516 777
568 1926 14 130
1424 1651 163 399
568 1887 439 627
944 1849 118 231
394 1088 72 120
568 688 288 372
568 838 551 843
568 1537 447 537
853 974 204 292
808 882 208 450
568 1902 170 229
568 1981 305 471
568 1051 545 717
568 1830 427 610
568 1037 113 392
568 1142 164 243
568 973 326 376
568 742 204 358
970 1049 394 411
568 675 163 167
568 1709 358 580
568 1755 467 720
651 1860 154 242
568 1371 59 221
568 1584 539 761
568 1610 584 674
201 568 164 225
568 1964 555 653
276 1152 68 122
568 1114 517 632
532 1437 136 216
568 1503 432 721
1673 1685 451 594
568 840 396 446
568 1083 497 693
568 730 175 229
359 568 406 453
40 1374 180 292
568 1947 39 241
568 1784 576 862
568 1932 65 297
568 663 416 536
568 1152 372 381
876 1161 199 292
390 568 554 646
568 1874 96 172
459 568 56 188
524 568 400 470
568 1536 353 475
568 692 443 669
568 1056 153 267
568 1114 115 192
208 699 564 674
568 1594 52 342
171 568 9 182
568 1747 399 537
833 943 256 532
568 1262 129 297
568 1756 475 734
568 970 535 758
568 611 527 606
1442 1817 271 570
568 1803 410 502
1750 1950 536 697
568 1417 181 361
35 568 238 386
568 968 230 318
81 504 214 428
568 629 442 456
789 834 115 393
568 1460 562 767
1917 1951 341 465
568 1437 276 496
568 1385 9 150
568 638 320 569
568 846 143 163
568 1157 418 523
697 1693 287 548
568 719 300 474
568 1667 297 559
117 568 74 314
568 1788 2 114
568 1090 251 545
1087 1890 191 204
1326 1706 552 734
872 1359 162 173
396 568 457 694
838 1689 594 706
568 1557 363 496
1393 1611 330 540
568 1421 300 493
568 1134 381 639
253 608 269 287
25 568 313 404
568 630 326 398
568 970 162 197
568 808 339 437
568 756 185 249
568 1815 117 171
568 1854 205 441
568 1857 314 502
228 1215 123 370
568 1411 184 213
722 1743 60 317
568 755 376 647
864 1236 355 517
302 568 237 403
1419 1809 486 497
534 1108 510 542
568 1580 555 678
568 1916 480 486
568 1237 383 573
974 1733 538 785
2 568 302 511
568 1584 450 680
274 465 443 658
442 472 203 346
568 957 228 385
381 568 274 338
1288 1705 174 192
258 568 79 356
1036 1949 121 221
568 1483 393 689
568 1021 83 262
568 1251 474 615
568 1228 112 191
253 412 581 868
495 1162 530 675
103 568 69 260
638 665 29 290
402 568 419 506
568 1898 220 316
461 568 13 198
568 1893 442 651
568 670 502 679
568 1394 533 616
172 789 593 703
900 1085 113 220
517 568 345 451
249 413 316 383
347 1392 69 242
568 1720 386 423
568 1528 88 158
568 1439 244 250
410 1445 310 455
541 568 245 382
568 874 426 557
568 1149 356 610
568 1828 316 576
568 1631 467 560
553 568 402 439
526 568 496 746
568 1019 159 317
960 1390 349 453
568 1991 236 381
568 1205 223 341
568 1836 22 214
117 568 216 223
426 1147 185 322
218 568 559 678
415 1926 276 477
568 1963 241 481
1317 1779 140 170
568 1057 30 254
94 568 282 542
568 975 574 618
532 1760 141 368
746 1745 139 187
568 1216 327 594
1073 1075 61 113
568 1397 388 526
568 1354 64 276
568 1081 171 211
568 1831 196 442
454 568 102 375
22 568 403 670
208 1801 434 642
250 568 426 639
568 1283 205 478
568 1805 589 778
48 1978 201 426
568 930 460 503
589 1183 171 219
568 1392 363 624
568 1968 169 367
568 1508 566 732
919 1217 490 769
315 568 350 635
568 1965 189 343
251 1922 334 534
568 1982 478 641
568 1358 589 706
568 1919 97 254
1445 1777 549 735
568 1869 570 664
604 1486 209 378
568 615 265 397
568 1503 407 595
239 568 158 284
121 671 551 568
257 568 30 120
568 1112 11 285
576 1113 207 218
568 976 335 543
428 1743 449 496
568 1539 336 517
568 1285 166 276
435 568 246 441
568 1860 475 549
568 1988 431 621
568 876 46 174
878 1599 429 524
367 491 202 274
568 1923 520 664
568 1203 463 711
507 1158 37 48
471 568 227 291
568 1898 147 279
1340 1606 561 769
568 1786 54 98
108 568 450 459
477 568 40 151
568 775 14 164
544 568 115 328
428 903 495 561
568 709 279 350
221 568 466 597
14 1849 30 45
568 708 419 640
373 568 96 150
568 1110 297 311
138 281 5 100
568 1574 207 317
568 876 166 184
176 1435 510 511
209 568 190 202
889 1807 258 356
568 615 78 307
416 568 148 157
568 1131 113 124
568 1735 423 680
568 1684 165 298
427 922 347 438
568 1616 109 122
568 733 240 400
568 824 436 443
568 1310 235 391
568 838 189 284
95 1873 428 689
1030 1318 126 223
568 1864 312 479
521 568 87 240
82 568 456 617
568 1925 190 418
461 568 108 387
568 811 373 556
568 1564 15 311
568 1710 31 214
568 1524 325 489
436 568 571 586
568 1498 520 749
568 948 25 287
508 568 116 283
1084 1086 321 507
619 1154 147 406
64 568 357 622
568 664 421 442
568 1885 536 707
568 807 95 175
1035 1067 288 573
323 1441 224 348
294 568 16 18
568 1704 59 330
661 1788 177 460
810 1549 554 767
902 1772 53 118
380 568 9 170
568 1591 587 860
568 1238 530 569
568 1655 180 376
568 1022 400 554
187 568 437 699
568 586 70 322
328 568 529 579
568 1874 98 267
410 1645 384 558
568 1811 265 555
3 969 50 148
346 568 125 310
568 692 476 652
568 1555 216 434
594 917 242 382
568 866 88 148
568 1091 484 539
568 1884 372 525
691 878 453 559
568 878 543 719
373 568 93 158
369 568 192 394
1011 1081 518 677
568 1344 118 264
568 745 590 710
568 780 292 441
490 568 207 312
135 458 36 165
10 568 488 687
568 620 445 720
1421 1433 488 680
1305 1775 370 393
183 568 12 196
66 568 271 362
568 1322 166 204
568 1487 491 656
1438 1853 135 390
568 1185 594 700
568 1035 428 672
568 1507 579 590
1246 1362 563 640
66 568 271 278
312 413 372 568
568 1352 364 456
220 1676 424 723
568 1707 140 263
308 568 272 500
568 1634 64 182
1281 1576 462 600
568 1492 120 217
568 1127 294 361
568 1464 96 219
879 981 249 265
568 1702 275 284
568 1676 230 437
568 1757 71 160
568 1987 61 73
230 437 89 317
568 1479 66 333
568 1340 456 692
568 1125 502 794
620 1366 258 388
706 894 165 298
564 568 319 565
568 1415 219 460
568 1090 441 472
568 1782 112 126
1094 1413 89 203
568 1907 322 416
568 971 245 299
568 1944 459 649
451 568 194 324
568 1002 92 111
568 1655 179 271
478 1067 430 667
568 1513 326 545
20 1352 479 759
3 568 168 340
994 1166 487 758
568 1398 415 421
568 1761 541 784
568 740 52 63
568 1492 201 308
91 568 366 606
568 1478 116 404
918 1633 173 200
269 465 539 584
568 1658 404 437
37 568 122 330
568 731 429 588
568 1589 135 138
568 1167 459 578
568 1941 273 395
231 568 293 406
109 496 492 568
136 568 223 353
568 1520 108 193
568 1049 152 175
568 824 93 363
568 782 168 369
186 568 273 336
712 1735 185 204
568 1688 510 668
525 568 475 512
169 1848 253 384
568 1771 284 512
568 687 559 606
568 1456 364 478
568 1826 481 605
409 1405 574 669
255 568 74 223
166 568 404 657
178 568 300 500
690 1240 349 573
568 1386 537 758
568 1790 161 409
568 1604 421 441
568 721 313 612
19 98 39 106
568 824 66 86
1185 1614 403 618
568 1773 329 384
568 1521 376 624
568 1006 423 491
568 845 142 375
327 1203 81 133
189 1598 41 234
568 1434 417 656
525 568 306 592
1360 1889 133 161
568 1759 401 539
100 1930 420 480
568 1118 6 7
568 1384 58 325
572 744 451 712
1046 1809 25 322
514 1835 398 646
13 568 437 692
568 1466 577 857
262 568 190 473
520 568 397 671
55 1876 342 405
568 1971 548 754
549 568 499 722
568 1854 359 437
568 1624 481 531
220 912 551 817
356 568 165 393
568 838 144 210
61 568 179 334
614 1798 592 826
568 1194 91 120
1306 1813 115 355
258 568 296 527
568 1634 154 258
520 568 214 361
746 782 135 381
568 1530 117 256
916 1708 567 685
568 1106 30 260
568 1184 311 343
568 1239 535 639
568 1947 233 267
911 1367 256 462
568 1092 465 594
1351 1823 74 128
568 1210 512 677
703 1005 282 553
159 507 420 619
568 683 82 98
492 568 110 377
568 878 573 759
568 1899 357 460
311 733 457 682
568 921 175 250
568 1878 535 590
331 1045 237 339
208 560 460 561
568 748 425 645
888 1017 231 438
568 1438 378 465
568 571 520 606
593 1516 586 762
446 568 227 247
43 181 99 203
568 696 448 502
568 644 79 320
568 774 562 701
568 1135 167 414
568 875 168 206
304 568 148 299
553 568 252 391
568 1436 599 739
151 220 479 662
568 1571 562 772
327 568 169 336
568 569 221 240
478 568 20 315
451 1270 84 326
568 1947 457 678
311 568 279 431
568 976 263 298
407 568 260 265
110 568 137 310
236 568 34 240
34 1639 360 510
568 1848 145 314
333 568 261 312
568 882 361 563
568 1259 165 258
568 1937 252 405
176 432 454 543
568 1254 477 558
480 1191 251 496
568 1687 249 533
550 723 218 354
888 1271 165 249
680 1763 394 595
137 770 254 471
351 568 153 382
55 223 70 340
568 1334 360 574
568 1088 530 821
568 1502 487 604
266 568 186 208
568 943 551 716
568 1394 594 634
568 1429 51 255
155 568 359 475
170 568 515 748
1326 1747 454 512
568 823 30 98
160 568 232 271
568 1762 2 130
568 1369 256 361
427 568 534 713
568 956 589 876
568 1541 138 357
1019 1393 151 235
1182 1323 390 547
1272 1868 140 301
149 1623 416 426
71 568 51 203
568 900 406 539
568 1160 130 184
568 1918 332 523
568 1487 451 618
568 662 92 200
568 900 465 505
568 1765 198 288
448 568 297 360
728 812 198 448
568 1071 22 50
133 1896 394 685
568 911 569 713
568 1118 126 368
435 568 482 634
568 1587 307 602
568 722 67 162
568 867 567 760
1303 1633 460 607
715 1502 453 511
284 568 183 432
568 730 97 330
568 1956 461 501
568 1313 593 774
732 1736 299 435
568 1552 172 264
485 568 301 535
196 568 174 363
568 1956 546 742
366 402 163 240
568 1807 178 296
568 1706 470 499
568 1438 380 571
568 1640 318 373
568 664 325 523
568 1374 24 247
568 764 149 421
568 1282 364 456
99 568 440 457
568 1079 126 245
89 609 207 326
511 568 98 292
890 1774 440 444
568 1240 437 467
1337 1891 332 421
568 1418 78 221
568 1169 524 780
568 1508 198 371
1160 1318 263 438
525 568 563 843
568 1610 587 763
568 1892 347 443
568 1523 399 498
293 568 222 458
568 1131 483 751
568 1722 43 248
568 1404 38 106
568 1524 333 483
23 1459 18 125
568 721 99 168
568 1177 96 282
214 568 578 589
568 1274 510 785
568 1916 439 589
45 568 146 244
568 1587 336 594
568 712 137 399
568 1384 81 142
146 568 132 239
568 680 232 436
502 1837 484 525
1377 1484 314 516
568 859 6 89
568 893 509 653
568 972 434 586
568 1100 443 623
253 568 114 273
568 1141 165 338
568 981 554 595
568 829 265 285
568 790 90 174
568 745 140 302
568 1870 209 354
1106 1229 130 426
568 817 27 232
512 568 324 556
568 655 271 321
568 625 1 67
125 568 280 574
340 1336 503 736
200 568 227 426
1388 1504 157 360
568 1471 539 717
568 784 274 431
568 609 268 278
313 568 19 307
568 1223 440 693
568 749 590 879
715 1391 410 447
568 1858 308 406
568 1777 470 665
568 930 112 333
53 197 247 361
489 568 561 564
568 965 126 351
295 568 319 445
568 1788 53 120
261 568 220 486
328 568 270 483
329 568 108 297
568 746 218 454
1468 1675 251 432
568 1901 207 230
568 643 62 170
568 1846 259 509
1265 1460 264 424
568 610 301 306
269 1213 250 391
267 1287 225 440
1059 1418 427 489
568 1350 301 464
108 1314 406 581
568 835 547 599
568 1314 86 240
568 1591 170 310
667 678 435 670
1675 1796 489 678
1155 1336 48 323
411 929 4 147
568 1300 431 436
305 548 589 698
568 793 234 498
568 1794 322 620
365 568 229 397
568 1141 593 781
1578 1600 289 425
568 1687 501 565
568 1881 117 257
310 568 416 546
919 1757 560 745
568 611 561 648
568 1225 316 591
135 1805 577 710
394 568 310 393
568 675 65 333
568 1703 34 201
278 568 176 443
568 616 85 278
568 1025 483 667
1173 1771 324 526
553 695 370 497
568 995 93 293
369 568 449 550
421 1559 498 664
51 568 263 536
568 1521 168 423
568 1750 3 86
251 1385 183 450
203 568 335 556
568 1344 575 809
568 1977 204 444
568 649 298 347
178 568 364 645
373 856 440 511
210 568 289 365
626 813 151 283
568 1873 142 174
218 568 42 108
568 642 125 242
1225 1766 180 199
568 1394 426 669
568 573 393 428
34 527 573 746
568 1638 297 417
568 770 500 540
568 1798 317 392
568 1135 518 815
394 568 115 378
568 1559 582 645
568 986 170 413
231 568 599 864
451 568 261 444
568 704 525 756
540 568 167 388
235 568 294 483
568 1135 566 851
771 1660 276 558
568 1611 23 45
1388 1652 179 327
21 1719 429 547
1017 1061 493 619
148 568 181 469
568 1197 485 609
568 1667 474 578
568 1214 490 656
568 1958 413 586
231 568 501 603
568 790 173 182
231 425 564 741
776 1454 577 817
119 729 460 530
568 1008 242 255
568 1426 473 698
568 575 576 861
1342 1642 468 612
568 856 228 438
568 925 449 635
55 568 321 336
855 1080 125 278
568 976 282 476
218 568 541 549
568 683 296 301
568 1611 122 190
95 1483 449 597
760 1106 280 510
568 1802 67 134
568 842 559 717
568 998 446 729
568 1808 178 375
395 1268 80 96
424 568 564 646
568 1081 331 383
568 778 107 367
568 1133 24 244
568 1199 25 321
568 603 584 856
147 568 73 359
1022 1814 240 519
345 1948 269 319
958 1745 215 357
147 952 163 396
568 992 415 591
568 1147 302 465
568 954 53 79
48 568 534 783
568 1760 487 574
568 1749 511 809
568 990 351 359
217 568 138 230
708 1957 211 300
213 312 316 480
1304 1723 330 533
505 568 62 290
514 568 204 397
99 568 412 477
568 1001 322 467
568 1442 75 250
562 1815 78 362
568 1655 335 447
166 568 336 339
568 1677 152 425
568 575 144 435
1433 1516 75 350
804 837 527 707
568 1804 393 488
568 640 62 192
568 625 133 330
568 828 159 222
491 568 505 656
568 1193 250 391
15 1238 283 509
750 1019 248 503
568 587 181 338
29 568 218 426
568 696 430 701
467 568 531 726
316 568 534 546
568 1615 91 308
655 1867 520 687
367 1937 379 494
568 1894 108 224
300 568 566 844
568 977 52 126
568 1210 24 127
568 871 586 629
684 990 245 258
568 1568 291 525
370 381 442 587
568 576 250 440
568 1327 87 133
568 1920 526 663
568 807 259 453
84 1109 521 774
851 1298 312 510
529 568 507 755
568 1092 267 294
884 1114 592 658
568 1963 315 587
568 1973 212 239
445 568 548 581
265 820 13 303
568 1755 556 755
654 684 228 233
16 568 217 299
189 1681 440 616
568 1455 422 600
362 568 151 210
77 961 591 757
568 1272 505 732
471 568 569 763
568 1371 6 283
270 1111 104 238
627 1612 519 599
520 863 349 607
141 568 250 476
568 1266 306 383
1632 1750 584 748
1551 1742 395 612
568 683 534 701
568 1128 28 115
47 1412 24 35
568 1853 100 261
568 1263 132 410
175 568 356 468
568 1205 24 139
465 568 249 512
87 1136 241 272
130 568 447 659
568 1900 251 341
271 568 481 533
467 568 529 560
568 1972 149 434
501 568 536 575
1180 1848 79 377
568 757 145 441
568 852 229 369
568 1414 288 449
568 1832 226 473
568 977 308 318
568 1350 527 673
568 1277 104 247
568 1987 229 398
452 568 497 753
568 1285 353 516
1040 1690 341 422
1781 1983 306 514
568 1117 390 421
568 1916 219 346
484 568 345 430
503 568 344 379
568 1433 40 90
568 784 329 339
531 568 175 427
568 1858 219 238
1714 1932 341 377
568 1189 508 682
568 1363 162 172
568 1005 571 604
664 1644 341 547
568 1854 508 661
82 568 148 168
482 568 475 757
37 831 26 213
754 1712 132 317
359 780 32 239
568 985 426 552
1775 1833 260 418
1438 1492 141 370
652 1709 586 874
295 596 171 256
568 1895 501 542
568 621 147 334
598 1101 10 276
533 568 243 521
568 1302 250 539
568 1729 58 92
568 1519 166 202
32 568 519 581
431 568 23 192
757 1142 108 268
1367 1393 549 701
568 1467 333 419
568 1270 523 822
504 1919 400 623
1833 1860 384 675
207 1366 153 325
568 768 8 283
388 568 336 550
461 467 508 541
1078 1923 586 657
568 1105 587 724
568 1643 205 349
568 1757 108 333
568 1327 408 652
568 1504 279 501
568 1796 582 695
1629 1954 466 625
568 1211 256 409
568 1100 102 221
568 1583 356 500
568 731 450 576
568 1854 374 606
568 841 366 402
86 1641 245 297
568 1054 122 362
568 1640 126 324
328 568 414 486
269 1112 137 209
751 1585 222 302
568 1202 526 548
568 767 477 525
45 1944 528 699
204 281 142 327
568 1543 449 512
1028 1834 528 634
113 568 460 694
7 1653 529 786
568 857 16 306
342 1402 477 504
568 1631 477 606
568 1541 580 775
1035 1763 581 609
568 1651 436 512
568 1631 597 855
568 901 134 139
191 1328 201 400
568 635 158 280
568 1857 563 843
345 1940 11 40
568 1821 358 557
278 1503 344 567
568 1397 578 858
568 1237 306 461
568 1600 109 131
1066 1177 489 631
100 568 144 193
568 818 371 579
568 696 305 350
568 817 132 414
761 893 519 566
321 568 469 725
568 1098 296 492
1705 1929 65 255
62 568 518 553
568 1152 427 477
568 1614 106 390
568 1014 326 402
1374 1823 261 305
160 568 318 426
568 643 116 190
152 1333 574 721
174 371 39 71
568 1576 589 609
568 1730 220 363
568 1138 503 508
724 1343 216 431
181 793 70 271
568 1425 332 344
492 568 211 356
568 1969 142 409
568 871 354 399
960 1624 380 667
568 1756 217 455
568 1941 157 394
1440 1706 285 375
568 1216 408 440
568 1804 430 683
590 740 499 692
561 933 30 33
568 1091 282 386
338 1553 453 636
353 568 129 402
568 858 406 584
234 985 262 504
101 1650 577 607
568 1001 467 731
568 810 212 338
1243 1512 267 558
496 568 209 469
568 1913 512 746
568 1042 556 791
568 1054 515 688
128 949 463 562
318 568 98 269
568 663 110 198
568 843 576 795
568 1906 60 69
568 1336 404 426
908 1087 370 615
505 568 407 636
398 952 55 207
568 1453 514 563
1620 1704 103 375
234 568 176 206
568 758 154 188
251 1710 50 71
453 1759 544 629
568 1613 46 60
370 818 133 428
354 448 303 583
568 948 462 661
155 568 508 514
733 1887 296 361
72 568 493 791
568 1669 169 261
568 1233 513 525
568 579 78 210
875 1868 528 695
568 1768 575 686
1692 1914 528 617
568 1664 317 436
314 568 118 362
568 1528 471 663
568 868 504 621
568 1682 226 487
568 998 560 584
340 1817 395 687
340 665 249 272
946 1722 23 252
568 826 492 538
275 568 411 616
5 901 521 558
568 1332 394 500
26 568 248 429
568 1386 155 401
568 1937 358 586
386 568 466 625
568 765 259 351
688 1801 529 593
568 650 312 460
319 1931 431 539
433 568 495 607
393 568 9 216
568 1494 406 579
321 1401 300 309
568 1622 210 419
21 568 425 506
568 1676 468 531
819 828 409 677
568 1495 525 591
154 1742 213 445
1164 1818 143 368
807 1182 458 721
1254 1266 53 111
568 1192 208 275
568 649 10 44
568 762 377 501
89 568 390 634
826 1281 188 302
1780 1820 293 380
568 672 594 631
264 568 443 643
568 615 570 617
353 568 206 208
568 1992 358 541
763 1424 458 502
568 1415 186 230
423 568 208 274
568 1187 480 746
568 1426 72 292
568 1671 140 181
568 1761 240 347
424 568 387 664
348 568 307 366
568 1226 72 322
568 1001 509 748
568 1503 176 466
31 221 318 395
106 1249 258 427
568 1095 514 731
92 568 333 584
501 568 385 541
568 1285 404 487
33 1123 115 329
568 1715 83 104
254 568 431 572
568 1745 594 848
614 737 128 410
568 1110 289 438
568 984 464 551
568 1169 11 94
234 568 170 360
568 1722 141 207
568 1423 282 550
568 661 449 729
568 1538 393 471
316 568 435 528
730 902 271 501
568 1015 372 460
568 726 6 62
568 716 447 672
568 671 544 813
568 1780 379 597
50 501 158 281
1071 1264 199 253
568 1411 440 697
824 1396 236 425
352 568 497 660
568 808 285 424
512 568 295 495
1311 1420 454 700
547 1098 129 212
568 1350 549 584
249 568 494 537
568 1390 356 532
568 1782 202 370
568 1240 231 322
531 568 595 724
186 568 252 504
157 568 70 284
568 1200 500 632
568 1234 185 258
1550 1962 16 134
351 568 490 641
568 914 214 431
250 568 122 419
568 763 144 240
568 1303 359 505
934 1977 248 500
568 616 398 443
568 1066 113 122
555 568 138 196
530 568 461 486
568 1438 280 281
329 568 252 480
568 1688 549 658
568 906 263 351
568 707 537 548
480 1429 167 335
404 1461 217 440
568 1828 217 468
568 1054 247 278
568 1371 542 749
568 670 451 550
568 598 85 294
669 1390 61 123
568 1878 599 634
568 1883 81 204
1002 1055 424 587
568 875 83 176
568 587 137 342
188 470 479 485
138 568 426 666
568 1878 489 533
568 1128 437 487
568 815 47 281
568 774 408 638
1316 1669 178 406
749 1692 22 137
544 568 373 401
394 1106 577 851
568 1491 176 431
568 975 516 799
568 656 253 424
23 552 112 373
400 963 438 508
1098 1864 295 512
40 913 192 227
216 1104 561 602
568 585 13 84
568 1019 338 374
568 1198 586 882
1488 1628 219 314
216 648 150 382
435 568 245 376
568 1570 39 150
568 1125 320 356
568 1069 354 423
568 834 466 467
568 607 307 553
365 568 105 273
568 832 590 780
1382 1774 371 453
77 568 140 214
1205 1305 245 297
568 1811 391 671
88 568 511 610
568 1317 592 746
568 1103 583 858
1551 1733 377 400
1783 1847 190 467
288 568 554 633
8 1043 63 182
368 568 52 53
469 1538 479 574
358 1705 22 208
568 1786 246 495
58 568 467 526
54 1625 360 512
568 1960 44 260
516 568 318 445
568 705 28 121
276 732 331 593
568 663 248 478
568 808 242 486
3 568 172 332
568 1003 468 556
568 1899 260 296
58 568 24 156
568 1893 179 448
568 824 543 695
139 568 13 256
568 1759 464 705
568 1867 200 451
568 798 263 443
568 594 33 66
337 568 526 600
313 496 70 156
568 901 555 661
29 568 95 213
568 1212 292 360
568 1683 488 780
418 568 172 199
540 568 472 538
1634 1698 61 309
568 1927 80 207
568 1533 273 365
290 568 65 357
568 1697 223 456
149 334 569 581
223 568 537 566
568 750 478 557
568 656 156 385
715 1841 196 458
154 1145 169 381
568 1475 386 602
444 568 345 428
568 1836 125 327
568 1356 533 728
568 1606 575 818
568 1937 542 723
1786 1884 294 546
568 1513 562 738
71 568 585 699
449 568 272 483
152 846 503 760
568 1880 494 572
568 1208 176 427
714 1783 442 573
760 1963 25 98
741 1302 350 536
568 902 299 307
568 725 89 306
568 1796 86 272
511 684 496 716
680 928 54 272
385 568 419 609
135 568 162 241
1006 1705 426 525
196 442 441 450
568 1504 128 282
568 1962 487 765
568 912 108 145
539 568 305 327
553 568 50 84
559 568 143 389
309 568 96 136
281 568 469 507
64 568 414 583
568 1353 180 324
568 1188 143 324
568 1202 196 338
601 1387 14 128
568 1002 42 136
223 568 54 116
568 1955 93 231
568 597 596 624
568 1059 136 141
333 549 143 176
568 1618 223 234
566 991 220 318
637 1156 583 634
568 1954 61 228
53 415 22 254
405 568 592 755
114 1828 90 378
571 964 294 489
568 1425 44 303
481 745 575 872
568 1333 386 460
6 1423 449 636
568 1364 445 582
37 568 277 398
568 971 348 638
437 1195 289 513
714 1523 50 129
227 1121 328 380
593 1021 14 124
248 568 97 115
788 1704 133 396
544 568 573 699
568 1206 81 258
218 568 406 449
175 568 223 511
568 1604 474 706
464 568 543 814
536 568 13 194
568 1959 315 494
568 704 45 180
568 580 582 838
614 620 178 185
568 1109 372 519
568 1664 495 540
300 471 292 521
202 568 76 100
568 1779 318 475
568 1337 294 456
616 858 325 462
568 743 2 259
568 1586 401 696
568 844 79 149
1750 1924 436 723
568 950 388 435
1612 1701 410 519
495 568 196 429
568 1564 358 409
568 1887 540 683
735 1554 58 319
568 1133 213 284
568 792 268 461
443 1727 158 162
568 1337 556 632
39 568 314 613
467 568 493 729
654 847 91 308
568 1674 74 189
568 1942 391 613
48 568 420 545
568 847 426 689
568 603 371 528
196 568 186 460
163 568 386 487
207 568 546 759
716 859 76 110
568 1914 304 421
568 594 362 656
568 693 214 397
154 568 533 757
389 1736 16 95
568 712 553 806
568 1014 17 42
460 1883 235 300
568 960 475 703
568 1648 574 792
46 568 496 550
568 1057 528 541
568 1230 391 613
568 623 205 264
143 568 208 496
88 568 211 280
568 1853 457 707
478 568 470 746
265 1113 578 734
568 1628 361 443
436 1429 507 606
568 854 292 336
568 604 465 584
568 1221 14 73
568 1047 524 639
529 1439 558 737
490 568 296 314
568 657 357 541
704 933 445 701
568 1316 167 379
568 1423 376 536
568 1743 562 778
848 1559 195 435
322 568 141 179
568 1601 444 450
568 1522 316 601
568 609 327 586
931 1334 483 548
568 1402 324 347
334 453 108 193
528 568 186 464
93 568 553 592
137 1633 157 265
568 1977 107 156
513 568 212 303
546 568 70 222
568 1906 466 692
1266 1325 269 410
568 1603 595 747
381 1232 17 91
568 1537 533 712
192 1088 210 223
568 1736 403 650
204 568 385 565
568 1010 561 818
460 1189 179 204
568 1874 521 572
269 568 421 425
568 1250 467 473
110 568 291 571
568 871 560 764
347 568 575 742
40 568 66 95
431 568 198 332
568 1149 183 201
568 752 220 372
267 568 68 145
568 1735 64 248
568 860 501 758
568 933 360 391
63 568 521 688
1387 1536 513 665
568 1860 481 756
323 432 106 244
269 1724 465 699
568 1286 598 658
1558 1644 490 782
568 1373 431 628
417 1649 66 256
568 748 403 431
568 1074 364 473
568 878 396 694
568 1196 80 88
568 710 264 517
568 1623 498 694
568 1469 67 168
568 1404 386 541
568 842 128 213
568 1484 267 295
154 1051 112 130
568 1970 153 412
568 1321 222 515
1082 1353 523 724
568 831 41 259
568 1325 574 611
1232 1495 112 347
568 1510 176 329
1634 1725 225 474
824 852 524 528
568 1665 238 462
455 467 110 126
856 1219 430 470
568 667 252 543
47 568 578 691
568 1280 437 579
568 1604 68 294
313 496 324 554
904 1748 87 372
108 568 388 572
497 1284 537 785
683 1549 555 635
568 1644 212 219
51 568 236 356
149 568 123 269
509 568 153 320
1228 1736 52 280
568 967 223 319
540 783 458 517
568 1410 576 874
278 568 58 220
568 1632 282 505
568 1312 408 631
568 1906 514 682
81 568 119 130
276 1916 588 748
568 1198 360 382
189 587 481 483
170 1772 355 576
568 674 541 644
1446 1919 27 301
1394 1451 6 179
302 550 133 287
403 1422 317 382
568 1023 92 247
377 568 145 307
568 1040 443 657
568 1701 406 414
376 1405 587 841
568 859 15 69
568 1313 419 712
568 1730 494 659
568 706 275 528
568 1085 86 328
568 1535 244 261
285 707 280 324
65 568 195 213
411 1725 157 415
379 447 503 636
914 1351 464 593
568 1333 192 396
534 568 585 786
451 1805 7 125
568 1727 207 395
542 568 383 483
1613 1965 175 247
568 1315 429 598
39 568 278 536
568 1225 108 279
568 860 480 608
568 1036 65 97
568 1617 147 394
375 568 385 533
568 1330 121 339
568 812 372 494
568 897 503 596
1458 1783 231 251
568 1747 151 336
568 1908 471 731
568 1264 472 736
568 1020 468 591
108 1397 239 320
568 905 364 663
568 1340 397 553
1475 1838 129 139
1504 1535 209 304
931 1885 411 443
155 164 90 106
32 808 35 276
568 1932 202 381
568 1415 414 503
512 568 348 382
68 568 567 698
568 1776 311 429
557 568 577 857
568 1759 226 452
568 1667 55 295
798 1497 250 497
568 1261 540 794
568 894 429 660
102 568 187 263
568 638 128 207
568 1564 398 411
999 1236 47 70
568 1712 149 155
568 1788 408 643
1723 1865 420 678
172 568 21 74
1394 1886 181 480
151 1016 485 754
568 1137 566 749
196 1278 452 750
568 1575 248 331
568 1936 114 252
568 1038 418 479
568 1751 111 399
87 772 98 377
538 568 332 334
568 600 557 826
212 1651 516 679
6 1457 39 52
568 1391 92 242
568 835 274 278
568 1639 228 444
568 1772 210 397
568 703 208 247
171 1934 461 555
568 747 457 713
139 568 569 648
278 1371 391 598
568 1179 441 490
710 1357 28 79
568 743 462 484
568 1142 102 167
1178 1896 530 634
568 1136 141 157
568 1516 271 468
607 1550 267 367
109 568 273 310
223 1057 119 215
873 1504 367 573
459 568 153 267
448 1020 203 466
568 944 38 132
423 498 484 606
899 1584 273 368
568 1012 365 519
190 568 99 309
568 575 395 470
568 1660 179 423
294 568 187 239
568 1721 326 341
568 1524 77 182
899 1781 566 599
568 1248 311 442
568 918 57 351
515 1098 227 437
568 1066 458 662
568 644 540 667
134 568 58 331
568 753 360 627
568 1147 72 197
36 871 153 297
1401 1800 450 514
568 1196 436 567
124 568 39 327
1513 1720 418 451
568 969 26 61
514 1330 200 341
38 568 455 484
401 585 279 573
568 1808 104 254
568 1153 440 578
568 1916 154 402
568 1652 508 757
26 568 560 804
568 1017 82 146
568 791 4 112
568 610 189 310
568 1543 355 572
568 748 440 545
1145 1230 306 491
455 568 101 218
568 982 358 396
568 671 335 521
515 568 66 186
742 1155 484 718
1362 1808 402 526
568 1067 454 605
1469 1488 463 671
568 1894 384 608
568 1433 10 122
568 1739 225 443
568 1320 542 602
121 568 396 539
255 568 76 143
35 568 270 524
568 911 59 128
1043 1635 310 505
568 1350 469 678
568 1382 408 473
568 1857 349 599
189 229 370 491
542 568 575 811
263 926 370 448
568 1811 385 477
568 1757 282 374
568 858 529 772
162 326 109 321
568 1705 76 206
568 671 509 591
568 596 417 534
568 1444 179 191
26 568 423 562
568 1267 130 295
544 969 102 387
1044 1892 346 406
568 952 220 439
568 770 552 741
568 611 394 493
568 1898 38 206
362 568 530 774
842 1864 580 726
568 981 520 738
568 998 93 216
568 1673 525 800
568 1213 502 634
900 1262 469 603
250 568 97 124
568 1989 302 489
250 568 160 361
850 1564 157 240
568 1442 319 394
986 1233 387 452
568 1896 70 357
568 1631 298 461
1114 1636 298 405
568 1042 332 411
568 1817 50 159
568 1498 327 465
568 850 255 460
568 1313 381 460
233 636 513 522
568 1524 138 362
568 922 262 316
568 744 436 699
568 1065 474 615
568 1372 319 342
568 940 94 348
568 855 26 34
542 568 180 182
386 428 146 152
568 1875 556 597
568 1460 181 259
568 987 332 472
510 568 298 415
507 1833 81 116
182 1338 205 292
566 1315 236 509
251 568 568 754
1866 1898 51 220
1641 1823 490 781
894 1963 475 561
568 569 346 598
32 1015 510 603
568 1132 99 341
296 568 444 682
41 568 333 570
568 926 502 573
1559 1652 597 653
568 1756 330 471
568 1761 66 189
568 1114 6 159
568 1975 296 363
46 1897 271 370
568 1155 204 415
568 1197 513 761
568 950 387 559
989 1961 468 516
347 568 550 569
568 1705 220 367
102 1113 94 101
568 1464 410 436
568 1825 458 497
568 949 183 374
568 1970 201 229
328 568 134 216
1043 1117 567 596
267 514 452 551
336 568 244 306
568 573 29 214
485 568 592 745
568 583 56 347
568 718 137 382
568 810 97 322
355 1419 493 594
568 1424 105 349
568 814 227 332
87 568 398 508
568 774 551 774
568 1717 269 318
314 1209 422 465
568 1759 430 700
260 1335 271 545
1033 1182 250 473
568 1000 110 197
568 662 241 268
30 568 538 786
568 1613 159 183
568 1741 549 759
1859 1920 363 590
1184 1291 385 425
224 1638 362 540
568 794 440 649
1298 1639 61 231
499 563 266 565
568 830 40 254
1579 1911 421 685
178 713 535 612
568 1751 352 391
568 903 522 729
568 922 279 334
433 1110 255 464
491 568 224 389
547 568 409 639
568 1194 5 248
568 1191 448 652
568 988 593 827
528 638 137 155
201 568 328 338
985 1391 417 552
290 568 537 581
568 1286 189 207
808 1398 234 265
568 1417 509 748
145 830 551 796
568 707 342 369
568 1906 409 464
568 1355 140 143
413 467 204 345
568 1240 165 255
281 568 448 718
568 1446 318 353
568 1200 252 294
406 568 306 392
1222 1866 299 559
553 1904 69 217
568 1910 588 640
343 568 453 658
278 568 361 558
568 1658 67 79
139 568 278 392
1621 1682 380 540
568 1188 320 431
568 1628 126 250
1247 1473 431 486
568 1850 282 452
699 1877 113 125
568 997 455 722
568 1544 472 746
81 83 540 820
330 568 466 762
568 1046 127 333
6 1760 460 544
596 1014 295 390
370 619 168 346
1129 1181 337 521
627 842 12 276
568 1933 83 281
568 1666 101 348
568 1535 280 430
61 175 430 479
754 1633 360 364
502 568 253 354
977 1802 172 236
568 1215 418 672
568 1867 34 261
568 1552 143 233
1359 1495 193 409
106 844 296 325
568 579 25 85
492 568 447 524
236 568 377 557
330 845 303 333
568 1553 568 583
201 221 399 609
568 1003 513 700
1646 1938 250 316
568 1304 28 255
1619 1735 20 304
1173 1743 552 813
568 699 180 215
684 1317 77 109
481 568 284 285
568 1301 236 289
568 1004 502 601
531 568 41 321
568 1615 172 388
27 568 486 527
544 568 157 424
568 1689 531 551
568 828 108 133
1498 1601 438 482
568 1249 167 415
568 1957 303 460
568 1596 6 100
568 1440 520 625
568 1553 564 818
493 568 2 116
526 1760 174 423
568 1961 242 520
307 568 87 188
568 1357 109 272
661 976 531 639
568 1520 408 501
568 1629 300 372
568 1934 368 473
501 1076 297 409
1326 1966 208 482
568 879 407 682
568 755 92 244
568 1515 277 464
568 1988 571 774
1378 1738 396 487
376 1269 319 440
568 1934 224 250
655 1212 19 187
568 1503 56 293
568 1452 452 689
127 623 39 177
154 227 279 334
120 568 42 307
568 1761 391 456
568 1282 574 826
568 731 133 189
568 1323 147 311
143 568 227 274
1247 1552 169 425
421 568 193 474
568 1983 529 732
366 568 12 28
171 568 399 653
568 1078 451 624
568 837 414 446
568 857 432 545
568 1163 557 644
568 1799 505 540
568 1105 331 424
568 707 584 721
524 568 548 618
328 568 423 486
505 570 240 407
568 759 250 373
568 1025 506 773
304 568 104 278
278 568 424 451
505 890 257 382
568 921 310 456
568 982 388 412
568 1918 501 563
395 1324 407 585
568 747 73 110
568 723 525 620
568 1395 446 509
568 1747 45 125
568 1450 341 559
1318 1518 137 306
568 1776 133 295
552 568 510 668
568 1888 288 392
568 1191 236 441
528 568 470 705
568 1552 260 379
568 1267 79 239
568 827 140 402
585 1747 123 294
469 568 181 199
568 1622 436 583
568 1247 386 523
1400 1714 99 164
568 1948 306 496
568 1147 472 482
568 1586 447 509
568 1687 581 715
568 1605 218 328
291 568 479 680
431 568 529 771
367 568 13 282
568 1935 262 378
568 1780 231 257
568 758 2 261
508 568 460 533
568 1673 193 213
766 1446 517 784
568 806 491 560
568 759 95 389
625 1060 450 552
460 679 421 601
568 1402 324 337
294 568 106 212
544 1019 468 683
568 1486 311 513
568 1566 311 526
568 1506 86 117
568 1256 370 614
568 953 6 20
568 1729 101 339
568 1518 521 679
568 624 291 551
568 916 175 395
568 1638 347 592
296 568 434 506
568 1755 499 736
557 568 550 576
568 1323 376 503
417 844 316 468
568 1442 377 507
568 822 28 157
568 1405 585 839
66 1786 202 451
568 1639 37 121
568 1660 154 337
726 1403 220 374
568 1322 113 117
568 710 9 65
501 568 355 421
282 568 53 71
311 1955 219 221
568 1754 524 620
424 568 417 444
202 340 361 473
433 1787 451 707
568 1892 316 395
1171 1861 20 233
1650 1989 64 338
991 1386 168 180
568 790 275 508
67 568 136 358
568 1964 473 766
1505 1662 579 657
284 723 431 518
1031 1954 10 280
242 568 327 620
192 568 433 589
233 568 493 672
501 1332 586 697
338 568 411 556
327 568 487 696
568 1096 214 350
568 1664 187 210
568 1293 487 706
383 568 561 670
217 568 169 214
1120 1190 140 237
568 1837 446 603
568 993 336 350
499 568 554 604
568 903 230 518
568 1041 105 369
568 756 25 298
324 815 150 203
500 568 449 503
550 1917 209 400
568 1704 37 76
568 681 127 343
568 609 313 564
568 1523 140 397
568 1655 496 620
258 568 508 563
568 1687 415 507
565 841 583 690
568 1430 575 720
568 1783 525 611
568 1264 342 606
355 568 473 731
568 602 520 575
568 1369 213 217
544 568 169 204
1014 1973 481 685
1467 1895 318 536
568 1646 155 421
568 1264 205 456
867 999 152 279
259 568 344 470
568 969 66 221
568 779 126 352
573 1003 562 754
568 1498 345 515
884 1834 530 718
1078 1231 233 528
185 568 437 706
812 1167 26 166
568 1946 524 771
568 1744 130 320
568 1558 338 569
874 1160 369 483
542 968 404 498
568 1613 101 303
568 892 525 730
568 1712 552 823
529 568 487 497
266 568 105 260
247 568 426 528
853 1146 49 202
472 568 254 363
114 568 492 543
568 1809 574 665
568 1881 228 258
568 1419 416 419
568 1848 587 850
568 1063 174 424
568 1912 108 293
568 997 553 844
107 614 128 225
568 1631 568 804
711 1141 470 623
458 568 342 377
568 1269 97 389
568 907 245 349
568 1551 24 133
568 1957 494 630
568 713 298 529
188 568 141 403
568 672 69 310
252 568 150 164
568 743 490 726
568 1332 275 332
568 798 200 417
1062 1865 371 462
92 568 170 348
363 568 544 796
568 1868 183 232
568 842 575 638
568 1176 298 492
18 568 416 563
568 1088 401 535
568 1755 162 367
992 1270 132 274
54 568 300 438
1122 1562 578 771
568 844 165 460
568 1629 181 201
568 585 420 656
1307 1541 234 417
568 1801 599 760
465 568 161 183
568 1976 24 257
568 1489 143 331
231 1707 227 235
568 1535 325 501
463 568 474 552
588 1512 64 305
568 820 364 452
71 1716 571 663
461 568 448 638
568 1415 25 281
568 1932 394 616
136 594 155 271
583 1574 154 309
379 568 80 200
388 658 358 408
780 1580 328 374
568 1366 562 857
297 1124 311 319
568 1261 25 88
568 989 591 803
568 1238 93 136
568 1167 499 712
173 676 221 381
568 934 490 779
568 1237 352 632
568 1943 6 177
209 568 44 196
1355 1813 97 308
568 1176 52 250
21 1728 289 537
568 1901 469 549
151 568 549 603
822 1640 460 751
561 1512 209 281
568 1882 257 454
568 1889 146 192
568 1535 311 430
432 996 363 395
466 568 45 167
568 577 140 330
568 1137 23 319
568 1834 358 503
568 1554 571 665
839 1555 126 250
367 568 543 622
238 568 228 392
111 568 149 189
568 737 283 523
568 1194 260 457
568 1189 474 705
367 568 385 468
731 1827 98 154
568 1798 195 424
79 568 468 617
568 1488 458 733
568 1312 465 578
568 1471 169 195
568 1197 377 519
568 902 165 297
161 1931 193 317
894 1522 440 488
568 1787 183 408
568 1922 10 306
568 901 47 329
568 1556 33 327
568 1897 521 661
568 915 438 546
568 1074 25 237
86 568 60 299
568 1516 390 410
235 450 349 350
568 1417 26 140
497 846 479 723
1462 1587 541 570
568 1399 256 417
549 568 250 506
568 1902 217 389
360 568 402 540
568 916 462 700
529 568 444 493
1049 1856 54 64
381 568 471 596
568 795 526 622
568 712 239 383
1406 1720 519 579
656 1061 405 572
376 1957 459 612
35 568 57 271
552 568 59 80
376 568 244 280
245 568 76 231
292 994 53 104
1669 1756 375 432
559 954 435 610
568 1176 536 648
457 568 465 578
196 568 524 736
568 852 201 419
568 1185 406 586
260 568 10 129
92 1576 88 124
443 568 460 700
860 1153 320 340
970 1118 119 184
568 895 589 665
151 568 407 443
568 1376 259 387
568 1151 180 370
347 568 586 688
568 1839 52 80
450 568 28 77
568 1856 360 552
519 568 157 235
568 958 412 708
568 1035 161 291
878 1727 244 428
272 568 54 178
184 568 365 612
568 1749 223 454
408 568 348 452
568 916 27 238
568 1786 319 524
568 1271 169 373
33 568 76 114
647 1380 497 704
296 568 472 616
568 877 538 698
568 999 508 514
568 827 422 427
207 1390 302 385
568 1467 85 147
543 568 197 471
1100 1503 126 268
238 568 198 408
565 568 197 468
568 1191 296 480
568 1389 214 471
568 1946 237 320
77 568 40 304
568 1617 225 372
568 755 12 284
568 831 577 707
568 975 66 96
94 1481 141 360
568 677 404 594
535 1527 570 784
321 568 37 159
662 1584 517 651
568 1108 220 499
478 568 225 522
70 1015 209 458
362 568 113 252
568 1856 220 376
568 1570 214 241
34 568 436 621
568 1054 363 396
568 1024 338 363
568 1760 18 270
568 1159 414 539
568 843 355 645
540 568 10 101
427 568 366 483
243 1694 587 631
683 1316 309 336
404 928 219 350
143 568 300 510
1241 1335 285 322
83 1096 74 207
348 568 9 244
568 886 325 429
642 762 283 361
568 1760 295 309
402 1303 115 222
568 1755 300 512
72 584 156 420
568 975 216 280
325 568 576 615
568 1240 343 567
568 882 432 451
264 568 140 337
729 736 118 215
568 1845 450 639
568 1359 37 161
192 568 494 527
568 887 63 120
452 784 423 580
568 1955 33 166
248 1143 502 564
568 1815 184 236
188 455 104 109
568 821 552 754
568 1350 40 126
250 568 416 449
568 878 351 533
164 568 532 580
77 568 13 132
568 834 334 479
568 1976 365 566
568 1562 414 677
212 568 203 207
341 1761 574 868
362 568 433 497
568 834 397 447
568 740 463 640
568 931 436 621
568 1043 498 515
568 595 513 578
736 904 68 201
448 568 37 209
206 594 63 271
568 1583 543 830
568 1956 157 242
568 1934 471 539
568 1936 291 486
544 568 506 620
271 568 52 346
319 568 410 521
568 1555 432 514
568 1076 414 639
666 1121 242 391
121 568 89 266
291 1087 391 463
707 1575 209 466
568 1904 74 324
37 568 161 190
629 1532 80 357
92 568 543 733
568 1237 393 459
952 1898 490 733
385 850 541 757
1055 1494 472 674
307 568 294 402
199 1830 150 202
568 1969 10 267
257 568 476 527
568 804 96 223
568 607 553 760
352 1313 364 536
568 1753 423 670
121 568 486 515
568 1688 333 511
568 1415 336 472
970 1595 389 468
868 1991 566 596
568 805 8 290
524 568 184 268
534 568 496 601
1230 1890 596 757
568 1023 251 333
568 1735 533 678
568 694 198 319
506 1223 427 510
568 1100 519 582
431 568 507 596
138 799 191 433
18 1606 314 318
138 262 317 608
1343 1648 27 166
568 757 136 360
548 832 388 432
184 568 71 249
840 1198 496 677
568 637 457 517
1507 1540 263 545
568 1813 304 470
812 1739 198 261
568 673 118 205
1026 1280 232 328
899 1185 543 690
568 1511 54 176
568 913 535 551
899 1745 228 447
568 1238 173 342
568 1455 126 374
435 568 541 821
568 832 295 585
568 1662 36 183
568 591 228 270
568 996 154 179
568 1661 91 215
568 1272 353 475
568 1813 44 66
568 1669 164 310
568 676 441 600
568 814 208 296
568 1376 375 653
566 568 285 287
47 702 245 425
568 1639 273 412
788 1618 273 290
568 889 500 685
916 1803 180 209
568 1399 404 533
568 819 11 269
568 819 307 309
754 1338 38 263
568 967 6 136
338 1849 484 738
568 783 169 409
955 1196 485 535
568 1193 575 873
111 568 521 585
568 1018 525 782
367 568 248 527
568 1834 423 584
568 1742 346 380
568 1088 161 342
620 654 198 204
315 568 298 597
568 963 297 333
1055 1380 264 511
326 568 384 418
568 1481 562 631
568 808 370 613
97 568 586 723
568 1787 108 361
738 1237 231 527
568 963 109 143
568 948 278 346
568 704 271 392
568 1529 30 109
539 1749 268 305
568 1599 20 206
193 568 515 528
568 1985 492 789
568 891 388 427
798 1789 56 202
147 568 350 397
1078 1674 249 470
568 959 41 327
568 1282 41 151
568 765 273 423
220 568 557 612
446 1178 528 588
568 1858 208 289
568 1595 437 681
568 605 185 367
568 1322 480 627
22 568 131 325
568 1063 110 392
582 607 328 540
568 1277 204 416
568 1801 540 780
568 1136 144 328
568 1917 293 490
1773 1802 343 354
568 1960 166 413
795 1208 270 282
431 568 122 212
287 904 241 264
300 1992 175 474
568 1362 538 544
568 878 426 508
568 639 337 601
568 1605 583 646
568 1437 228 263
174 568 592 836
568 580 262 310
568 915 86 296
568 935 547 729
112 405 446 498
127 568 337 410
568 1089 62 156
568 1870 523 736
440 556 472 597
568 965 53 147
889 1098 134 274
568 747 76 157
246 577 19 138
568 618 52 80
1474 1754 62 290
314 365 176 371
220 568 406 551
691 1788 15 220
568 1185 310 406
228 568 492 607
835 1221 64 285
889 1622 312 422
568 1195 365 495
990 1252 262 277
212 568 107 354
978 1157 556 843
568 950 562 623
568 642 185 284
679 1439 46 180
497 749 387 484
568 1111 258 298
165 568 453 604
823 829 132 210
568 1357 201 354
568 1171 388 578
568 1544 70 308
568 1487 2 187
778 1018 246 334
450 1347 184 277
568 1102 235 420
568 1221 219 403
568 1555 557 787
568 1466 444 684
568 1745 162 307
568 1858 34 231
305 568 599 647
932 1531 77 243
76 568 192 466
607 1985 559 713
155 568 159 391
450 568 249 284
568 1392 157 414
568 1299 229 497
568 1941 205 214
840 1991 359 480
1181 1822 108 186
527 568 69 350
739 1708 20 312
495 685 454 664
622 1594 556 764
114 568 365 384
476 568 149 336
568 1498 547 678
568 1466 282 440
568 1932 267 373
568 1796 138 232
169 568 366 595
568 1247 419 601
330 1677 24 193
568 785 445 683
1007 1806 306 368
794 1557 374 422
568 1415 501 528
568 1729 266 364
568 1536 306 394
568 1247 222 463
568 1093 139 251
568 629 469 704
568 593 488 670
160 281 226 437
353 568 26 92
568 1481 232 312
568 994 466 682
87 1925 555 713
475 568 480 719
40 751 517 619
568 1626 394 416
568 622 525 802
568 1011 490 636
391 568 566 582
568 1437 389 435
568 1756 553 637
568 1550 521 575
568 1288 30 59
332 568 311 381
568 1977 277 562
136 1440 369 538
467 614 146 167
568 1054 8 92
568 1443 445 725
568 1066 562 606
568 1249 92 246
99 568 55 131
568 955 214 218
201 507 410 682
568 1930 428 537
568 879 522 629
568 1200 479 697
586 1366 114 120
568 1607 406 704
568 910 504 594
253 1469 498 562
8 568 232 435
794 922 182 302
815 1958 142 259
568 1016 196 460
568 1484 513 536
160 1421 93 328
1126 1139 402 563
568 1897 252 348
58 568 3 233
568 1236 512 675
568 1634 23 249
157 1828 588 624
282 568 438 631
342 568 2 262
516 568 478 505
495 801 256 523
568 1296 459 572
278 568 181 339
75 568 398 410
223 1970 345 374
568 1300 487 611
529 1556 415 487
1733 1759 406 411
1000 1544 193 410
429 996 515 693
568 679 24 264
568 650 267 363
568 1633 119 359
362 568 476 595
568 1819 178 283
568 967 155 442
568 1749 225 334
568 1767 295 584
374 568 332 557
568 619 269 286
568 1907 341 611
920 1269 198 344
174 592 55 167
67 568 212 319
568 1784 444 681
788 1694 388 484
568 1924 223 355
336 472 482 646
568 1203 477 702
165 568 420 705
678 1840 232 424
927 992 347 540
246 568 53 181
568 1951 540 834
1591 1867 341 367
366 568 37 247
297 568 588 597
161 1912 455 588
607 1034 268 445
568 1232 481 555
568 1435 503 760
93 568 570 671
568 851 202 265
521 568 366 566
471 568 110 387
568 769 456 729
568 812 498 577
568 792 414 468
744 1965 345 637
444 1339 218 256
568 1351 500 754
1612 1940 221 378
568 1139 527 566
239 568 452 626
310 1008 437 506
568 602 369 520
446 568 453 564
9 568 36 316
330 1673 317 416
1619 1716 401 452
568 773 296 585
200 487 76 263
446 1846 112 362
1669 1809 465 744
261 1219 482 681
568 609 328 520
568 1489 405 438
568 1169 165 270
568 620 385 537
568 1500 51 324
568 1541 241 454
22 679 349 540
84 449 571 631
568 1665 557 693
568 1675 194 453
568 1084 375 596
457 568 246 367
193 568 56 307
51 1399 547 743
502 1521 543 628
568 1474 43 206
979 1493 279 548
568 786 371 470
427 579 597 760
1738 1741 318 323
212 543 306 508
568 1873 370 513
174 568 20 33
568 683 516 764
1446 1672 345 442
568 1223 464 708
287 568 89 213
485 568 453 460
551 795 369 565
568 899 441 573
89 568 255 438
239 568 465 624
568 663 363 534
25 568 421 655
568 648 332 392
437 568 592 734
568 835 349 392
397 1513 341 554
551 1901 102 115
568 902 398 540
568 1124 283 375
216 1271 311 327
400 612 36 245
158 568 581 633
407 568 51 206
568 1839 360 370
568 1229 153 290
568 1374 31 204
568 570 198 471
144 1351 459 470
541 568 290 476
54 568 120 374
568 700 579 826
334 568 118 226
392 1301 530 754
568 1981 397 628
755 1391 476 646
568 569 448 527
568 1098 392 596
568 1540 262 346
122 568 211 485
166 939 208 384
80 1688 550 771
568 744 361 638
1241 1306 80 261
507 731 257 415
97 568 423 435
327 568 109 361
568 791 561 694
568 1608 52 187
568 593 296 435
463 568 325 360
568 1270 344 419
496 1764 523 715
568 919 267 329
568 1441 327 459
568 611 58 227
568 1621 314 440
358 568 347 403
60 568 233 501
568 1747 45 150
283 568 506 623
73 568 186 287
568 1842 426 616
589 1859 562 596
568 776 228 463
568 1567 294 383
521 568 598 866
568 1304 505 584
568 966 403 486
189 327 546 637
568 918 132 426
507 568 548 741
555 1412 484 538
568 1784 64 175
568 1271 198 224
345 1849 169 411
568 1384 358 511
568 955 36 148
546 1688 42 78
679 757 493 543
568 1774 86 128
568 1260 7 191
568 882 28 178
111 568 406 647
568 1523 227 230
568 1761 57 270
568 880 125 159
568 654 420 661
568 1452 192 384
568 1794 291 418
568 650 241 460
568 1032 340 435
568 1698 306 407
568 945 145 270
568 1044 270 558
568 1289 550 764
719 1671 82 129
568 1175 540 602
550 568 464 595
213 568 285 361
568 982 542 702
74 568 271 316
568 1932 426 701
851 1932 383 609
568 1560 98 189
1001 1736 445 497
568 767 349 535
568 1972 255 319
299 568 579 731
568 1302 88 112
568 1895 93 291
568 1590 1 9
568 631 179 262
568 999 371 618
124 568 279 295
568 675 287 533
215 568 237 512
363 568 249 428
433 568 328 439
568 869 344 350
227 568 414 571
532 568 514 675
405 568 536 688
251 568 54 170
136 568 504 514
897 1751 401 432
870 953 587 790
607 1632 367 562
568 1351 253 454
1685 1757 226 477
568 1311 217 220
334 568 95 290
27 568 538 592
288 568 117 139
568 1245 4 209
568 1846 504 596
399 568 287 324
51 568 208 453
1015 1123 41 85
568 1799 189 409
568 1795 333 407
568 1379 285 573
568 977 453 594
541 1460 430 440
1111 1772 458 500
568 1138 309 493
568 876 63 222
1252 1304 293 316
659 948 312 378
562 1447 301 498
1325 1689 449 717
263 568 527 673
568 1150 355 397
616 1880 496 534
568 1276 132 177
568 1137 344 406
568 1119 416 448
157 568 267 432
568 682 372 471
1320 1972 97 217
1301 1302 53 143
346 398 299 391
276 568 183 307
568 816 21 115
178 1343 70 341
568 1005 25 46
247 568 471 709
568 1068 7 113
1759 1848 432 443
568 1141 39 254
543 568 93 222
568 1912 330 350
1005 1406 593 615
568 1647 334 380
246 568 202 354
568 1013 196 293
568 1597 511 528
1346 1403 382 443
568 1650 270 476
568 1280 13 150
155 1920 75 78
568 1130 390 655
219 366 209 326
568 954 504 718
362 727 394 452
568 1370 594 680
568 1394 537 595
4 143 42 50
568 1430 114 120
568 1979 367 564
568 1390 574 797
132 568 514 576
568 569 479 662
291 568 31 285
482 1559 272 547
568 1824 80 371
335 568 13 283
568 1779 573 743
568 1594 533 565
568 859 590 614
568 814 355 540
831 1603 264 561
568 1161 58 163
1314 1522 87 230
568 925 111 161
568 947 242 538
1 265 408 656
567 568 19 164
568 1342 134 254
577 812 28 205
568 1061 223 246
248 568 2 246
12 568 338 397
568 1310 311 383
38 568 517 815
568 1578 95 328
568 1208 164 178
715 804 592 622
568 1706 460 483
568 1879 543 793
474 568 259 511
1178 1264 287 428
568 1460 469 571
568 1720 125 174
769 796 50 160
568 1158 201 277
568 1049 351 409
68 893 188 259
568 1949 218 451
568 1378 293 442
1059 1907 355 443
484 568 540 830
568 1526 183 347
568 1067 171 380
724 1316 26 97
1353 1800 158 432
568 750 131 361
195 1782 533 636
568 664 345 377
568 639 267 532
28 105 598 621
1053 1820 64 86
568 1211 424 518
69 568 368 576
568 616 556 720
568 1836 282 550
453 1233 310 508
568 1712 296 479
1 1102 396 637
568 1644 100 224
669 1778 518 689
209 1455 23 189
568 1290 345 528
713 1880 140 267
568 994 217 232
568 951 215 473
568 870 62 308
715 761 18 82
568 1611 599 798
43 568 90 349
44 409 223 342
195 1359 528 536
568 1841 433 455
156 568 276 297
568 1710 487 656
594 1120 237 343
568 1452 25 170
530 1778 136 321
568 1856 488 591
176 758 497 578
568 1492 383 656
568 1796 490 566
143 568 585 692
568 1131 440 463
410 568 553 761
1366 1708 207 379
568 1626 124 192
401 568 540 656
568 1558 186 197
145 568 435 606
185 568 147 361
568 814 145 277
155 568 572 684
568 1212 443 455
217 1841 186 454
69 568 352 630
568 759 39 107
568 578 433 545
568 1766 120 331
568 657 323 348
105 568 323 346
32 568 453 512
558 568 411 567
