10
298 51405 215 104
523 847 799 209 -27 372 544 203 203 545 127 802 374 216 120 571 8 189 -27 580 -21 635 718 553 699 408 705 879 409 147 378 886 794 476 580 779 455 604 625 798 142 495 231 760 290 366 875 217 727 8 523 520 112 731 111 219 45 631 800 865 735 427 132 38 54 708 384 526 822 658 111 133 277 308 -69 797 80 310 242 616 343 745 203 377 -2 300 82 573 534 417 424 303 404 26 542 876 536 69 155 66 545 164 388 808 223 -63 525 -38 497 234 365 26 720 24 583 -57 372 774 78 592 855 239 769 712 391 232 112 560 519 111 821 -32 -48 540 623 487 164 278 843 213 100 40 485 791 435 133 38 -62 419 568 477 570 815 401 99 -76 656 -92 394 850 204 -12 639 87 636 -16 784 763 -75 323 55 144 306 817 -64 461 504 119 391 579 427 196 798 525 87 679 574 -76 -71 176 757 -93 855 650 703 159 237 448 -41 483 82 671 144 563 -37 341 783 390 311 -56 540 736 -86 888 186 689 798 784 315 -25 664 370 391 -78 783 82 702 785 34 870 676 32 682 356 534 652 766 -5 875 602 550 862 292 660 339 -11 63 -52 125 805 696 709 517 147 -23 176 796 540 781 868 -4 296 583 825 -26 -88 561 797 812 868 858 463 528 274 95 468 -52 755 686 504 -52 103 350 343 393 619 276 219 72 480 730 888 610 808 241 150 501 540
189 3969 171 173
227 262 532 -69 789 256 -19 845 872 -38 61 412 773 640 129 891 740 809 550 474 556 109 771 50 141 749 706 864 831 563 294 437 244 371 399 325 -21 17 132 846 64 140 265 666 857 754 634 -40 674 685 150 502 291 470 864 51 536 737 738 84 154 672 83 605 108 171 883 690 345 672 92 389 692 479 780 -6 633 89 97 200 762 209 100 890 605 210 -87 703 252 -22 749 550 37 798 322 5 716 312 48 498 645 86 365 675 343 388 334 771 765 -4 646 197 535 28 262 653 89 320 822 36 618 -63 660 732 704 597 787 749 587 216 318 646 103 403 549 463 246 419 375 845 230 -92 736 862 63 847 694 544 304 481 743 484 714 590 565 848 101 797 846 829 482 396 861 189 641 495 77 129 -68 644 23 17 467 418 841 300 642 378 650 178 465 166 556 815 491 768 66 410 729
183 1189 124 125
220 745 729 231 151 -23 836 -77 881 15 509 875 331 745 899 286 111 13 166 319 645 -54 840 529 484 830 707 796 179 50 141 280 842 411 -71 495 548 667 519 632 343 -97 173 690 871 282 743 341 311 899 733 71 352 482 499 726 327 673 22 546 785 121 333 717 849 706 549 870 397 552 113 514 565 898 337 692 637 397 105 391 236 289 469 250 773 378 163 100 620 58 168 480 669 173 887 754 434 862 79 426 66 600 67 737 569 624 871 35 445 873 329 204 382 728 70 654 753 202 862 650 390 258 593 37 567 607 35 686 3 174 661 93 340 773 477 -18 -91 64 889 446 671 679 519 485 597 655 887 605 638 825 173 186 442 600 841 611 104 631 488 760 238 -37 432 190 874 740 391 471 200 354 333 597 -100 38 394 624 370 711 450 774 443 -57 440
264 36828 319 140
595 350 91 412 447 542 844 162 281 165 251 671 541 481 135 703 81 -40 874 562 338 260 74 251 188 183 379 366 36 372 769 568 665 383 -60 731 -80 63 501 272 56 83 633 42 590 202 515 72 682 111 232 522 17 859 405 111 869 -92 211 -75 -38 750 471 522 570 377 227 690 684 779 25 417 377 46 250 234 207 740 537 600 274 313 206 533 96 409 120 409 787 171 -53 853 5 118 595 447 87 882 799 336 235 881 26 483 435 447 342 8 -78 735 874 185 193 815 213 -28 717 222 868 322 168 828 849 726 644 554 677 705 775 571 80 -27 36 58 70 168 487 789 724 603 60 554 844 531 305 297 422 494 -80 121 303 401 401 335 839 137 200 395 77 304 339 468 830 186 328 470 335 223 5 538 750 451 271 7 176 100 103 831 87 3 66 348 235 -50 681 -93 475 149 713 729 676 650 187 892 729 694 542 269 587 833 148 780 564 449 899 796 455 726 85 104 658 644 -21 461 767 450 806 249 535 866 542 395 440 -62 62 357 121 729 727 679 324 -51 845 701 724 83 447 362 551 488 195 806 190 32 786 757 666 524 112 281 545 16 591 -69 67 237 405 725 422 619 707 107 81 91
72 33264 207 41
863 687 336 -23 184 141 866 857 727 268 267 368 295 849 26 509 66 791 168 858 31 419 405 248 868 165 898 555 287 329 495 257 864 710 -57 590 321 494 344 219 729 687 871 328 237 216 284 622 528 703 706 553 773 345 363 -11 722 819 90 168 792 1 336 600 329 340 -37 166 729 768 244 258
310 143995 238 177
156 -45 53 704 770 522 506 891 500 712 726 540 116 282 553 418 823 29 566 578 399 543 625 1 602 545 652 458 673 -77 335 697 147 -17 -90 769 683 707 728 474 -40 824 829 855 556 743 71 38 879 142 493 552 453 783 661 619 838 545 8 5 748 674 -14 603 -29 317 338 314 20 335 230 469 706 335 188 -48 529 294 77 436 500 501 163 594 -49 22 653 229 60 141 648 282 546 751 368 114 -14 50 95 883 -44 831 310 588 731 13 258 127 556 775 850 770 869 120 -74 801 204 525 610 29 661 755 163 425 648 402 -95 223 699 129 191 773 -4 259 471 53 298 202 145 884 853 874 598 387 195 440 568 484 -12 756 244 702 321 716 243 -21 785 27 206 121 172 489 152 407 652 651 713 82 368 853 80 -32 523 847 601 796 461 853 480 675 833 299 492 837 47 808 -17 263 187 1 109 680 165 249 692 554 419 247 -68 658 244 656 -81 707 735 109 90 463 508 151 557 31 729 9 720 252 256 -25 271 -2 182 781 896 52 840 18 282 -52 345 278 560 110 -81 233 830 251 -24 13 867 379 879 69 217 782 284 792 570 610 -5 -16 179 462 803 471 677 862 706 788 490 63 808 609 485 628 681 688 389 2 783 -65 651 264 87 425 627 771 763 278 88 559 545 557 827 369 250 527 134 277 189 175 340 603 245 144 467 782 737 759 453 183 131 539 875 703 84 553 771 531 182 -44
373 141180 33 20
215 598 86 424 837 785 200 732 130 375 463 532 755 642 875 9 167 648 62 390 17 117 464 557 682 305 543 -95 207 372 -26 303 159 -47 440 402 264 281 765 175 658 -47 660 501 389 853 290 808 687 37 2 735 473 760 798 852 274 536 589 123 180 631 677 822 878 823 108 96 34 199 -38 0 456 564 817 71 571 493 503 108 451 635 443 359 450 375 384 109 60 150 190 747 529 866 559 549 -75 562 488 553 -14 340 838 55 468 857 213 50 157 641 -29 29 611 592 162 -81 407 304 -83 392 423 81 43 72 807 710 -46 205 859 536 542 -35 553 288 795 60 -67 808 863 -1 884 834 812 553 478 533 133 622 -74 397 823 821 148 441 458 571 213 162 896 197 153 -78 765 260 646 218 456 -57 691 128 489 261 632 704 868 34 301 -14 85 132 888 -84 349 237 818 480 364 882 644 808 512 125 7 696 389 -1 194 668 317 361 512 547 242 5 472 395 834 751 423 -17 99 -55 44 198 87 607 898 68 210 71 724 646 169 -59 620 217 430 293 -60 740 674 -30 265 871 850 149 397 523 765 713 597 763 365 686 722 730 -91 476 740 767 -46 858 468 509 797 382 656 535 624 303 429 699 55 480 153 893 849 63 383 424 95 743 -26 792 749 730 404 754 207 770 183 87 93 898 701 525 507 383 573 288 555 252 -3 761 228 365 637 613 279 611 173 313 679 -95 811 492 -55 710 592 -76 661 675 475 196 148 -25 -2 -58 499 648 536 69 631 76 443 334 329 616 -64 351 -100 392 351 303 -3 -80 484 488 219 16 846 553 751 119 -46 -88 174 49 832 720 797 170 884 542 52 719 608 745 518 866 136 667 -24 -67 830 250 -63 218 800 59 305 699 647
62 2790 383 58
17 628 113 124 866 25 -17 568 152 650 893 478 247 399 187 -45 501 47 712 80 574 796 734 692 157 644 774 413 260 673 516 416 381 219 -2 790 801 261 80 218 360 214 83 298 89 561 55 314 276 855 509 279 101 803 889 -29 307 -41 591 852 425 -82
110 41470 251 3
55 679 611 586 846 116 359 461 684 433 166 94 819 722 90 -96 747 511 -92 166 107 303 77 503 603 433 797 181 40 659 693 601 296 527 -41 -14 425 -53 88 -26 76 368 -77 39 431 190 426 138 -85 -82 400 85 -70 848 265 248 -99 390 613 341 -36 649 154 -22 398 587 706 502 659 116 148 563 823 385 134 348 633 155 -14 823 332 708 287 669 581 0 500 432 461 241 368 180 513 203 364 81 728 394 404 464 700 616 163 132 19 92 -90 220 823 248
17 3408 439 0
205 281 281 344 438 -77 278 868 32 -37 692 576 -97 513 485 135 -74
