10
166 57519 138 120
298 -55 155 118 252 537 109 150 572 616 668 3 703 528 221 442 533 162 480 297 678 387 799 508 638 681 585 409 -42 439 88 61 84 437 879 199 86 43 215 44 -38 880 187 826 73 519 826 161 684 706 412 15 -82 353 -56 316 564 620 733 117 89 743 70 141 830 710 298 497 562 530 780 571 430 132 544 370 459 127 447 896 711 179 -76 132 220 7 591 809 715 350 217 311 841 534 680 416 736 -11 357 438 265 269 547 724 847 178 554 587 518 -22 205 494 829 700 31 847 282 77 52 491 396 647 335 397 822 859 591 239 58 848 231 86 786 228 341 294 894 627 650 228 355 631 898 371 520 -49 94 313 238 83 96 772 -96 39 422 -9 607 861 842 514 -37 769 48 544 71 -1
153 31365 459 60
30 350 665 96 878 318 587 720 335 92 523 272 161 -17 122 833 326 703 67 -40 818 217 294 852 24 83 349 754 -66 149 406 267 -29 433 506 740 23 813 164 15 27 407 358 680 154 816 607 227 263 332 448 428 705 72 545 319 331 758 415 505 416 93 680 343 78 525 297 190 -62 698 -41 867 -60 335 628 852 459 549 348 727 291 828 127 889 -35 642 -87 394 -96 626 784 360 -2 -81 -19 -47 625 753 -98 -19 782 -9 203 691 26 125 327 -100 796 89 784 85 442 625 273 344 767 887 167 62 5 -88 10 110 -1 297 390 402 -94 828 314 210 724 -38 488 472 52 842 766 -65 628 769 195 894 788 146 -35 177 280 895 97 202 707
374 164560 345 242
99 420 349 146 875 839 718 716 633 -60 -75 442 612 27 880 -96 243 364 386 100 251 881 150 343 396 445 -52 879 13 252 284 131 349 426 368 224 524 775 743 107 777 10 279 744 717 221 251 873 176 889 614 73 547 35 526 619 150 582 69 870 843 1 213 -4 859 220 858 627 344 -17 -28 370 603 579 822 527 447 388 32 -81 14 878 780 423 634 823 384 387 479 189 31 212 279 41 581 654 262 483 290 890 632 279 255 -16 464 791 168 753 563 514 113 75 468 877 412 205 641 504 114 821 622 620 688 728 449 866 276 1 790 519 720 509 76 286 823 861 -32 374 582 421 704 613 69 588 -61 204 862 259 887 141 253 51 644 449 433 466 560 334 386 686 482 199 540 204 195 590 44 10 578 407 312 331 319 726 36 690 58 708 882 -14 238 813 529 253 56 869 771 674 125 171 760 812 211 53 55 480 118 109 246 294 454 580 495 483 599 461 670 510 138 429 624 889 355 65 -17 809 723 751 388 57 263 601 772 667 688 -97 119 368 116 140 540 81 574 739 257 150 -31 754 603 695 267 166 529 856 152 281 -27 193 725 753 894 214 758 434 896 420 50 310 725 532 646 27 336 668 895 109 680 292 845 581 787 253 364 257 667 152 709 -35 165 557 333 649 95 -15 300 524 426 374 697 610 282 205 188 81 858 174 252 722 643 651 -62 749 510 216 86 -100 567 552 697 724 5 195 59 697 337 443 319 577 220 873 148 659 132 122 469 280 616 719 651 697 473 605 433 147 828 425 536 400 638 -16 237 552 607 229 313 727 379 -37 -81 527 268 221 -85 112 884 27 9 6 547 112 716 772 572 433 393 639 853 767 795 677 -90 464 -24 239
411 92680 315 321
356 109 208 810 839 634 801 402 886 202 -31 371 792 448 613 119 694 471 490 369 288 652 418 783 720 262 -42 269 542 -46 413 679 278 267 299 206 608 889 141 791 719 192 669 -89 316 756 161 195 635 554 618 782 847 -38 401 -13 -14 -21 476 277 424 543 506 540 620 649 468 314 75 427 886 735 680 -5 612 73 488 344 743 415 456 425 234 455 748 30 217 157 -15 -5 490 62 101 577 759 61 710 630 130 278 632 511 130 817 236 821 381 336 453 525 383 347 805 611 179 819 752 -39 488 845 14 212 622 297 87 632 257 755 75 92 773 632 416 807 410 301 777 -12 266 388 -21 555 561 552 753 314 117 386 26 419 479 107 353 743 617 813 358 835 801 92 852 81 428 122 867 473 391 899 359 417 2 198 17 178 878 -100 172 28 321 85 -45 396 719 480 425 660 660 282 -62 827 767 59 520 126 201 300 272 831 -89 124 -33 83 517 396 695 314 204 90 -81 898 613 723 338 500 38 555 839 546 341 736 297 96 547 325 320 443 811 44 96 751 628 808 57 564 435 545 39 474 532 -9 -78 772 259 292 601 666 358 292 858 691 550 536 326 586 678 772 252 415 690 364 -45 153 732 293 444 322 276 474 198 219 839 597 700 33 697 736 341 151 310 356 387 533 557 153 63 145 142 127 771 12 607 620 23 375 185 709 64 510 -8 569 519 493 483 483 46 10 393 576 136 -85 453 418 186 833 -20 660 781 308 389 726 -43 -16 848 234 631 455 754 583 631 544 303 365 784 752 602 90 599 336 322 756 554 334 -91 727 486 367 18 352 39 533 889 -86 483 188 -82 176 537 -5 383 -52 -74 240 562 607 849 868 354 -15 576 289 388 98 282 16 741 561 503 839 382 541 197 226 780 762 -59 496 617 45 230 49 151 498 384 790 575 205 483 88 293 664 889 325 766 740 505 536 309 698 799 704 82
112 53424 14 49
589 494 -9 173 187 178 304 743 610 706 880 794 561 153 258 258 99 471 -29 69 219 805 278 576 294 357 814 745 881 846 269 431 116 446 780 664 710 729 842 170 154 361 754 283 874 455 -16 285 818 -39 532 309 216 157 -71 331 665 214 519 23 295 580 359 442 721 409 758 683 10 401 621 212 807 281 423 804 394 76 740 142 819 131 893 522 553 43 537 746 677 59 191 264 423 678 611 671 -12 575 285 55 327 899 552 253 311 787 176 731 793 898 775 524
67 134 12 24
50 308 228 62 748 482 893 699 816 167 816 27 694 -64 776 172 819 199 -22 688 510 736 826 138 605 629 703 70 508 517 625 -44 39 881 816 454 26 615 256 336 6 578 644 32 -25 418 848 607 611 449 898 463 -84 46 283 462 888 886 234 -31 248 127 616 772 -41 142 627
87 696 38 66
270 663 14 133 420 564 32 178 5 878 -26 830 678 154 351 59 517 560 -54 809 305 591 865 -54 752 -70 344 830 481 642 510 1 516 854 -21 197 887 608 763 820 139 568 794 86 -57 350 241 268 659 556 504 739 -49 322 460 204 429 141 339 -62 501 193 334 437 512 -90 263 870 175 888 -76 499 725 579 467 813 18 678 350 863 730 870 825 881 846 486 553
291 85263 59 37
767 119 -78 894 500 649 128 194 396 442 -88 778 -8 458 810 43 885 771 224 -3 -65 25 113 166 184 716 396 406 5 98 376 851 858 -24 232 757 502 42 275 -76 424 153 804 249 483 29 183 875 392 28 389 236 602 858 201 -5 -81 562 243 403 325 444 420 500 546 143 74 -39 448 217 214 730 663 124 803 138 757 164 817 412 555 -17 715 242 657 628 236 799 452 720 504 198 102 349 402 418 166 75 -7 799 665 -92 736 401 185 371 733 613 340 173 729 645 559 164 48 48 619 -49 315 689 288 630 252 214 713 829 849 764 400 -74 460 186 858 -27 577 556 173 94 697 289 601 -30 501 351 348 618 462 813 546 179 -19 825 -61 884 374 268 374 108 161 267 814 847 539 88 860 -70 665 136 517 549 287 534 -92 -47 111 281 410 779 -83 650 28 848 82 784 453 754 366 655 309 418 843 895 49 190 111 -79 621 525 -87 152 759 825 503 294 -4 20 679 732 56 798 339 238 665 -18 -62 278 637 736 420 800 5 175 278 647 561 259 -18 750 605 -44 -40 882 220 864 658 518 467 898 -53 239 888 483 626 490 763 94 470 -78 485 430 217 551 184 779 322 876 102 206 35 855 366 97 622 70 460 307 47 313 591 450 405 539 888 162 -6 405 681 134 525 189 403 605 588 -13 884 406 496 261 568 663 651
264 115632 475 23
478 834 480 208 149 655 176 61 611 48 375 430 707 9 343 285 893 3 549 876 874 303 61 327 341 643 762 691 92 233 536 319 672 781 750 137 -94 774 326 499 135 201 7 96 845 -15 877 249 254 411 360 372 68 560 307 -90 838 284 406 535 307 654 638 590 189 224 283 414 671 537 74 617 770 623 781 292 549 834 368 50 164 503 349 220 235 314 91 824 283 -26 683 889 804 433 588 71 619 859 759 -9 582 382 117 142 702 -20 144 873 109 141 863 0 713 687 703 -92 400 -94 310 -43 188 275 778 528 -72 497 498 528 92 598 723 188 -10 240 190 97 242 671 416 176 812 -64 531 379 84 -37 403 107 457 146 724 125 249 91 546 589 280 -66 417 442 831 610 -97 420 -73 260 230 659 670 793 111 585 -22 358 364 578 708 268 716 18 512 1 524 -73 570 165 852 240 658 745 793 805 4 238 882 -72 89 172 45 148 66 385 122 740 119 -84 489 750 387 -70 488 34 851 527 783 852 359 449 -64 49 824 425 809 241 106 122 869 241 716 -73 426 604 831 199 500 857 819 -76 234 888 112 147 671 872 548 277 717 -84 440 231 637 200 528 438 546 406 755 391 151 540 424 101 526 -30
460 103270 252 64
587 195 511 -76 627 90 156 412 662 437 528 766 329 288 157 186 644 836 410 -74 678 582 752 281 502 779 50 -41 164 -23 389 751 767 -56 561 659 -64 162 887 783 367 553 516 230 629 448 285 728 11 531 180 215 -63 90 138 308 745 867 549 84 837 655 139 208 782 384 312 653 471 737 870 8 178 797 571 798 97 771 119 506 104 793 118 879 753 64 74 464 -79 649 549 582 202 206 543 -55 623 682 -21 17 239 285 791 686 357 746 467 894 149 138 90 -1 756 166 311 766 8 336 98 246 -11 147 476 499 282 -20 279 713 83 368 818 776 97 622 899 618 -8 351 798 407 184 269 757 664 102 34 -23 610 -85 538 105 637 -83 802 -16 61 733 10 260 552 786 792 317 232 748 638 66 -53 852 6 -46 288 874 300 242 412 407 316 723 269 268 629 23 406 411 -66 67 899 -35 455 383 6 675 11 636 347 137 675 389 361 529 845 729 10 300 495 312 179 190 382 797 718 739 731 724 575 621 871 436 678 496 853 198 708 175 736 679 249 168 183 882 4 102 45 178 75 62 621 823 413 292 686 543 118 679 18 320 122 -93 412 803 389 470 562 146 681 101 745 630 465 480 200 59 109 691 318 45 197 503 855 7 123 -79 741 793 -20 393 531 643 239 158 847 87 760 -32 263 -52 614 70 868 473 643 682 182 238 235 354 744 290 56 104 205 744 220 116 362 147 408 -96 86 237 204 165 142 594 784 -51 -20 -37 242 306 658 456 423 701 27 845 382 -56 867 249 258 872 719 706 137 -34 879 -50 -14 -91 482 638 171 402 426 443 83 647 769 350 397 576 -53 651 710 273 566 631 607 272 702 274 -99 680 781 14 96 358 706 480 171 -48 745 174 340 98 667 -86 764 -69 894 623 271 776 543 626 511 8 198 619 309 -16 226 309 257 823 278 18 51 117 588 298 562 48 321 269 301 823 712 752 360 731 170 341 193 539 165 318 546 128 68 875 312 584 391 -78 180 534 524 735 -46 290 309 557 264 134 643 676 680 385 187 451 385 527 702 352 474 97 23 629 127 537 320 70 401 273 429 -15 304
