1678 661
1 674596
1 892454
1 893523
1 217811
1 315955
1 65204
1 887692
1 270535
1 78036
1 843722
1 308070
1 415703
1 406634
1 939598
1 632125
1 551076
1 137660
1 22267
1 46719
1 311753
1 480676
1 953530
1 250746
1 959379
1 643575
1 146941
1 487914
1 606849
1 445366
1 467613
1 10813
1 421437
1 696694
1 190325
1 657961
1 983961
1 174796
1 918975
1 72560
1 258317
1 841405
1 952237
1 163697
1 123504
1 941732
1 711819
1 837683
1 114998
1 112548
1 201620
1 240109
1 196842
1 883280
1 167826
1 565016
1 567596
1 603864
1 722618
1 32248
1 358124
1 392823
1 889158
1 413096
1 372647
1 417370
1 129429
1 857189
1 328738
1 803858
1 443458
1 601629
1 706726
1 609853
1 643009
1 835193
1 816507
1 258353
1 686911
1 963303
1 892072
1 483754
1 189754
1 980589
1 89002
1 735926
1 540318
1 122922
1 887282
1 177758
1 945570
1 440494
1 803556
1 205975
1 591971
1 984253
1 714702
1 688296
1 390527
1 90911
1 868327
1 198814
1 477301
1 607211
1 103816
1 481902
1 75196
1 833684
1 261103
1 684458
1 798177
1 974451
1 845938
1 738791
1 922341
1 796246
1 362880
1 320749
1 397142
1 865225
1 397599
1 503200
1 887725
1 6692
1 806178
1 259438
1 625961
1 160085
1 838761
1 436153
1 258539
1 913838
1 153950
1 444678
1 834129
1 125553
1 50925
1 602151
1 171926
1 141722
1 962116
1 317606
1 81066
1 2606
1 311692
1 567218
1 549902
1 137410
1 229862
1 238669
1 457524
1 603853
1 400042
1 825846
1 938133
1 627314
1 258396
1 824532
1 692306
1 894920
1 601840
1 760868
1 913423
1 639148
1 766208
1 268965
1 237070
1 842569
1 225996
1 157376
1 235080
1 373157
1 232306
1 766717
1 418897
1 406895
1 217390
1 380963
1 925357
1 893063
1 94611
1 245423
1 415726
1 800398
1 920138
1 531833
1 376976
1 215471
1 180300
1 298658
1 143510
1 243630
1 908699
1 579074
1 557350
1 698863
1 642822
1 619536
1 675235
1 220937
1 293085
1 409362
1 236106
1 129611
1 446577
1 377543
1 604495
1 421519
1 378960
1 666963
1 923833
1 456318
1 940287
1 157354
1 555708
1 627684
1 63929
1 340416
1 637654
1 155701
1 108968
1 234095
1 179948
1 5086
1 420898
1 140585
1 414694
1 156304
1 234470
1 439329
1 756232
1 241930
1 542039
1 825844
1 586771
1 869478
1 398521
1 941661
1 598364
1 282918
1 143722
1 794393
1 475435
1 11583
1 976098
1 494806
1 423447
1 682790
1 694254
1 369571
1 790496
1 336730
1 319914
1 694484
1 169677
1 627825
1 687869
1 966771
1 703176
1 156967
1 795866
1 309743
1 611895
1 503715
1 117748
1 433151
1 401244
1 38924
1 718466
1 794838
1 110575
1 971532
1 873972
1 465613
1 405307
1 54690
1 731572
1 613260
1 929206
1 564973
1 914401
1 586746
1 346086
1 762167
1 154760
1 705767
1 132017
1 46207
1 593828
1 781048
1 371779
1 223371
1 778840
1 163730
1 865381
1 573934
1 147371
1 172681
1 524956
1 490006
1 586436
1 944074
1 375361
1 375640
1 815910
1 72583
1 142751
1 680062
1 220461
1 215715
1 376339
1 908497
1 391754
1 358110
1 390303
1 357923
1 759100
1 161730
1 643279
1 262368
1 685392
1 963726
1 6352
1 861910
1 951706
1 929187
1 565773
1 477185
1 31220
1 286188
1 731148
1 771611
1 953719
1 6098
1 921801
1 967651
1 9272
1 533088
1 106450
1 678957
1 2310
1 323955
1 10467
1 931754
1 34145
1 350182
1 834627
1 37688
1 471805
1 12733
1 156447
1 829740
1 425911
1 617487
1 473126
1 824990
1 988951
1 947129
1 380645
1 334646
1 733767
1 123136
1 782499
1 63925
1 448403
1 10693
1 708736
1 123910
1 21219
1 679919
1 901130
1 539461
1 153589
1 212885
1 634144
1 855311
1 346270
1 951851
1 583884
1 55500
1 693826
1 109806
1 390490
1 402299
1 715730
1 338067
1 791614
1 110972
1 12551
1 135468
1 440165
1 499107
1 201692
1 46363
1 951450
1 793146
1 826321
1 433532
1 182493
1 644951
1 564957
1 195469
1 928320
1 188319
1 38387
1 894304
1 635650
1 282
1 716793
1 336068
1 114287
1 427769
1 52229
1 458863
1 973880
1 636260
1 48154
1 87088
1 196175
1 58568
1 694242
1 825236
1 747270
1 776352
1 171244
1 137175
1 885161
1 16771
1 69287
1 327181
1 637273
1 915502
1 77728
1 677136
1 160875
1 441747
1 988601
1 309420
1 185665
1 530081
1 713195
1 525257
1 924199
1 285845
1 527101
1 577240
1 575600
1 448192
1 804357
1 515840
1 656338
1 219738
1 58848
1 924362
1 58432
1 621895
1 135469
1 809995
1 224199
1 714536
1 770447
1 771986
1 342316
1 998693
1 819106
1 830035
1 659332
1 71032
1 271165
1 267346
1 946259
1 61181
1 45034
1 715090
1 148906
1 7032
1 873762
1 719039
1 741371
1 211687
1 56781
1 125082
1 872895
1 359625
1 451577
1 12069
1 166730
1 653294
1 409752
1 74512
1 114925
1 435905
1 552319
1 937634
1 218125
1 541842
1 739933
1 852331
1 313858
1 27880
1 633273
1 441129
1 230771
1 859718
1 793391
1 983544
1 818736
1 149116
1 36780
1 133374
1 991952
1 687857
1 507561
1 265175
1 732621
1 325551
1 250981
1 146174
1 196765
1 686959
1 258918
1 76989
1 49618
1 390501
1 652721
1 894486
1 94708
1 358287
1 711687
1 504690
1 651422
1 444473
1 920995
1 47945
1 262039
1 419476
1 279731
1 967186
1 855154
1 577464
1 26835
1 97133
1 597672
1 353014
1 291856
1 652302
1 595380
1 534562
1 864988
1 510572
1 117040
1 508704
1 544717
1 395114
1 641071
1 423150
1 338843
1 835013
1 391771
1 714418
1 489754
1 266239
1 28559
1 84292
1 526197
1 816394
1 885368
1 400254
1 775020
1 152056
1 722152
1 243523
1 884048
1 365858
1 287483
1 38221
1 850812
1 885015
1 457902
1 194875
1 960342
1 603975
1 194876
1 263066
1 111111
1 5231
1 749691
1 333746
1 489207
1 721287
1 922103
1 169811
1 360909
1 47530
1 533070
1 473185
1 226598
1 695493
1 822797
1 365789
1 503572
1 779395
1 356745
1 439094
1 165465
1 624503
1 732608
1 289743
1 415140
1 927690
1 662833
1 826258
1 458571
1 534759
1 865209
1 64052
1 558858
1 282405
1 196463
1 647818
1 691964
1 383221
1 215363
1 933708
1 725208
1 416012
1 729683
1 575656
1 993198
1 854673
1 447630
1 820426
1 766305
1 67082
1 300110
1 636457
1 6695
1 876803
1 288303
1 205204
1 164992
1 336128
1 640565
1 965054
1 798196
1 857125
1 472478
1 675272
1 20112
1 385635
1 566403
1 817102
1 662946
1 932773
1 1589
1 926580
1 932147
1 432123
1 656213
1 631024
1 957444
1 523910
1 366389
1 205146
1 752013
1 115301
1 279406
1 521076
1 412851
1 55903
1 801282
1 593460
1 393800
1 839312
1 650995
1 8345
1 803591
1 378520
1 725411
1 862572
1 965712
1 905410
1 823214
1 277205
1 536673
1 706290
1 727685
1 943970
1 411798
1 620562
1 761933
1 739283
1 796578
1 862653
1 517112
1 385256
1 631695
1 713837
1 654754
1 991662
1 164211
1 188321
1 867758
1 396679
1 893620
1 950227
1 492642
1 402553
1 394109
1 450521
1 951233
1 459577
1 365121
1 990744
1 887273
1 258873
1 800753
1 256561
1 299180
1 492719
1 27257
1 97318
1 67442
1 824359
1 221183
1 58125
1 99855
1 162635
1 656863
1 243832
1 779617
1 738096
1 779488
1 648100
1 735342
1 591972
1 20668
1 838751
1 117243
1 65527
1 424143
1 30462
1 353904
1 109383
1 71709
1 672960
1 996011
1 365968
1 427018
1 393532
1 145762
1 503859
1 496724
1 151633
1 681085
1 765253
1 745811
1 485199
1 2675
1 763482
1 962996
1 95841
1 578852
1 536403
1 745203
1 677117
1 368375
1 351333
1 207704
1 364366
1 80694
1 644715
1 424884
1 201697
1 727079
1 748334
1 699611
1 705807
1 470700
1 124595
1 900324
1 241962
1 217374
1 877893
1 37023
1 307626
1 958821
1 686916
1 303702
1 321113
1 633883
1 641582
1 638920
1 739325
1 741283
1 19309
1 515683
1 414022
1 997252
1 885664
1 939200
1 879608
1 670090
1 95149
1 506147
1 751706
1 64863
1 638662
1 423155
1 303263
1 142310
1 823226
1 255223
1 52627
1 992025
1 324863
1 912722
1 37194
1 282723
1 247358
1 570433
1 447109
1 184129
1 543903
1 948370
1 329382
1 141781
1 741782
1 541927
1 541590
1 987211
1 277038
1 325356
1 168435
1 358576
1 941588
1 196374
1 397375
1 754447
1 303014
2
2
2
2
2
2
2
2
2
2
2
2
2
2
2
2
2
2
2
2
2
2
2
2
2
2
2
2
2
2
2
2
2
2
2
2
2
2
2
2
2
2
2
2
2
2
2
2
2
2
2
2
2
2
2
2
2
2
2
2
2
2
2
2
2
2
2
2
2
2
2
2
2
2
2
2
2
2
2
2
2
2
2
2
2
2
2
2
2
2
2
2
2
2
2
2
2
2
2
2
2
2
2
2
2
2
2
2
2
2
2
2
2
2
2
2
2
2
2
2
2
2
2
2
2
2
2
2
2
2
2
2
2
2
2
2
2
2
2
2
2
2
2
2
2
2
2
2
2
2
2
2
2
2
2
2
2
2
2
2
2
2
2
2
2
2
2
2
2
2
2
2
2
2
2
2
2
2
2
2
2
2
2
2
2
2
2
2
2
2
2
2
2
2
2
2
2
2
2
2
2
2
2
2
2
2
2
2
2
2
2
2
2
2
2
2
2
2
2
2
2
2
2
2
2
2
2
2
2
2
2
2
2
2
2
2
2
2
2
2
2
2
2
2
2
2
2
2
2
2
2
2
2
2
2
2
2
2
2
2
2
2
2
2
2
2
2
2
2
2
2
2
2
2
2
2
2
2
2
2
2
2
2
2
2
2
2
2
2
2
2
2
2
2
2
2
2
2
2
2
2
2
2
2
2
2
2
2
2
2
2
2
2
2
2
2
2
2
2
2
2
2
2
2
2
2
2
2
2
2
2
2
2
2
2
2
2
2
2
2
2
2
2
2
2
2
2
2
2
2
2
2
2
2
2
2
2
2
2
2
2
2
2
2
2
2
2
2
2
2
2
2
2
2
2
2
2
2
2
2
2
2
2
2
2
2
2
2
2
2
2
2
2
2
2
2
2
2
2
2
2
2
2
2
2
2
2
2
2
2
2
2
2
2
2
2
2
2
2
2
2
2
2
2
2
2
2
2
2
2
2
2
2
2
2
2
2
2
2
2
2
2
2
2
2
2
2
2
2
2
2
2
2
2
2
2
2
2
2
2
2
2
2
2
2
2
2
2
2
2
2
2
2
2
2
2
2
2
2
2
2
2
2
2
2
2
2
2
2
2
2
2
2
2
2
2
2
2
2
2
2
2
2
2
2
2
2
2
2
2
2
2
2
2
2
2
2
2
2
2
2
2
2
2
2
2
2
2
2
2
2
2
2
2
2
2
2
2
2
2
2
2
2
2
2
2
2
2
2
2
2
2
2
2
2
2
2
2
2
2
2
2
2
2
2
2
2
2
2
2
2
2
2
2
2
2
2
2
2
2
2
2
2
2
2
2
2
2
2
2
2
2
2
2
2
2
2
2
2
2
2
2
2
2
2
2
2
2
2
2
2
2
2
2
2
2
2
2
2
2
2
2
2
2
2
2
2
2
2
2
2
2
2
2
2
2
2
2
2
2
2
2
2
2
2
2
2
2
2
2
2
2
2
2
2
2
2
2
2
2
2
2
2
2
2
2
2
2
2
2
2
2
2
2
2
2
2
2
2
2
2
2
2
2
2
2
2
2
2
2
2
2
2
2
2
2
2
2
2
2
2
2
2
2
2
2
2
2
2
2
2
2
2
2
2
2
2
2
2
2
2
2
2
2
2
2
2
2
2
2
2
2
2
2
2
2
2
2
2
2
2
2
2
2
2
2
2
2
2
2
2
2
2
2
2
2
2
2
2
2
2
2
2
2
2
2
2
2
2
2
2
2
2
2
2
2
2
2
2
2
2
2
2
2
2
2
2
2
2
2
2
2
2
2
2
2
2
2
2
2
2
2
2
2
2
2
2
2
2
2
2
2
2
2
2
2
2
2
2
2
2
2
2
2
2
2
2
2
2
2
2
2
2
2
2
2
2
2
2
