1697 615
1 780259
1 75467
1 855707
1 923233
1 909823
1 257168
1 309685
1 854328
1 127626
1 860078
1 942771
1 850942
1 473018
1 400775
1 843046
1 327457
1 906168
1 362711
1 464658
1 232538
1 940716
1 684015
1 669911
1 867278
1 259658
1 522477
1 119456
1 821031
1 478556
1 743936
1 572298
1 508724
1 291281
1 163931
1 74519
1 169535
1 871366
1 500984
1 205459
1 957358
1 854611
1 834256
1 605445
1 695965
1 46040
1 117912
1 933850
1 360442
1 292041
1 638782
1 391373
1 426529
1 283576
1 355493
1 32603
1 141881
1 247457
1 874333
1 204453
1 696719
1 927355
1 647398
1 647398
1 286385
1 401276
1 890343
1 296088
1 174542
1 846125
1 1707
1 279585
1 487053
1 370351
1 231387
1 497347
1 460139
1 971342
1 773698
1 378564
1 389465
1 788420
1 454333
1 663642
1 195989
1 818384
1 883969
1 434266
1 826504
1 907705
1 136594
1 669474
1 753697
1 434780
1 452865
1 78725
1 571632
1 897597
1 169638
1 292854
1 275526
1 910349
1 593311
1 909304
1 955659
1 955576
1 178184
1 497797
1 58976
1 645810
1 710459
1 37756
1 895990
1 725697
1 60746
1 405904
1 107438
1 11726
1 418235
1 193262
1 477299
1 369512
1 241604
1 342190
1 864214
1 27929
1 930183
1 133309
1 908137
1 748076
1 978896
1 574090
1 751966
1 146366
1 608397
1 321391
1 512352
1 38660
1 478221
1 288481
1 833842
1 50460
1 703549
1 39643
1 547464
1 549208
1 418975
1 995847
1 218852
1 881544
1 281995
1 735726
1 254514
1 360583
1 56811
1 594465
1 969893
1 59848
1 925810
1 866088
1 247059
1 199265
1 422877
1 127659
1 632910
1 733143
1 976429
1 206814
1 70278
1 228460
1 902884
1 222321
1 715868
1 393958
1 641662
1 42168
1 291784
1 433889
1 875954
1 998808
1 239469
1 157015
1 170410
1 370034
1 631547
1 661870
1 901055
1 149588
1 343815
1 242242
1 46904
1 148765
1 242022
1 547123
1 574213
1 194673
1 664272
1 339378
1 576375
1 975006
1 954034
1 863431
1 703811
1 229196
1 447316
1 309158
1 944824
1 98027
1 615405
1 153203
1 164413
1 815193
1 660868
1 24339
1 211726
1 770515
1 526025
1 460276
1 704504
1 562078
1 328499
1 448927
1 10003
1 186165
1 826971
1 624572
1 825856
1 203828
1 759641
1 988517
1 76708
1 983237
1 994079
1 913327
1 747876
1 102923
1 585555
1 783734
1 982561
1 80589
1 190768
1 726632
1 403062
1 357
1 400543
1 315411
1 131120
1 493736
1 4882
1 959283
1 266830
1 545239
1 339746
1 818102
1 288442
1 130951
1 23658
1 863058
1 763974
1 902605
1 873124
1 193801
1 226474
1 20206
1 723202
1 593914
1 607677
1 796101
1 822928
1 618796
1 622963
1 614453
1 647049
1 321302
1 645591
1 686545
1 576375
1 60977
1 344969
1 138505
1 419407
1 739457
1 580985
1 869016
1 444683
1 260769
1 792548
1 145195
1 974282
1 681806
1 942607
1 723
1 511847
1 855990
1 465987
1 884014
1 663702
1 170306
1 307208
1 899922
1 183236
1 937504
1 687525
1 239291
1 381295
1 834006
1 782487
1 677303
1 539523
1 486595
1 124815
1 542351
1 528375
1 270839
1 509361
1 171192
1 201768
1 759606
1 58379
1 47865
1 392372
1 356808
1 395988
1 944671
1 838170
1 107396
1 25061
1 996895
1 458321
1 735581
1 871036
1 523
1 759654
1 578156
1 750639
1 827896
1 681754
1 567359
1 671981
1 287534
1 66939
1 918370
1 240764
1 585041
1 309378
1 331053
1 74863
1 310031
1 144558
1 717646
1 735334
1 831114
1 304672
1 766487
1 449931
1 659591
1 309238
1 533450
1 730506
1 245272
1 546603
1 981283
1 611345
1 453639
1 362223
1 90343
1 729289
1 393539
1 764483
1 938923
1 783699
1 310798
1 685209
1 942822
1 670599
1 446695
1 20394
1 332987
1 460841
1 138741
1 974231
1 347393
1 454957
1 78517
1 858372
1 965845
1 750573
1 323814
1 971891
1 529058
1 100329
1 74097
1 230365
1 37678
1 33535
1 835422
1 197974
1 865960
1 744235
1 540852
1 740578
1 95856
1 973120
1 84784
1 379539
1 861607
1 829095
1 837162
1 265317
1 898808
1 11161
1 214595
1 334235
1 478311
1 572888
1 932115
1 513819
1 354136
1 653683
1 143441
1 524296
1 265954
1 183930
1 454211
1 481119
1 473620
1 254334
1 233448
1 736020
1 106440
1 193293
1 305892
1 194222
1 431335
1 321708
1 167595
1 335585
1 265661
1 433046
1 217521
1 477547
1 220350
1 357237
1 639056
1 424945
1 458391
1 783455
1 416314
1 528155
1 511033
1 900947
1 512226
1 606829
1 307363
1 594868
1 144293
1 194216
1 747503
1 325510
1 730238
1 227809
1 306399
1 67303
1 799658
1 604640
1 129704
1 714959
1 788631
1 906684
1 268415
1 410827
1 189332
1 403701
1 669987
1 422007
1 217589
1 323474
1 830570
1 603322
1 245124
1 828157
1 131216
1 554375
1 851696
1 867676
1 702268
1 961681
1 879728
1 241
1 854613
1 942927
1 370615
1 317876
1 479045
1 19505
1 917150
1 731504
1 203211
1 715169
1 12429
1 970331
1 727366
1 58366
1 978283
1 652667
1 185792
1 707029
1 459720
1 81910
1 918456
1 465825
1 982089
1 653752
1 671668
1 192965
1 320211
1 122698
1 51079
1 862344
1 860090
1 486385
1 130655
1 704721
1 485291
1 789638
1 512657
1 361635
1 115864
1 327764
1 746279
1 561498
1 673060
1 88056
1 793130
1 883175
1 434127
1 502964
1 308332
1 907017
1 550179
1 534740
1 465945
1 110285
1 232927
1 299845
1 638783
1 425095
1 780132
1 195506
1 87450
1 795473
1 327133
1 942305
1 91748
1 303940
1 334515
1 979470
1 330524
1 518773
1 55409
1 746631
1 775574
1 813491
1 919412
1 312840
1 360387
1 276670
1 514327
1 866072
1 78465
1 295306
1 632030
1 69412
1 960997
1 807348
1 776608
1 665435
1 334087
1 376132
1 379834
1 44682
1 932559
1 401828
1 179505
1 388856
1 209022
1 950624
1 13606
1 973381
1 825343
1 930912
1 535808
1 883775
1 811950
1 322210
1 833750
1 865285
1 973416
1 903483
1 542300
1 196001
1 364885
1 822031
1 105423
1 212255
1 57588
1 617295
1 532580
1 995443
1 206821
1 200820
1 4461
1 218442
1 262908
1 886265
1 263628
1 32943
1 617731
1 367838
1 256413
1 57762
1 605008
1 729370
1 563166
1 624309
1 458440
1 451744
1 395105
1 457447
1 727923
1 766934
1 756469
1 645188
1 85698
1 146962
1 652560
1 849917
1 186461
1 939031
1 204289
1 556996
1 628465
1 829071
1 308757
1 818027
1 527801
1 50569
1 562504
1 361854
1 891724
1 730036
1 82734
1 719518
1 439527
1 609565
1 636577
1 682912
1 629564
1 759398
1 93805
1 452646
1 914426
1 336200
1 630138
1 261180
1 212382
1 217482
1 147257
1 360437
1 71545
1 248130
1 635665
1 28679
1 376387
1 961997
1 102347
1 243429
1 764640
1 31306
1 654396
1 917852
1 301745
1 695900
1 572915
1 35185
1 6750
1 605663
1 235748
1 378361
1 289249
1 512106
1 189843
1 29304
1 55062
1 160967
1 649923
1 437439
1 314881
1 272495
1 810848
1 322304
1 729952
1 166154
1 909419
1 434996
1 957554
1 268518
1 771814
1 611439
1 816455
1 242165
1 159745
1 171010
1 557130
1 371596
1 380291
1 376146
1 921227
1 668506
1 882556
1 891703
1 389201
1 264422
1 389034
1 984408
1 543071
1 514956
1 344681
1 880581
1 692805
1 998393
1 568735
1 481685
1 21098
1 460774
1 375848
1 306242
1 543000
1 159954
1 600383
1 788482
1 241416
1 107843
1 290350
1 97255
1 449390
1 769470
1 157111
1 637945
1 221704
1 862212
1 755779
1 684435
1 803426
1 796880
1 133962
1 864508
1 679597
1 461456
1 125507
1 610375
1 502465
1 438624
1 537934
1 141677
1 581167
1 910669
1 394719
1 325993
1 193291
1 429577
1 321133
1 710293
1 83577
1 297450
1 882075
1 51140
1 48823
1 574824
1 30310
1 400160
1 916395
1 40471
1 109072
1 371268
1 360941
1 984930
1 895051
1 933021
1 382615
1 562377
1 27625
1 283453
1 404364
1 891485
1 408387
1 740288
1 81350
1 280697
1 953768
1 200035
1 182180
1 293251
1 109000
1 193313
1 971059
1 880356
1 620320
1 667664
1 897083
1 731716
1 736552
1 282940
1 630412
1 133578
1 402171
1 621891
1 813002
1 930067
1 945030
1 428338
1 892150
1 751089
1 452148
1 611422
1 723071
1 881254
1 897880
1 206917
1 260552
1 543393
1 628187
1 303782
1 545787
1 738040
1 621544
1 832414
1 50637
1 231911
1 171094
1 476868
1 36115
1 86473
1 298390
1 74120
1 765637
1 639893
1 71453
1 386376
2
2
2
2
2
2
2
2
2
2
2
2
2
2
2
2
2
2
2
2
2
2
2
2
2
2
2
2
2
2
2
2
2
2
2
2
2
2
2
2
2
2
2
2
2
2
2
2
2
2
2
2
2
2
2
2
2
2
2
2
2
2
2
2
2
2
2
2
2
2
2
2
2
2
2
2
2
2
2
2
2
2
2
2
2
2
2
2
2
2
2
2
2
2
2
2
2
2
2
2
2
2
2
2
2
2
2
2
2
2
2
2
2
2
2
2
2
2
2
2
2
2
2
2
2
2
2
2
2
2
2
2
2
2
2
2
2
2
2
2
2
2
2
2
2
2
2
2
2
2
2
2
2
2
2
2
2
2
2
2
2
2
2
2
2
2
2
2
2
2
2
2
2
2
2
2
2
2
2
2
2
2
2
2
2
2
2
2
2
2
2
2
2
2
2
2
2
2
2
2
2
2
2
2
2
2
2
2
2
2
2
2
2
2
2
2
2
2
2
2
2
2
2
2
2
2
2
2
2
2
2
2
2
2
2
2
2
2
2
2
2
2
2
2
2
2
2
2
2
2
2
2
2
2
2
2
2
2
2
2
2
2
2
2
2
2
2
2
2
2
2
2
2
2
2
2
2
2
2
2
2
2
2
2
2
2
2
2
2
2
2
2
2
2
2
2
2
2
2
2
2
2
2
2
2
2
2
2
2
2
2
2
2
2
2
2
2
2
2
2
2
2
2
2
2
2
2
2
2
2
2
2
2
2
2
2
2
2
2
2
2
2
2
2
2
2
2
2
2
2
2
2
2
2
2
2
2
2
2
2
2
2
2
2
2
2
2
2
2
2
2
2
2
2
2
2
2
2
2
2
2
2
2
2
2
2
2
2
2
2
2
2
2
2
2
2
2
2
2
2
2
2
2
2
2
2
2
2
2
2
2
2
2
2
2
2
2
2
2
2
2
2
2
2
2
2
2
2
2
2
2
2
2
2
2
2
2
2
2
2
2
2
2
2
2
2
2
2
2
2
2
2
2
2
2
2
2
2
2
2
2
2
2
2
2
2
2
2
2
2
2
2
2
2
2
2
2
2
2
2
2
2
2
2
2
2
2
2
2
2
2
2
2
2
2
2
2
2
2
2
2
2
2
2
2
2
2
2
2
2
2
2
2
2
2
2
2
2
2
2
2
2
2
2
2
2
2
2
2
2
2
2
2
2
2
2
2
2
2
2
2
2
2
2
2
2
2
2
2
2
2
2
2
2
2
2
2
2
2
2
2
2
2
2
2
2
2
2
2
2
2
2
2
2
2
2
2
2
2
2
2
2
2
2
2
2
2
2
2
2
2
2
2
2
2
2
2
2
2
2
2
2
2
2
2
2
2
2
2
2
2
2
2
2
2
2
2
2
2
2
2
2
2
2
2
2
2
2
2
2
2
2
2
2
2
2
2
2
2
2
2
2
2
2
2
2
2
2
2
2
2
2
2
2
2
2
2
2
2
2
2
2
2
2
2
2
2
2
2
2
2
2
2
2
2
2
2
2
2
2
2
2
2
2
2
2
2
2
2
2
2
2
2
2
2
2
2
2
2
2
2
2
2
2
2
2
2
2
2
2
2
2
2
2
2
2
2
2
2
2
2
2
2
2
2
2
2
2
2
2
2
2
2
2
2
2
2
2
2
2
2
2
2
2
2
2
2
2
2
2
2
2
2
2
2
2
2
2
2
2
2
2
2
2
2
2
2
2
2
2
2
2
2
2
2
2
2
2
2
2
2
2
2
2
2
2
2
2
2
2
2
2
2
2
2
2
2
2
2
2
2
2
2
2
2
2
2
2
2
2
2
2
2
2
2
2
2
2
2
2
2
2
2
2
2
2
2
2
2
2
2
2
2
2
2
2
2
2
2
2
2
2
2
2
2
2
2
2
2
