0
0
1
1
2
3
4
5
6
6
6
7
7
8
8
8
8
9
10
11
11
11
12
12
13
13
13
14
15
15
16
17
18
18
19
19
19
20
21
21
22
22
22
22
22
22
22
22
22
23
24
24
25
25
26
27
28
29
29
29
30
31
32
32
32
33
34
35
35
36
37
37
38
38
39
40
41
42
42
43
44
44
45
46
46
46
47
47
48
48
49
49
50
50
50
50
50
50
51
52
53
54
54
55
56
56
57
57
57
57
57
57
57
58
59
59
60
61
62
63
64
65
65
65
65
66
67
68
68
68
69
70
71
72
73
74
74
74
75
76
77
76
76
76
77
78
78
79
80
80
81
81
81
81
81
81
81
81
81
81
81
81
81
81
81
82
82
83
83
83
84
85
86
87
88
89
89
89
89
90
90
91
92
92
92
92
92
93
94
95
95
96
96
96
96
97
98
99
99
99
100
99
100
100
101
100
100
100
100
101
102
103
103
104
105
106
106
107
107
108
108
109
109
109
109
110
110
111
111
112
113
114
114
113
114
114
113
113
112
113
113
114
114
114
115
116
116
115
115
115
115
115
115
116
117
117
117
118
119
120
120
120
121
122
122
121
121
122
122
122
122
122
122
123
124
125
125
125
126
127
128
128
129
129
129
130
131
132
132
131
132
132
133
134
134
134
134
134
134
134
135
135
136
137
138
139
140
140
141
141
142
142
142
142
142
142
142
142
142
143
144
145
145
145
145
146
147
148
149
149
150
150
151
151
151
151
152
153
154
155
156
157
158
159
159
159
160
161
161
161
162
162
163
163
164
165
166
166
167
167
168
168
168
168
168
169
169
170
170
171
171
172
173
174
174
175
174
174
175
175
175
175
175
175
175
176
177
176
176
177
177
178
178
179
178
178
178
178
177
178
178
179
179
179
180
181
181
182
182
182
182
183
183
183
182
182
182
183
182
182
182
182
182
182
182
183
183
183
183
183
183
184
185
185
185
186
187
188
188
189
188
189
189
188
188
189
189
190
191
192
192
193
194
195
196
196
196
197
197
197
198
198
198
199
200
201
200
200
200
201
201
201
202
203
203
204
204
205
205
205
205
206
207
207
207
208
207
207
207
207
208
208
208
208
209
210
210
210
210
210
210
211
212
212
211
211
211
212
213
214
214
215
215
215
215
216
216
216
217
217
218
218
218
219
219
220
220
221
222
222
223
223
224
225
226
226
226
226
226
226
226
226
226
227
227
228
229
230
229
229
230
230
229
229
229
228
228
227
228
227
227
228
228
229
229
228
228
229
229
229
229
230
230
230
231
232
232
232
233
233
234
235
234
235
235
236
237
238
238
238
238
239
239
239
240
241
242
243
244
245
245
246
247
246
246
247
248
248
249
249
249
249
249
249
249
250
250
249
250
250
250
250
249
250
251
252
253
253
253
254
255
255
256
256
257
258
259
260
260
261
261
262
263
264
264
265
266
267
267
268
268
268
268
268
269
269
270
270
270
271
272
272
273
272
272
273
274
274
274
274
275
275
276
276
275
276
276
276
277
278
278
278
278
279
280
281
282
283
283
284
283
283
283
283
282
282
283
284
285
285
286
286
286
287
287
287
287
287
288
288
288
288
289
290
291
292
293
293
293
292
292
292
292
293
294
295
295
296
296
297
297
296
296
297
297
297
298
298
298
298
299
300
300
300
301
302
302
302
302
302
302
303
304
305
306
305
306
307
308
308
308
308
308
307
307
307
307
308
309
310
309
309
309
309
309
310
311
312
313
313
311
309
309
308
308
308
308
307
308
308
308
309
309
310
311
310
310
311
311
311
312
312
312
313
314
314
315
316
316
316
316
317
317
317
318
318
317
317
317
317
316
316
316
315
314
315
316
316
316
316
317
316
316
315
315
316
315
316
316
317
317
317
318
318
319
319
320
321
321
322
320
319
319
319
320
321
322
323
323
323
323
323
324
325
324
325
326
327
328
327
326
327
328
329
330
330
331
332
333
333
334
335
335
335
335
334
334
335
336
335
335
336
335
336
336
336
336
335
335
336
336
336
336
335
335
335
335
336
336
336
336
335
336
335
335
335
335
335
334
335
334
334
334
335
332
331
331
331
332
333
334
334
334
334
333
334
335
335
336
337
338
338
339
340
340
341
341
342
342
343
343
343
343
344
342
342
341
342
342
342
342
341
341
341
342
343
344
344
344
344
345
346
346
347
347
347
348
349
349
349
350
350
351
351
349
349
349
349
350
350
350
351
352
352
352
352
350
350
350
351
351
