18 1001
1 16 334335
1 5 408360
2 88300 97394478
1 14 217589
2 204539 602989269
2 196732 375765027
2 75768 35005211
2 52711 506880011
2 140634 278722862
1 1 994292
1 0 265229
2 217101 349485901
1 16 906648
2 24869 322384917
1 11 93114
1 14 42511
1 12 682809
2 161435 204192562
2 34321 137806862
2 129140 135497281
1 9 823410
1 2 325491
2 251041 102416971
1 0 585147
2 155393 224242206
1 2 367634
1 14 248280
2 88156 115290570
2 31920 48041251
1 8 681333
2 36692 80557220
2 229339 320469442
2 149530 138355638
1 9 757962
2 181050 317097467
1 5 173192
1 0 584728
2 25973 485560280
2 239713 307625561
1 10 720475
2 212121 509377841
1 15 447560
1 11 564051
1 3 154356
1 3 157570
1 4 666807
1 2 492008
1 2 140448
1 11 985171
2 149276 302830107
2 196037 200747796
1 14 464749
2 140107 103564617
1 11 76619
2 198180 150981157
2 135433 269441500
2 220116 39355497
2 24091 484909343
1 9 288530
1 9 140981
2 250951 135156057
2 20411 213975407
2 196889 320720744
1 17 861654
1 7 275046
2 233343 434406479
2 225321 328662168
2 98843 171225098
1 2 90415
2 70296 165344818
2 256224 353553027
1 11 344542
2 224863 159259470
1 8 155205
2 64773 102263473
2 65057 243268139
2 22810 86877004
2 101822 600312046
1 3 802081
2 243548 502278611
2 86164 36704957
1 4 117497
2 199326 389901140
2 232725 371077459
1 6 654061
1 12 125107
2 138162 480282009
1 14 995825
2 256010 115748772
1 6 858977
2 61508 240189110
1 15 855163
2 105943 42404745
1 9 704201
1 2 273625
1 7 833415
1 4 868739
1 1 328919
2 28231 353586413
2 166940 12292941
2 54212 178786768
2 208416 72760708
1 6 792512
2 83975 159348842
2 80876 387451659
1 14 448357
2 240835 136137636
1 1 980553
1 7 682460
1 9 752422
1 7 34846
1 11 331141
1 8 175167
2 229648 155789224
2 241925 337157244
1 6 279672
2 99652 254963330
2 118601 526745005
2 97827 232566070
2 31194 446340713
2 111486 451288068
2 138065 256444429
1 10 774092
1 14 24633
1 17 726831
2 212530 246247255
2 125678 105575579
2 36329 22856692
1 13 91343
1 13 531226
2 33107 73778374
2 250578 114723506
2 228997 266146424
2 199128 378906885
2 244948 57773540
2 185188 411152295
1 2 995239
1 1 853747
2 206986 150517567
2 46720 31571415
2 58078 111733218
1 11 292913
1 13 411870
1 5 906167
2 94869 162638981
2 48407 206048808
1 9 531488
2 75110 417879769
2 104384 52395876
1 14 183497
2 113766 261924604
1 7 940054
1 8 363745
1 2 799160
1 0 862829
1 5 284335
1 2 574563
1 12 17273
1 12 204022
1 11 639763
1 10 36762
1 17 293325
1 16 276775
1 11 76599
1 10 832400
2 9541 67252455
2 92376 5515653
2 251896 410409117
1 5 150944
1 6 23449
2 133407 296886373
2 47490 22013227
2 182857 417357158
2 207053 140901674
2 168634 380198587
2 162470 521474614
2 236968 9745388
1 0 520617
1 10 971938
2 15055 205058213
1 1 732039
2 90222 70788355
2 180954 290647899
1 14 760631
1 8 632364
1 14 604102
1 16 960181
2 1178 154576809
2 173521 253056264
2 142809 473359667
1 7 831604
2 146433 139242669
1 14 85390
1 9 661226
1 0 102565
2 157063 154401387
2 26131 98692953
2 86889 80722704
2 66945 11777587
1 9 685520
2 8107 158053227
1 5 952692
2 235578 28168831
1 15 649131
2 207998 28389665
1 11 533399
1 11 896942
1 7 785822
1 1 720657
2 86398 319873460
2 120253 574248625
2 195468 351994793
1 9 49924
2 135170 129852409
2 131309 378689438
2 209644 31655189
1 1 163128
2 82448 210776875
1 7 973184
2 56923 378469911
1 4 118603
2 124170 257675105
1 3 844654
1 5 935637
1 15 146775
2 107733 461977255
1 8 756527
2 130774 175968488
1 2 802321
2 41102 90194137
2 217901 246109973
2 111046 107734713
1 17 615274
1 2 885688
2 175372 407117838
1 8 76830
1 9 750478
1 7 10453
1 7 637070
2 119969 108172684
1 11 850364
2 256210 324974334
1 15 691843
1 13 368165
2 105267 336679235
2 55228 512298294
1 8 112587
1 1 315107
1 2 955896
1 0 16397
1 12 590791
1 0 392332
1 6 803646
2 248123 494589112
2 177832 142139830
1 0 518298
1 14 566180
2 153159 48126005
2 22542 97510003
2 136683 168057522
1 14 418046
1 0 280035
2 75435 199411898
2 80376 356684278
1 14 287784
1 17 903353
1 2 596143
2 51722 217927335
1 17 707844
1 7 952564
1 4 448115
1 1 220393
1 15 62927
2 210389 85710511
2 200092 174515334
2 247567 196999958
2 145899 30724634
1 15 904473
2 229466 96884484
2 122037 495778330
2 37826 195645843
1 5 60416
2 13477 271059426
1 5 200263
1 17 92412
2 111409 101323875
2 19235 51545925
2 121718 614814903
1 15 577727
1 13 976582
2 98929 142063450
1 9 934792
2 248057 384688986
2 61084 121809981
1 10 457717
1 16 420653
1 8 859726
1 6 962974
1 4 85108
1 13 693142
2 230966 410528508
2 87643 25928670
2 35803 303117305
2 248637 423094702
2 150103 305197314
2 202436 53103364
2 128917 116403072
1 5 715240
2 21808 269645276
1 5 670179
2 200189 558811854
1 4 765047
1 10 381119
1 6 261338
1 16 195112
1 3 861243
1 7 280774
1 8 700818
1 14 970111
2 157513 481928577
2 130720 92175009
2 114915 143797783
1 17 490954
2 173208 8170884
1 1 798981
2 214952 478208853
2 111101 64486582
2 105754 352186015
2 118857 374885012
1 1 201024
2 244781 260266791
1 17 155032
2 260239 80102154
1 5 972968
1 4 295666
1 17 657193
2 11889 63914610
2 83061 306503564
2 42858 238581491
2 175231 407083761
2 153365 121154673
2 177451 216896174
2 53127 357782111
2 146421 301373537
1 16 917747
2 220251 36241229
2 243685 672563970
2 4113 144951169
1 13 589553
1 13 287954
2 229514 85291638
1 0 433658
2 237610 158136104
1 3 431611
2 179002 599696760
2 8650 113319500
2 57320 410368440
2 173969 2505630
2 202206 104545556
1 1 163487
2 118925 431931937
2 21097 10150109
1 7 303567
1 4 589029
1 5 834214
2 6917 119106899
1 13 458337
2 50880 142494249
1 4 799560
2 258893 625040140
1 15 827468
2 210931 468301556
2 244514 379461075
2 79226 323495054
1 15 91571
2 108445 559374820
1 0 806805
1 9 260072
2 189156 331243810
1 12 180223
1 16 527367
1 0 404593
1 2 656414
1 10 856663
1 11 28847
2 175885 341078577
2 80349 472637515
1 12 272825
1 5 414298
2 112116 286887184
1 0 980827
2 214621 311269559
2 74336 15574182
2 72759 165139938
1 12 986028
2 186518 25783241
1 10 881286
1 14 710026
1 3 637355
2 193073 261333348
1 1 722914
2 221245 118738983
1 5 152010
1 15 899428
2 43520 145588774
2 170953 140678042
1 4 158708
2 68353 85739378
1 15 799148
1 11 966399
1 14 648867
2 206614 359147515
1 1 251033
1 3 820882
1 5 123920
1 17 359023
1 16 770763
2 170260 221891740
1 7 327235
1 0 745482
1 16 408253
1 2 471908
1 5 67696
1 13 619199
1 16 139812
2 186313 418325401
1 2 249679
1 13 167031
1 16 253176
1 14 148224
1 5 82436
2 79330 129834447
2 166285 320582426
1 3 234519
1 14 396525
2 102052 75436490
2 242010 76277107
2 81993 196099474
1 14 943760
2 225226 312186354
1 17 848129
2 103085 489739799
1 15 585894
1 14 910449
1 3 976731
2 24915 270784029
1 17 8220
2 27804 288118267
2 211885 139755515
2 227363 144874089
1 16 834667
2 51946 99885196
2 229845 363304213
2 213283 216057237
2 102928 46304735
1 10 204971
1 3 197389
2 66259 256793936
1 7 365622
1 10 550786
2 112411 294783511
1 17 670925
1 0 469816
2 94990 392621383
2 254120 388413493
2 242214 73673339
1 17 632337
1 5 134067
2 76323 44760775
2 106708 159201197
1 10 196213
1 1 577436
2 4204 237247547
2 91399 250595382
1 17 399884
2 243051 396960285
1 8 482581
2 54376 48170136
1 0 214688
1 14 937314
1 3 139695
2 60977 174758264
2 256651 127052251
1 3 344853
1 16 587125
2 146862 407527416
1 3 906749
1 8 389214
1 3 463027
1 14 85706
2 33675 266105277
1 13 743116
1 15 805449
2 177940 32963052
2 182312 149365414
2 106106 300944125
1 6 421134
2 75641 50902799
2 11874 40249699
1 0 512499
1 12 553586
2 170531 124458120
2 135006 159249532
1 17 872514
1 9 598214
1 13 896816
1 10 83905
2 159429 199042526
2 32595 167597116
2 88204 308794531
1 11 602241
2 97597 461851014
1 9 9678
1 16 831732
1 17 355784
2 73548 345213572
1 15 812215
2 225130 17240398
2 44792 390566059
1 12 522415
2 220811 354367395
1 4 249977
1 15 159620
2 160774 100603786
1 15 878736
2 157637 363188846
1 8 517252
2 112888 484248636
2 78141 456651794
1 8 359375
2 171725 169918435
1 8 224895
2 239030 91501598
2 75474 303824261
2 12103 320705813
2 203652 38854774
1 13 572132
1 3 342245
1 3 227906
1 2 598170
1 16 71462
1 6 833660
1 10 18675
2 91470 355735483
1 0 852473
2 161987 393699974
2 208484 75560119
2 244149 231055405
1 16 767929
1 13 64523
2 117172 477204962
1 12 986314
1 1 800847
1 2 622881
1 7 920645
1 13 989239
2 115137 9117681
1 12 647953
2 62811 217852623
1 15 854848
1 11 394581
2 33106 78938276
1 0 940433
2 147931 319683251
1 9 561621
1 16 935418
1 8 881745
2 37325 437180529
1 8 964237
1 1 848840
1 0 227465
2 20179 306235742
1 12 920180
2 218469 81458260
2 238980 223906349
2 210295 661240527
2 32257 12504161
1 1 520557
2 97720 104665169
2 30907 28392608
2 191787 344662803
2 173243 174988426
1 17 553123
2 61687 237132408
1 11 990220
2 37752 248067439
2 247276 349578550
2 80977 351705565
1 1 387881
1 9 323512
1 3 71598
2 126918 144959824
2 196881 34726570
1 4 313118
2 97519 417147034
2 121749 284831192
2 84563 310273413
2 85115 519254042
2 160731 326009433
2 43916 169151919
1 5 554473
2 3200 79151543
2 136620 285830504
1 11 138555
1 0 32656
2 259308 642528634
2 256034 305758158
1 13 446780
2 235069 572138411
1 17 785346
2 200498 29989320
1 4 527891
1 2 563751
1 11 908338
1 8 693941
2 192229 493707554
1 15 217581
1 2 537236
2 115582 261662490
1 6 311464
1 10 66573
1 3 30138
1 15 815267
2 143272 464048626
2 145726 335298015
2 127488 167368542
2 210309 158875194
1 2 400052
1 13 325172
2 153574 352178722
2 26743 444900983
1 5 71178
2 90934 464842020
1 2 409517
2 241914 605348933
2 242658 255193795
2 159029 284327308
2 247060 413169252
2 171922 21699355
2 168682 110341087
1 1 89725
2 215164 306194206
2 21962 347587378
2 191121 495974880
2 151868 4085133
2 41056 102194872
2 50914 381304253
2 76688 236643938
1 10 3455
2 81821 424941786
2 205370 58726371
1 4 57499
1 2 83002
1 4 83421
2 261076 159037710
2 31130 44783987
2 16231 240598223
1 11 363632
2 168388 49358258
2 259267 525347938
2 66465 109734667
1 0 285674
2 225567 166023483
1 16 835032
1 7 428831
2 232805 413892161
2 91489 184794536
1 10 351052
1 2 152996
1 6 753231
2 249006 141413008
1 15 797428
2 66579 150488598
1 12 717240
1 2 920010
2 168660 104221117
1 6 776889
1 0 630192
2 103507 330553917
2 99850 69114447
1 0 164955
1 13 143717
1 7 298191
2 4744 172537765
2 199664 397784519
2 68094 488888021
2 165453 284179276
2 245828 246088582
1 2 568705
2 231213 159900933
1 4 524722
1 10 902028
1 17 50902
2 31252 42796884
1 8 675192
1 10 11874
2 248582 455174813
2 23143 98380523
2 107056 229314615
1 16 59277
2 47435 121407319
1 1 964435
1 2 208234
2 143204 103465536
2 252651 26416758
1 12 756539
1 9 653126
1 3 954985
2 82434 216400320
1 5 462894
1 6 581846
1 1 995160
2 244609 368911732
2 43643 138251702
2 26579 296082014
2 130937 574690958
2 162666 313727251
1 3 619701
1 7 793765
1 10 131433
1 1 82224
1 3 760003
1 5 485913
2 22177 335558628
2 84959 562252400
2 87955 320890451
1 1 156790
2 212401 189831436
1 8 554668
2 198200 153228061
1 13 485976
1 4 961593
1 8 612352
2 32346 474114343
1 12 396825
1 13 770818
2 84438 113304293
1 8 85448
1 16 634197
1 2 242001
2 174283 343334060
2 170511 334178777
1 8 696980
1 1 337074
2 79432 135177290
2 89721 353638817
1 1 318112
1 2 951801
1 1 585742
1 9 13700
1 15 539890
2 142849 330419081
2 188218 352681493
2 136373 299285012
2 9491 324035116
1 3 756052
2 135592 227665526
2 174579 541279136
2 221894 224963086
2 96681 12170305
2 259284 16049929
2 85149 90991201
1 13 34069
1 2 249176
1 4 533722
2 211331 96198530
1 12 220892
2 90442 103703113
2 136972 147091375
2 65282 202733463
1 10 483921
1 1 719381
2 229128 64900688
1 17 5089
1 13 264925
2 260943 621076944
2 35504 82257966
2 21978 437291389
2 222373 210935935
2 204147 89541177
1 9 585607
1 16 278938
2 18261 871000
1 6 688314
1 6 317418
2 171640 12573892
1 7 905267
1 1 586398
2 95853 195946764
2 51567 115206657
1 13 313860
2 248560 376875057
2 47841 80670613
2 143872 118774552
2 10133 355689880
1 2 810690
1 3 511385
2 228116 296018433
1 10 625815
1 11 504940
2 235988 119846365
1 0 46808
2 11456 51315409
2 173622 431597207
2 76257 365547042
1 14 657437
2 118962 193088109
2 31192 417187212
1 1 573950
2 223364 22278100
1 2 848417
2 136927 449334887
2 42445 77422264
1 5 483592
2 57690 171315809
1 1 619356
1 7 666966
1 15 159046
1 4 92851
1 1 987213
1 0 960034
2 182384 50210377
2 111731 101603906
1 10 949985
1 9 331223
2 127326 378095476
2 30369 139722835
1 10 828877
1 1 461181
1 5 452695
2 193984 251880609
1 0 439760
1 12 358846
1 10 335042
1 9 919621
2 23292 152554273
1 4 487130
2 133733 243253491
1 4 557639
2 38516 401367705
2 106930 19239233
2 33635 72936183
2 217702 417134325
2 177290 35474638
2 52751 123364146
1 3 368582
2 155014 331961427
2 146193 378640283
1 0 118563
2 104174 568534702
1 2 518921
1 10 915520
1 10 621635
1 4 43694
2 36414 204742850
2 17659 312385815
2 130999 240538622
2 144660 310677258
1 9 75830
1 13 121308
1 1 545616
1 4 427296
2 109419 582187500
2 216220 208430104
1 6 982455
2 174116 327672310
2 148896 128923402
2 210794 589130772
2 231400 327886267
1 9 782336
1 11 211270
2 212938 371373300
2 219987 439523650
2 5381 222043841
2 8554 142614646
1 6 472175
2 203980 366022198
2 190879 552704759
2 127003 351260040
1 12 148637
2 246263 366913064
2 259494 245491186
2 157368 45171028
1 12 604607
1 4 466617
1 2 862456
1 8 954664
2 133728 58241092
2 206358 288792686
1 3 859585
2 123412 55288112
2 18780 352964522
1 13 274408
2 188960 169729406
1 9 711406
2 87442 70643350
1 2 814953
1 6 847771
2 257806 150246974
2 74462 188510062
1 12 562615
1 5 62741
1 2 433433
1 0 549069
1 17 764656
1 9 91369
2 10451 44907034
2 186240 127764990
1 15 834853
1 11 62244
1 16 432103
1 7 638028
2 130930 678800870
1 15 919572
1 14 574516
1 2 104361
1 10 957952
1 10 511822
1 1 805804
2 139679 161221531
1 6 860662
1 10 447967
1 12 39965
2 5459 150084506
1 1 766791
1 8 737664
1 13 803083
2 181392 9931321
2 28153 500257692
2 58808 279147845
2 85673 231366256
1 0 285295
1 16 587227
1 2 346934
1 13 524343
2 132954 383118760
2 208064 166732024
1 0 325896
2 217466 147775927
2 162609 509185681
2 110717 256302394
2 52394 73004655
2 251201 302351171
2 51637 181234319
1 0 29402
2 257418 286134117
2 118379 62937251
2 78326 306293655
1 6 331221
2 24818 327616114
1 6 47311
2 142450 89606844
1 0 121742
2 208600 220282619
1 10 324898
1 14 195639
1 16 827308
2 243052 187347302
1 16 933774
2 5222 72473767
1 10 924302
1 14 522426
1 9 846149
1 7 488202
2 116682 310936585
2 194795 164756883
2 174898 179486052
1 14 397071
2 115135 140830430
1 12 451273
2 172209 231227039
2 128242 248060990
1 1 719541
2 152259 161476691
1 11 836248
1 13 497535
2 164889 178390750
2 73816 267784777
1 6 70142
1 9 597551
2 122096 471584097
1 2 643240
2 34439 186391879
2 175679 148096358
1 15 917694
2 47636 1648609
2 87262 134574876
1 11 138618
2 161804 192596106
2 76265 61545493
1 8 153786
2 195489 476176797
2 233912 262359990
1 8 534763
1 0 691033
2 232456 9665403
1 5 822091
2 165540 103673655
1 2 338998
2 142122 432290768
1 11 875463