300
2 1
3 1
4 3
5 2
6 5
7 5
8 7
9 2
10 6
11 6
12 9
13 4
14 11
15 4
16 12
17 11
18 10
19 1
20 10
21 1
22 15
23 1
24 19
25 20
26 8
27 5
28 1
29 5
30 14
31 26
32 7
33 28
34 21
35 19
36 31
37 34
38 33
39 21
40 33
41 5
42 4
43 26
44 33
45 36
46 19
47 38
48 37
49 16
50 35
51 37
52 8
53 32
54 14
55 40
56 14
57 30
58 41
59 1
60 48
61 56
62 26
63 35
64 23
65 16
66 64
67 1
68 62
69 56
70 42
71 18
72 59
73 62
74 31
75 43
76 54
77 53
78 55
79 48
80 21
81 67
82 72
83 62
84 2
85 25
86 12
87 42
88 19
89 6
90 7
91 15
92 13
93 68
94 88
95 65
96 55
97 49
98 54
99 17
100 72
101 43
102 64
103 29
104 15
105 93
106 36
107 33
108 62
109 80
110 84
111 57
112 67
113 2
114 71
115 39
116 87
117 55
118 87
119 85
120 21
121 83
122 92
123 45
124 27
125 53
126 81
127 79
128 111
129 31
130 79
131 82
132 119
133 63
134 62
135 83
136 84
137 120
138 6
139 88
140 22
141 11
142 74
143 99
144 27
145 15
146 71
147 134
148 71
149 90
150 47
151 103
152 72
153 149
154 36
155 82
156 117
157 43
158 155
159 53
160 43
161 155
162 2
163 109
164 124
165 21
166 58
167 144
168 161
169 1
170 70
171 153
172 112
173 52
174 29
175 128
176 26
177 41
178 149
179 131
180 176
181 162
182 145
183 65
184 76
185 140
186 45
187 113
188 8
189 39
190 31
191 137
192 10
193 163
194 9
195 126
196 176
197 80
198 44
199 128
200 17
201 103
202 110
203 119
204 5
205 11
206 68
207 63
208 185
209 1
210 48
211 26
212 168
213 119
214 74
215 62
216 9
217 177
218 75
219 109
220 84
221 24
222 2
223 139
224 28
225 25
226 27
227 161
228 225
229 136
230 202
231 188
232 38
233 202
234 151
235 170
236 235
237 178
238 191
239 227
240 43
241 181
242 24
243 185
244 227
245 190
246 183
247 184
248 115
249 235
250 224
251 59
252 143
253 178
254 34
255 17
256 121
257 92
258 67
259 26
260 204
261 1
262 256
263 51
264 176
265 235
266 144
267 65
268 114
269 235
270 146
271 248
272 237
273 215
274 144
275 122
276 122
277 206
278 235
279 216
280 41
281 2
282 87
283 274
284 193
285 277
286 5
287 199
288 207
289 77
290 98
291 21
292 42
293 52
294 230
295 27
296 114
297 25
298 281
299 278
300 194
