196980415
56684016
388905940
147724926
381840471
381840485
129372114
381840477
697012046
381840718
381840474
175040571
880962602
132279416
381840478
510431064
381840478
381840478
461008225
381840478
49092359
381840030
781138219
381840493
402517476
633035267
381840472
700797092
501835393
381840486
381840473
381840478
662600615
129464808
334949938
381841738
381840476
381840466
168443607
17437989
632051377
548214536
151929249
381839803
381840473
603672556
857194933
590732712
730433744
718268899
7498850
807953560
781138392
172281918
809659483
381840479
381840476
346188894
381840486
381840526
381840526
381840422
492756511
941134066
492756519
643564029
165094460
681037322
714588549
381840430
934609800
195133850
277942102
4340176
381840454
248741232
881938653
182191613
381840478
637133448
33792150
730433744
381840482
381840502
381840478
381840476
726930905
936420699
751560609
761165948
49092363
381840482
880962651
472614369
140201964
381840470
381840493
381840466
582545692
662860970
388842974
381840472
538630514
308639360
49092355
381840478
983785186
642790585
52611438
631401573
381840477
381840485
305650742
749195312
356884369
437298498
880962653
49092367
952796359
381840478
96627805
381840472
581489347
381840478
381840046
67084422
381840486
239234141
572901151
830891266
381840443
781138220
381840478
132279395
155989689
381840478
430866316
576735422
215466418
381840520
612432635
530943873
381840473
714588596
381840476
381840478
381840485
657245833
935119236
953845698
269820734
381840481
381840476
132279416
182191608
569011285
714588597
167827725
913433297
233952422
975074360
381840446
643383275
25633646
130074847
496319708
381840482
256482781
312175614
257059933
381840442
636917367
381840506
836973537
603672556
381840462
381840542
341840797
361205605
729339770
498087899
218579820
714588605
729622183
113160700
381840475
826602123
747671452
105781701
765137055
381840505
49092387
696318919
309293966
381840483
43829218
381361909
631401564
381841486
946062904
791615376
49092357
196272709
86064374
381840473
936420675
381840350
984342785
727340506
570334985
624127069
381841234
493924478
288598585
492756511
381840486
381840464
381840474
469616032
381840471
228381122
630423773
514776735
381840478
381840473
381840484
381840488
722994895
381840486
949071458
321387414
482652051
783812088
381840424
381840262
845608167
277740782
381840443
507068141
257059933
532007792
381840476
381840478
381840463
283064328
381840483
893834939
685705625
381840481
381842368
102149184
622158563
215466420
805535986
281487871
813009613
666905838
381840470
381840480
765831962
880962665
381840482
381840470
610679432
433878258
615757097
609516418
587995473
256708613
381840475
112307535
481664913
994722915
546890519
381840480
889999338
949160696
750240180
412492937
381840463
730396865
647854004
381840480
832898147
751862415
644631408
527747726
803531286
381840518
280557322
816995836
807417867
381840485
523119279
359565096
545481064
37779634
906818387
381840450
357139322
381840478
381840478
733896889
505855482
488623152
952265834
151665693
899338174
460851195
781138220
156746341
882438906
714588596
684514046
381840482
132279391
381840483
204152160
83981340
381840478
381840482
297155876
952265754
865016593
882912772
381840558
363577216
368478457
381840451
234496681
196980413
994121305
239234144
631401554
669798614
39885175
483877097
527138318
381840493
894593205
381840073
880962657
381840478
356415210
893440709
508878363
809283648
947512278
381840458
585186550
280083738
381840480
697935052
181012471
381840520
968653906
49092363
257059933
381840472
381840862
130453065
512084784
837289464
900011871
381840486
557248542
599758453
880962655
381840486
381840484
880962655
431752696
973392689
381840477
381840470
396866083
381840485
938094381
917188120
516583873
326382457
381840598
268236492
592655835
729159873
809659660
712518696
274885726
381840470
182191608
814437920
871969358
381840482
507083682
232919769
138522201
381840558
381840482
381840480
23433492
381840478
381840550
124771716
504679138
605313872
548214537
413309769
381840406
651923679
381840442
365203072
182191569
133588296
158727806
203582558
915201403
714588593
49092467
754144877
381840473
631401561
855774227
381840474
381840493
826354093
880962653
585672044
381840482
381840480
420262835
381840520
350847792
381840856
381840478
423337815
381840448
670288596
273990161
967729196
252431586
688490724
661087132
880962650
462683505
381840478
265447116
381840466
539775412
381840470
140201964
807018629
381840473
381840474
381840492
714588598
429299365
847288396
381840486
548214537
381840484
381840471
411013645
574319026
29092069
391391725
825504635
563883086
127864214
599523845
49092379
942281591
936420674
190798838
381840463
282016043
247490091
49092357
381840406
714588593
631401566
879822450
714588598
381840484
444230751
714588595
381840470
759294503
899426429
132279389
381840478
619083233
381840486
597897715
44841091
381840460
809659483
381840485
44862245
371800643
96911794
575462744
381840471
566564447
381861214
885187673
444473341
581489347
952265822
849699690
381840474
681313784
273044293
49092361
569802614
988137469
381840358
626397282
235562650
281487871
381840492
936420674
714588593
57471828
381837076
964506535
973392687
381840470
381840478
381840350
369658555
381840471
3837759
856565600
381840470
596035794
624304011
880962657
381840398
456750140
381840514
381840477
381840482
381840475
381840490
381840483
381840479
49092359
157744807
176431021
244280544
661099479
621514686
132279390
381840477
381840473
381840478
381840486
714588597
358393177
381840473
381840496
381839694
381840478
232899112
161153958
49092359
605430350
878685016
381840478
49093107
381840483
602153821
184766444
954676684
381840502
658092541
381840478
603672558
605152047
850566359
942205096
549699324
110803332
864237220
548694449
632412778
744002862
381840472
381840477
381840482
614386927
462048176
406778639
381840382
714588595
153665298
381840475
381840471
381840470
628213223
341025936
58909177
572698930
250320459
381840478
246653727
667053148
381840487
468116042
980787089
353568430
559109605
381840475
381840474
49092360
724626140
803663470
276623321
661041844
611867973
381840478
381840457
719871312
881735637
841379283
554376539
381840513
432676996
381840485
381840499
381840550
381840479
204847147
135218154
381840478
656746143
381840479
439871954
381840862
381840498
622937143
381840471
381840478
973410698
381840482
825504635
711120465
381840198
381840471
920172814
925776078
823534798
381840436
381840470
381840484
89363820
128597604
381840476
771828507
979863994
145450045
381840480
201448527
70219225
424228792
443493913
283906924
968939420
631401561
381840470
101022784
381840476
429375923
787237067
43375878
791725054
381840479
381841486
381840480
381840474
161642910
381840476
375626246
381840476
215466419
596580130
761988140
49092363
381840472
817241294
648038972
481664889
381840472
416335257
381840472
381840479
936059595
714588465
781138218
381840476
381840480
381840518
780013969
381840490
381840462
247552161
186490685
631401575
652107724
265155734
381840478
381840471
332573149
222837030
381840490
381840534
340602026
49092363
218572414
381840438
382940544
270326449
381840486
447154248
625021888
381840460
321802701
714588599
814755018
96627798
853184257
105106191
376294676
388653221
620576416
381840485
182191607
522808363
381840483
300067942
381840481
236676766
743544696
756181896
134273381
934732607
381840483
541895725
132279381
231688643
381841486
381840474
581489348
724691584
182191557
305132942
381840474
381840478
381840479
381840484
381840478
381840446
365515830
381840550
381840470
479825726
825016402
381840478
381840486
381840478
165416317
381840478
49092659
703534506
882493294
82732297
336595622
381840472
381840478
950830724
381840496
381840480
33496523
696302145
200605251
205401125
416943889
98276882
92776808
33247212
865572149
355226229
254867604
381840472
381840910
86064374
581489327
985633626
562574184
144455137
381840477
553586277
629353232
381840470
381840480
381840502
951712526
733409157
114927428
882203041
224549906
381840478
643164890
243069908
381840478
492756631
381840477
936420667
123647130
182191611
399868921
648263494
925273368
381840478
381840482
773180577
49092531
681378607
381840128
381840451
381840476
206656666
827703309
381840485
139637650
581489387
381840498
381840457
618326921
61392401
2607855
381840451
381840496
647980304
850738523
381840453
703390335
381840478
297898325
381840474
766746571
670488570
684172052
215466418
963361205
395784365
4725945
64817089
182191617
381840492
446769146
559307400
381840262
87589336
386087365
462781440
96627840
980787178
381840460
690820873
500831719
855324624
381840469
825504666
206385261
381840534
747275923
201215971
132950515
367189287
381840478
843945224
7082877
7498850
437298498
57310924
980787094
381840477
618612473
381840482
880962497
381840478
381840458
381840475
96627804
177415577
9292091
355783062
187596132
449428070
168025140
381840476
95099641
182191641
381840486
381840486
381840482
451110804
389252792
836814423
381840520
790566921
614889925
783318999
50976822
900548360
378869660
381840471
381840476
270526899
239234141
936420675
491635708
84799513
646983145
335609509
572660982
248741231
381840498
869608271
8402449
424487736
780432507
714588596
524446845
807884498
733923547
381840464
132279402
248741230
470187579
262371624
381840484
381840494
381840538
527135301
41138127
640889615
243005715
780476551
652896297
381840482
381840484
714588857
844756391
514939725
642248
314175201
702920703
802512173
825529109
263227405
49092467
205742111
344868465
293107639
196802355
481664914
639977158
7333846
256798191
217367590
230618486
381840482
381840480
849430230
227056517
389374680
381840462
34703710
182191593
381840487
381840478
381840487
341628752
741406810
433172565
489347981
381840476
910464182
381840475
381840478
714588593
714588591
238734189
289910731
72840796
774882023
251721581
84967492
381840471
381840474
319450013
198838858
767561325
673549007
381840485
677172503
381840352
865219199
709759762
246199211
413394896
381840478
381840534
592098836
381840398
823338913
620103596
381840471
381840470
224452426
264244564
381840486
715102193
381841486
381840382
332939722
381840451
381840482
677796256
381840604
381840475
381840492
381840541
381840474
897961935
96627806
381840470
149267077
976505426
424616492
160008400
381840486
358371242
163804218
825504634
381840478
381840478
381840478
381840472
307758934
821068331
257059933
413419426
10269865
62799472
381840485
465850385
381840477
592036852
952265822
381840480
381840479
182191617
74070312
684677980
327775945
29408316
274480731
699039681
162795645
381840470
484264089
631401564
884005723
546249769
385710147
381840469
657962983
381840475
381840471
890999598
381840478
321785096
801144208
381840478
132279389
406892584
381840472
631401546
370532053
381840470
964149681
923469268
381840473
822789675
581331880
938921477
281049275
229585452
619000250
381840430
463173254
946486591
59055297
381840482
927749963
449046713
825504634
475769904
984985201
381840430
108958421
215466418
105127346
11131723
381840353
714588601
381840474
284946933
381840481
701449185
924973371
381840482
126054263
225150259
381840030
182191605
506621030
587939866
791890051
653972110
735347576
650304161
255246097
880962630
584080336
581489351
381840477
381840486
381840451
922224753
627990065
490226680
381840471
220609646
696698428
381840520
372531482
381840037
506621030
71275568
236093031
227624826
962874565
381840479
355116706
381840493
797865302
381840478
927899451
758681987
353523896
49092361
163524588
381840477
20478012
381840478
60014398
381840475
146565713
553530372
150783568
194669664
381840486
381840470
249103335
381840482
644141385
950822498
381840403
686132755
410130073
381840482
490799006
370537184
381840478
597577243
381840472
10599269
704876900
132279386
381840472
336446299
615715700
228190762
481664889
700721709
381840482
514939724
506621030
799298330
62015111
55883138
136448869
904116048
381840466
381840442
609930077
415935525
728076216
381840482
616193671
381840481
407709326
39965812
809659515
182191607
124098276
381840583
215466420
381840473
381840481
381840478
537122933
49092371
381840478
381840262
381840478
812729518
381840472
381840477
381840476
381840477
381840479
381840532
29091864
270883402
381840520
381840583
727880658
400533418
381840482
842323897
381840478
381840457
266452921
381840598
381840450
44323860
73632606
239234135
219278561
596951774
427645030
714588633
631401565
889092632
876721502
381840484
799314177
381840485
381840486
250736090
403804133
912948025
96627720
49092361
381840526
619487738
880962653
381840499
421413572
524446813
381840334
714588601
381840838
96659209
49092359
384549189
379119604
381840498
557469203
744582426
381840534
429516546
810785608
423518054
394043729
601518902
381840499
629674630
880404359
49092355
667053149
381840518
723848148
804118786
381840478
381840478
529300685
779499447
571322045
381840496
381840483
550062937
211073120
381840476
381840466
381840558
381840458
640641303
859458070
381840486
980787061
270924437
387907483
714588549
796049043
381840470
381840483
381840534
697055266
725402782
242123212
381840477
20124377
476911369
676269572
381840466
381840479
381840550
474150915
932279784
445730872
478790108
381840479
381840486
381840454
781138218
381840488
572398122
381840483
215466419
253899299
856751371
913358920
239234138
381840510
381840473
381840482
59462325
381840475
381840541
904730377
381840486
304596615
751560609
381840438
132279401
381840478
381840478
381840494
248741230
381840470
318328461
381840484
381840542
381840486
341888886
96627720
381840454
972019351
486796421
286292614
49092362
901246333
582545692
198706116
969437625
381840476
293107639
631401561
381840483
260809883
144454737
381840485
760608068
62492807
83064018
381840478
381840481
381840496
784936071
315480684
381840474
144455936
765016403
381840478
381840483
215924202
381840670
276587561
982154862
520927725
330219143
381840478
623686340
216058809
573782425
544354807
714588595
381840464
381840478
436738984
973441179
603672556
381840470
381840528
132279381
743580170
381840422
71582936
381840480
217609313
700741276
393620197
397101421
381840496
381840478
381840238
381840478
381840483
381840457
381840451
381840478
381840483
516624250
930982591
184114888
980787091
292453157
381840474
381840483
680796276
381840472
495579136
27867162
381840485
831703405
580508459
941594215
78833423
239234135
381840478
852325152
381840470
973392687
381840475
709935738
182191575
6664047
595796340
381840485
155531569
381840472
952265823
381840479
49092371
235193515
690820873
849767548
809659480
381840487
381840463
381840471
444230751
690602023
381840478
470582526
96627810
631401570
952264434
528040825
501327903
781138219
433648193
916614238
974462382
381840523
381840154
246810337
80367280
763662287
441174900
880962665
915799429
381840478
524446813
930339594
132279391
212028963
880962662
381840542
43675079
381840486
52716893
780395289
179824028
492756517
809659483
381840499
381840482
116191668
381840484
631150431
980787090
714588597
289343323
776356957
381840474
177999439
540172052
562997817
381840448
381840478
484334275
381840478
132279389
714588633
182034144
381840442
122102660
97352785
381840478
391006300
880962659
132279396
436767569
438988250
381840482
91063947
381840463
381840478
686834351
381840469
91153777
381840450
742080130
381840478
451928910
304474895
672995081
381840481
381840470
154222184
279590050
381839974
381840478
568734067
381840398
631401568
381138503
381840480
985261487
381840494
24734215
411024
381840476
47097420
338730670
886056059
381840406
381837022
381840499
381840478
835523514
381840476
316526399
923249895
714588601
552470036
751560609
381840478
773203598
845523199
571365745
132279390
6279209
335047774
855770875
863843423
282016043
381840538
381840450
755845589
724150080
47869389
453474158
315290735
138434753
571522458
483756508
381840472
714588593
93629918
381840838
381840484
381840576
351064242
663804342
337474132
381840438
767421160
420596858
217777587
198309192
270924437
381840479
733144388
880962652
96627816
381840463
892283546
781138212
381840482
944971776
96627806
244626997
673662064
952265844
257059926
688189047
381840473
381840538
177994331
333203609
381840485
477340570
381840482
381840502
58737985
36060727
854980602
861813583
912343138
381840478
7498864
758369162
381840477
239234139
381840479
182191606
381840406
863351814
223260314
606460457
728619859
856755823
381840478
182036094
381840586
654464542
928825331
381840484
381840478
381840470
384769530
797629201
779549322
420440947
497208661
381840470
328363102
381840478
631401570
581489355
83183047
381840471
631401565
308647278
880962642
381840483
368020247
214560228
182191617
899448660
675848340
156629579
973436493
381840478
89984012
381840478
381840424
535848080
859996219
381840462
197544595
381840472
444230750
330820200
381840479
884997648
381840479
772674063
78822334
805670601
381840534
236487897
880962662
581489347
756182113
381840478
405083526
880962647
381840550
656763376
381840483
381840450
319119708
676804534
381840483
512659147
19491914
315290735
381840438
889849336
381840474
381840485
286769587
714588596
981505595
252016290
400302289
381840518
637238826
717467590
490023762
680508647
885932734
381840485
381840559
381840472
381840479
915780438
603672556
748416122
936420675
381840479
667053140
817125618
667804723
381840498
839016722
381840443
96627806
535113400
125331234
667053150
381840496
625116104
879984040
381840473
381840484
714588857
49092355
381840470
43605582
381840442
381840463
241068699
993674341
344715425
132279390
381840473
381840730
267431356
302940929
381840814
381840477
704967759
381840476
381840478
531577131
381840534
728856293
381840471
553312755
389979916
479722880
506442905
237449429
437126448
358539713
381840478
381840484
850911830
381840494
381840472
355988857
290872310
132279390
853889137
381840472
880962672
381840475
381840478
712024198
632208713
381840484
888319600
492756519
966920462
381840481
631401567
381840408
381840484
849775371
381840477
553017788
381840478
49092359
381840480
487916767
381840486
751710927
468123893
842714321
112301686
381840460
623524275
214722214
381840473
381840478
381840518
49092360
799818887
454143392
623243460
709265865
645782960
925323925
381840472
381840470
554921852
381840496
880962652
754804839
381840478
244872348
381840475
42066790
548926706
966177177
70507372
325452677
714588593
188546175
49092360
562954093
466691971
40682712
741839706
600655518
381840484
381840473
379852472
724477666
381840474
806202955
683116607
836954597
381840470
880962653
381840477
152693378
524446815
182191611
498140607
381840471
381840486
285908311
381840474
973631916
381840472
952131713
112551076
7498845
880962656
381840471
381840478
631401565
381840481
541890612
485742795
79821871
447252087
381840477
381840463
880955567
740853944
381840450
460982151
381840496
621756543
381840480
381840475
648038972
381840482
772049762
63293439
542165080
381840486
459130754
557803608
751260570
257059926
714588591
132279395
997079106
147401119
132279329
608609681
128204923
294426531
658876031
244494611
591598278
726236367
381840457
51522203
968663891
880962658
820263429
282810940
132279437
474424702
381840480
964149684
381840471
277760875
49092359
381840476
381840478
520267846
381840475
115220900
381840496
381840498
381840478
381840492
916614238
303982339
680957837
456100800
618715990
381840484
381840366
492756511
111378795
953622306
835167456
240574789
524446815
381840486
880962655
121683383
381840485
675523809
381840476
225451783
230712672
319226401
205650033
952265850
319152406
433751231
381840470
381840388
683691850
381840514
268688550
381840478
714588521
940142545
719481031
245129344
280868223
381840478
381840487
381840476
381837022
381840476
432819324
381840486
381840474
196028920
714588594
341520334
381840471
381840480
719234150
381840481
307533813
581489355
381840478
381840481
495701910
319488389
13273467
708501316
613472498
690432206
7008376
381840498
302276453
381840477
381840478
898270287
714588597
381840475
714588569
419905483
188897305
514939724
381840486
381840472
780219026
468572098
381840481
381840462
458972436
381840478
838620515
715106220
322912882
904834424
535937423
599194054
381840481
24539867
508464156
659578892
381840442
553804329
722083227
49092367
309615651
688445836
753219306
381840475
533514004
381840457
381840478
825504636
672194497
381840466
699919024
505903986
54460305
381840472
464427734
603499450
887617616
381840450
980787089
365932228
669382713
381839596
182192705
427983912
714588569
87648681
115022224
381840358
381840190
240052814
563997642
300953515
603672560
381840478
743955806
482133829
825504610
828294406
381840476
381840473
823950604
61815446
49353051
381840474
399695725
270924437
381840475
381840472
381840438
537143306
381840485
381840478
381840658
381840481
381840338
441174900
127144388
381840477
781138218
382168373
540264890
381840478
381840472
594758561
756182110
714588479
381840473
381840482
791008412
381840478
444222581
200821238
486263133
826335216
381840492
754737424
688592649
850365053
381840466
381840485
603672556
260778198
857117986
250648983
381840482
381840474
381840481
100242214
381840474
381840538
370410489
221129553
784226710
672929739
209304417
381840472
381840481
681313784
667053176
603672552
381840478
381840576
575829002
980786933
794637601
769218931
381842242
746370910
79415890
187429613
381840478
581489343
182191608
683231823
880962665
7471546
381840480
970548893
193056852
88444942
761343584
381840446
381840476
462095066
351704372
381840496
381840479
880962656
364623789
427882066
231201934
746492379
33302672
946165548
381840694
381840475
920975044
450147655
381840470
714588595
381840233
37589729
381840486
381840520
613458788
132279392
381840478
62941443
381840483
381840366
276944363
219432503
381840476
381840478
381840484
714588594
655416254
215466419
312150449
148608433
603672560
679176455
880962652
339860635
381840474
711148500
215466419
381840482
759351107
465027508
346677699
714588597
762309064
114206417
211909152
239234143
116900480
714588593
381840478
160008398
381840481
537816158
594800785
381840484
381840398
820023217
381840486
566503723
995526539
4729757
104391619
381840478
84741368
381840458
381840472
781512776
381840477
45422301
381840468
356113927
567634428
381840473
381840478
221406111
381840414
381840481
529537582
338129426
27331243
904730377
729347760
131409694
708867940
381840472
762124038
733600611
909193733
947010066
270337491
381840513
379984712
381840334
381840470
379043937
381840469
709123765
96627852
381840590
880962654
49092371
806218134
311095671
443060209
459902202
631401561
514880627
980787178
667053146
791509214
142586877
980787091
370258594
716057973
450674594
506621023
391523063
381840478
255216290
256124951
381840483
602113752
3507364
49092362
105663253
381840477
247986397
381840436
381840470
381840484
272190702
474264439
339068940
381841234
381840478
381840448
614516954
381840466
481664889
548214538
824159358
931721470
102667108
548214536
980787097
723492642
347157570
381840478
920526851
144265173
940183033
49092359
381840473
381840486
414024643
802539824
381840658
529183963
203164475
381840481
465027507
381840478
381840478
690795278
168873213
781138224
381840469
381840481
629348898
43777902
598690227
929043759
939418264
47703221
381840430
381840471
182191607
953845422
519823351
830118508
725230029
742782461
381840496
381840483
506621030
37208499
714588597
49092363
881284660
381840479
548213433
781138212
702077953
741129513
529855003
381840476
381840625
381840480
381840482
929533918
714588598
969115998
873706734
78081815
381840468
971350617
36213560
631401565
666253590
106699816
381840475
381840484
615364077
381840550
980009012
418642765
381840470
475051843
714588598
581489347
491298999
986255596
155756894
916254940
381840485
764042607
22472511
971214659
714588598
880962647
522532087
514939726
370397171
381840483
537323111
381840473
868473039
864899339
163855694
381840485
381840514
381840485
381840478
684259167
381840478
219921603
667053140
631401568
312664253
880962655
68026278
381840528
756182110
727327035
117110376
39628803
132279389
433922435
714588689
381840478
323536334
381840418
714588591
381840562
477760216
461439877
381842368
402845567
880962656
233952426
381840470
880962656
912097943
714512924
381840478
47948898
714588598
411199754
381840469
381840474
381840474
812216088
946825090
381840479
980787090
381840478
667053146
381840492
507314558
381840479
381840478
884405524
431407123
676776183
132279389
381840478
381840481
381840482
381840486
714588598
381840483
790332210
464948574
162862122
721605172
381840478
880962655
381840475
381840478
381840478
313713399
799885938
381840493
166411193
439324964
381840470
319450202
980787091
381836894
381840484
381840483
381840446
230568701
381840128
381840478
675476047
381840486
381840481
381840490
598080004
384447958
581489347
481664914
744119926
459929389
381840550
381840479
980787079
381840318
381840478
880962644
936420673
381840472
168144616
437298484
381840478
133889036
55883138
668296345
185982803
257059933
903973803
381840480
804256285
696282589
381840481
381840472
972136188
335592745
631401519
239234143
169031513
795674675
482384451
883603513
114386705
949602445
530851317
843138678
939405530
728167107
292488329
381840469
714588605
381840470
381840472
223857817
955481272
858009660
831555673
215466419
880962653
381840476
30644895
381840478
898525033
791957511
381840486
381840268
454978646
51012367
909401926
912085637
880962657
381840472
726610434
705262495
157956818
381840502
381840482
631401561
381840471
230435243
381840398
758917659
524633967
514092699
819009166
874767190
585745829
473541616
715618801
381840523
581691603
133781275
652667830
833427209
239233949
672995081
381840486
172041061
381840478
707233900
381840480
223179209
49092362
375107899
381840478
964149684
714588595
381840476
157953000
134310277
395929236
900462071
809512047
381840443
880962655
756182113
667053151
203582558
21994702
381840472
381840598
381840477
381840471
381840478
149728532
606445459
381840478
573145681
381840478
525518473
381840469
316111850
615603812
794580274
255090248
381840484
880791293
759830752
304730837
168911887
901171946
381840358
364598964
400583161
937822322
323697084
381840478
381840485
479685833
381840473
26471048
381840450
381840496
677448350
381840471
497332967
87991908
326382457
381840499
595442636
177980651
96627840
702704734
381840268
381840478
462859757
381840470
775370669
381840486
381840485
880962434
381840493
381840478
814201567
381861214
512021651
381840318
431219544
524518852
515303998
381840475
835090073
381840478
47820758
210139506
524446814
381840472
381840534
712423132
573480753
331959389
566409930
102312939
49093043
381840486
524446814
980787094
175145169
381840476
381840475
381840478
923269026
290107173
631401575
524446813
381840483
456809776
381840472
444446000
233952426
832916253
381840472
803377634
381840478
381841558
381840486
178604005
465669842
381840485
425580000
144142703
909955179
896384481
381840478
290649778
381840470
774744
329027298
581484331
391424220
418327053
47179944
504704633
249987209
781138229
381840479
242871142
847687847
381840534
28236382
381840478
239594614
49092367
496207527
15917391
394189966
381840473
381840472
381840478
756182113
714588598
631401561
381840471
709699992
880962656
5429721
860724896
643194196
496611883
491519278
54504298
329202020
880962653
381840471
63325634
381840486
381840463
381840590
381840513
129312051
206321898
790905170
53201825
874279083
381840472
61075951
965288588
381840482
298653448
132279374
309265439
105748211
324151112
1507687
381840474
381840484
381840466
381840477
636148472
381840483
955104839
381840475
795847080
381840482
627656721
710980826
49092355
381840476
162221614
694565244
396014893
500264638
381840646
49092363
164917922
290394468
606579651
390341480
381840481
8684524
952265802
132470440
290779636
381840198
381840478
469156135
166410463
544444008
780510584
751724404
668625265
388996858
233952426
381840485
932563210
381840477
132279390
381840477
316997316
381840481
874396037
381840468
381840542
32930807
714588596
952265820
381840472
381840486
218613893
664676378
56759119
598971906
381840559
814210039
307241167
756182107
381840481
714588591
381840483
381840478
831799508
938536017
381840418
381840480
930097623
381840506
256319160
381840473
581489349
366226427
381840484
960911885
789106964
381840477
111979308
189696971
49092360
241364821
233995655
381840485
351596984
672685924
381840478
781138218
667053146
381840483
499472055
743704056
250457635
876378376
980787093
648038972
548214538
524446917
678295651
59273000
103136277
49092359
884490172
381840454
381840458
638249885
783812088
381840478
381840494
279693971
381840520
702462345
581489348
160008396
381840478
381840474
402233567
381840158
96509832
429375923
609171106
666558645
931238834
863245819
381840486
22055520
381840448
381840484
381840448
381840454
962409901
381840523
49092363
381840477
833053065
791838256
437435928
834086215
507067199
952265822
570199348
936420673
843998829
980766075
880962677
381840486
625121471
188002477
581489355
381840463
381840520
132279388
880962658
904988031
381799654
13401464
381840482
714588297
601371984
390942946
381840574
956475210
381840480
541633612
631401573
381840458
633336414
781435476
758084803
381840492
381840476
822190596
955783721
381840483
370527521
178386170
237592557
880962644
464166589
382277300
581489343
783307110
49092355
864602390
667053158
880962623
714588596
317452677
272764792
745780899
132279391
381840480
809659483
381839344
381840472
280167442
584581652
381838430
758955011
964149681
506621023
603672557
381840478
272032886
372979166
562101113
466228428
381840073
714588479
381840478
381840438
263428195
379200471
381840478

