2
15
76
306
1038
3072
8144
19723
44323
93529
187057
357227
655351
1160655
1992529
3327045
5418916
8626873
13461720
20620501
31055256
46046985
67300857
97063357
138266020
194700417
271229821
374043694
510961960
691796922
928781666
237074881
635353257
146503778
798429940
624987083
667064147
973830592
604169496
628319876
129753539
207314413
977650787
577973933
169179597
939372009
107833712
929488261
699906476
760911650
474618916
353221464
890750777
684130203
415787237
864276852
916029914
578325585
993593475
455158610
424550051
550501804
689783367
930005926
614559551
369846492
134985727
194174678
211904981
241195862
871028645
128223179
613207298
532731451
756886584
880680341
290380530
235479944
428075447
710501090
229135027
515017700
327909881
652471420
21254302
731290955
865224969
435018081
534802750
504690531
105164127
703023974
469382150
838357322
460420664
374922510
247204317
633151775
254079946
288046080
678394592
460369773
106663623
892798884
283281079
339488142
150301287
286518056
280125328
129549053
832036849
944370243
173145101
504841763
595477510
802360341
835504830
994399032
955128138
611404013
949820857
969071871
643787166
934566276
951528421
784286218
793753616
621036069
204686039
111724938
784177012
81001916
716087441
732579291
220468774
943105677
84963430
74034629
481483563
1256179
512422544
227103230
926909283
290904612
318181162
848219586
182292867
809256217
239154174
948165619
438498014
416935626
95840566
620502350
626829360
933476964
372606117
289694253
920950895
410407121
733958562
255471729
482412453
924520379
464459575
9020695
349881683
734105667
331640299
824921213
681124981
639515034
419895813
658435183
150841593
424407322
865220148
720027284
945677984
310259125
352834290
830036428
972787942
984062894
848735896
452989986
909872056
762678369
364668694
3492004
209892429
750806441
684741835
652917786
695108888
144308930
461138393
164760270
831877893
95883440
321045172
998087469
219015106
757059742
38535044
12179494
312296191
716021083
843016616
307001795
781582673
629890218
457291525
950276531
359732169
911735278
774866267
249568121
181522076
46834917
692471399
903991887
477242156
226087824
646352176
365316166
374918083
66127130
79668284
992689950
967028273
137121977
261986877
857373511
932341676
602265035
976508846
914468329
502533219
849967917
608648479
401201460
70325437
37825746
794088593
203259089
37545492
767851229
865614039
108982172
780762091
198986129
593484460
637453066
525223637
836893254
183577200
64239776
97915987
588602928
710422296
100831546
822327778
496418878
614314122
325959996
105529457
830928210
32305925
264398110
363809368
330109705
97207095
554317537
139129942
258611464
391420866
593065543
985772515
744335090
319132753
972294321
206977648
77490718
992791304
508401773
451833129
109996466
140184361
676705415
4876076
521166448
867651042
364556476
674590140
514736507
437433334
362377427
414695014
765508724
509419680
580930898
938543255
53524757
125389556
286049779
118726329
895731515
725084879
163165983
630604979
120912379
281246783
214899342
344897707
508162309
886311713
824461767
582045343
461473737
714987660
215651474
639769862
940683784
676285728
602101211
555948446
349574399
573397920
15557405
26013899
818364838
733324502
305113140
192012066
371732069
534583334
834086011
977192497
727928352
511785967
640948430
44207073
61943877
772176264
128533992
570612712
185982149
536542012
382995629
840618436
318033266
151308560
829076769
837261163
851286021
57049344
601728218
700623670
980244605
236930541
681708213
132944794
484391897
784271800
339737086
387020074
844141701
104256242
123590690
915003935
395478220
821541285
199877719
171155746
458107787
640860561
325833654
807426968
655230225
434201647
267154193
390807423
781245015
790468525
620465272
629829324
528376030
352913805
287175658
17308694
820895761
873498498
186864138
706831944
947740477
589241270
204367603
748367767
642631661
555343733
578819876
607137353
747954219
145370789
836197776
744520244
660575724
634465415
891107437
641291178
877478198
608503072
124005966
818372396
791235822
361742205
931933689
463940390
667553381
758099930
255450748
378420117
704924108
669151716
165646800
178704172
682421963
12373463
562472867
839660270
609915632
274171208
787639124
785191815
356503309
306580104
880972418
548150385
515957663
611858500
349251626
25948098
543226966
309026329
653413081
584502181
766622001
830001094
233411057
833232411
673525452
307336868
565019737
431385867
597610948
538678984
196272115
659680392
945138461
45110118
549527271
262839930
803751431
180863817
59609937
651616887
660310728
434765154
221339039
185905564
117880766
618995162
306795818
461143440
14424350
18538334
644253759
493536738
869296157
528481398
976510293
558691850
669223169
809758901
389387213
167035746
178846491
164389374
276830661
720109218
524328306
300130253
687429643
625746060
205056874
853577464
217416944
696918098
726442104
205335185
487944356
76246600
153388063
534524537
375932721
379406706
104888209
346371911
872896027
907676805
518117798
182206846
747452147
319012392
53699936
504707664
369880580
744370706
705699089
92400992
807953750
285384545
840099753
543236176
576315059
450484997
494059963
976403246
98049375
234305593
961122786
258233249
838568509
186815611
935921786
647686353
443738145
683894673
172439520
7072410
176381891
202504613
774545061
941024882
809210696
751232333
896882420
944402575
485630859
42972062
867027289
26123344
49199794
464650744
591261719
994646730
357859018
608239773
909623452
62252845
667645084
982011977
171017591
143855427
111146099
578032338
544153178
578171417
628145373
891397206
90029743
982189585
893880716
620710220
520721594
813727056
583229197
346986491
473496912
822444844
698575146
809276349
117460983
408382009
486889656
80847353
610038745
405788326
661737436
718472313
254455546
569775912
657993390
295768642
913959990
946901238
250207709
840400582
573176000
86919196
294241404
492478673
272822749
774336035
954978632
216806391
493333817
353122121
292380823
683463292
561816328
946995096
260917219
983610850
880078700
650519734
815214193
223448400
432949025
195230444
156508157
780738639
586799384
897177327
453418912
750614641
211579861
532094263
210815637
246381830
534109161
44692026
935061596
967964110
283276952
812003611
668373660
854701080
11413125
17790535
901892359
590842626
707040015
626970139
17706257
83316714
50988137
149606606
401439232
304086359
113388904
283498092
765775717
777949108
873687751
708723530
846179235
955498731
894614743
858271130
373275239
157052888
211582325
66772092
554818536
593788188
473654588
674396759
698493328
305394278
736225697
896192448
921980071
923258358
232097073
334707526
824127312
260885195
78759261
449930356
893567347
801049856
867308329
573239446
165422142
872781711
21104675
841095753
134566648
438370341
835554898
452060700
650815590
693610286
961314283
12452049
770625977
786690635
177109124
675113394
949959327
378781855
34856975
283796356
446189435
277864148
706437507
779882257
759213889
342042343
844535890
37678589
52050608
597963361
471736136
649943019
891656811
618820370
279515887
928434535
572018488
824107210
745818551
209183347
868654712
97227739
840230791
513622141
817464087
268748202
205192730
161569930
855410641
150965184
844314731
445175438
45412159
440134742
294027548
953367143
362351139
976146302
901618108
793237732
929752112
764437391
607689676
57920593
821217286
894642122
797417258
648713954
290604982
66817363
292136077
222388232
584522207
63070103
671061891
808489006
92714289
466453167
664853212
428426520
641543804
7206839
431943960
133395136
665937258
32274089
178393373
408590055
973114061
870621779
911881406
727535909
691987569
182787077
731110030
353027244
706566873
306942282
476470090
908382487
996479513
85023939
609548673
860028911
674744024
656161554
347031149
637975713
342150710
16743537
777553062
586533335
998354695
163566064
11853024
879392467
678292388
704375277
630904845
298440247
937649884
190177187
761696760
739904692
194772704
840915838
708853217
799149611
809770571
180675455
688395068
635425044
372824294
550437874
284758933
359811173
