1000
25960 12213 10110 2312 25325 3622 1137 4511 21011 28714 28990 12010 31327 29960 28322 768 18578 7494 26268 19766 18118 12909 1314 12282 23226 23564 2322 3583 15979 1535 8555 17051 26340 31729 10941 14701 19798 24096 24798 10562 20075 21344 22751 30265 5080 7267 22334 32550 15410 27703 22109 23093 13570 10768 20787 17616 31515 72 9794 19138 13611 23716 9929 26780 23697 17881 9786 11607 26734 10831 7662 7996 12031 3108 14616 26625 28970 11892 23800 3125 17494 10200 337 12766 20096 32300 27932 14944 2187 12182 11134 13216 31448 19651 19704 25706 10263 2164 18654 30736 6749 24634 4874 3412 18038 17021 14801 11400 14716 21955 8246 26868 17576 17711 10334 12664 7017 13896 25156 5235 6067 19453 4782 31459 6298 23269 9824 7885 12063 13003 25999 16607 3402 8553 31640 24916 27513 4724 9970 24 22519 28889 9569 10284 9424 11591 12397 19021 26596 3565 7699 10960 16699 11141 31162 26321 23448 16273 10601 21644 23377 10212 29494 17163 12125 17253 30466 23810 30895 3088 28771 13047 31682 4669 21730 12453 20598 15653 8807 419 17434 29858 29169 10561 8650 6198 8842 20915 21755 26447 12411 5745 6740 16073 3260 19933 12992 20405 2222 5670 19649 13145 10764 10605 6151 119 31519 15655 14145 17875 11058 28867 1075 3567 4934 3980 23048 20505 29447 10704 23018 29351 31230 18754 24017 17026 28935 17565 3480 993 6150 30346 19030 87 3030 23492 25579 13840 18562 23674 19673 3160 7096 17653 16470 12636 7034 12666 3743 1333 29975 29042 910 13858 10330 9672 7023 29205 769 7827 31248 20850 28784 15349 22551 24339 29095 22082 23192 24975 20850 29029 2279 18876 26847 16256 21675 27250 2037 14035 26676 23954 22179 16095 12047 14919 16887 14539 19671 140 18833 26374 30285 24047 16726 30766 24747 12180 23401 14641 15158 25980 3671 12978 26387 11015 11153 13742 24923 30904 14880 7007 4978 29497 27028 15456 32148 15263 12605 25363 28592 5358 28574 15680 17530 736 7711 4350 21180 17890 27906 14551 2284 22624 23448 11047 26372 20802 8373 4293 19086 20407 30561 12005 16638 21553 9168 10301 21573 10929 17557 22887 1443 19012 17426 21639 27325 19917 32307 16429 8431 27142 28252 7549 2787 1218 31135 14733 3171 20853 10547 19982 14443 5877 26913 5423 9603 642 8001 21694 23627 11269 11877 9360 5208 12181 14804 29732 13118 63 15610 4995 16878 22535 19293 17258 19523 26922 3283 4267 24279 13478 18931 32465 5915 10748 7369 17923 31143 29749 6606 10283 718 6179 1302 8535 9590 18409 26572 30559 11302 4030 6620 27848 12385 16365 5103 6888 7219 14368 7580 14155 27145 30687 11228 18518 5830 6228 959 3370 31250 4945 30046 7371 30965 31636 17169 130 18086 2633 2274 19839 10141 9680 14401 451 27375 17857 31737 10301 3547 22573 6242 2099 15776 3111 7128 25572 11154 9603 29549 2668 26477 15838 14299 16615 13289 5855 18109 18137 2447 25019 31742 31182 15306 8191 8081 23613 29761 394 23394 946 30820 25560 19853 12844 27973 22151 2767 7876 3498 18707 9529 12688 1632 17893 2860 14023 27858 24204 21121 19750 986 11594 17416 5010 17110 4050 15156 23038 21247 32592 11796 22927 30454 10666 29061 14334 4256 12293 3495 23103 14644 11916 13965 19040 8082 29036 15673 13491 8407 31523 3271 16431 20270 16379 2024 17940 23273 15057 23186 11470 4560 16155 5110 27164 26808 11306 7347 28785 17240 26028 23881 2971 28249 13684 10448 28834 32684 31358 16362 1267 4384 18733 32758 8381 2356 24792 4742 20636 26153 6789 12563 23157 16220 13556 20720 2465 28883 8672 19325 1613 9494 14465 22173 15392 12608 29013 24938 5151 30549 3872 10535 1486 17110 22834 6773 17304 21395 19176 21194 1649 2753 23669 22048 15546 28236 18658 19690 8293 30319 30036 24140 30809 22913 23950 31371 2328 18962 10678 10691 30879 23350 20828 13016 10638 32545 28600 11950 20872 21492 11571 23453 20189 13015 25130 17695 358 13640 22254 5068 10929 9394 17679 6537 6494 2114 32218 28156 9161 17654 23072 12099 13802 1015 22329 15077 30329 21288 1353 29448 18261 13311 10946 25573 9510 3220 16682 23930 10817 12023 12063 21886 14541 27335 25496 9626 4132 23808 13933 31190 20860 29205 12826 850 14279 20031 10944 17206 1752 4116 18028 491 30150 8539 23196 18060 6293 2591 17151 25239 3347 31234 5501 26089 28417 31700 22391 3817 22387 1892 6224 2819 27514 26006 5420 7000 15871 6838 18935 29107 2290 19212 5034 22975 421 19889 18377 632 19570 24993 25904 31712 21412 14608 16912 15603 1429 20226 23349 17884 15891 15126 10378 12905 24328 30626 6878 20669 23642 19973 9960 4165 16145 23865 393 23789 25528 28328 29010 14995 30725 3393 22854 13499 31676 4810 24801 30341 18640 8056 23897 7901 26315 12221 24611 9458 11633 17505 3769 24809 31392 20692 10139 3282 32635 25539 22675 20955 26824 15849 19006 13763 26261 19240 1224 31890 22306 12760 4599 21128 6395 27743 107 21075 18533 8449 11300 15237 27643 11258 28740 27972 21657 4042 9750 31043 13433 16337 5456 25330 12700 31003 14741 24306 30572 7549 318 9932 2975 17633 26970 13538 27230 30942 6899 31910 11687 20108 28052 29449 17392 21142 29447 31543 31245 31632 28771 2945 23635 5771 26695 7834 13054 25063 6752 17671 7632 19049 7217 27345 4859 32397 28435 9597 17729 19486 14202 7741 13658 31747 31099 27752 29334 8284 32395 29736 20163 2254 18570 7539 2385 20762 13824 30524 13748 15861 15270 6890 24842 23572 22312 25609 15102 5510 7977 20543 17900 12614 5255 7042 21062 28945 6369 27785 18742 16757 11863 9600 2692 12331 25745 11520 25019 7334 5891 17214 22151 22252 24687 14211 23650 8357 26539 4572 9583 17521 27044 1298 7334 14207 9379 15580 19250 31068 2255 23636 11543 9736 20980 16552 14616 28239 28290 23570 8152 27222 22489 15626 1599 31349 16323 5562 16159 10820 14146 22450 18456 18937 12941 14301 3513 12785 3669 11955 15079 25740 31308 18609 6019 574 27880 23302 14919 17379 1124 28816 4593 28499 30985 774 2468 31287 1195 21623 19595 20251 25462 31987 27839 
1000
136 846 873 979
79 289 925 962
173 611 648 920
12 51 778 909
605 724 772 864
136 422 921 981
182 238 440 970
412 585 637 849
198 516 738 904
162 255 502 541
85 899 988 991
567 987 990 992
328 469 877 935
178 405 654 694
769 914 991 997
718 904 923 962
53 296 590 772
23 678 946 999
35 515 816 865
22 226 926 990
43 74 687 734
121 971 998 999
928 946 975 994
717 979 980 998
99 143 465 536
642 969 982 1000
63 170 292 498
135 432 678 776
213 606 679 852
3 44 840 902
146 159 261 815
134 188 304 625
36 635 694 817
179 560 589 730
19 403 897 928
873 892 976 989
136 361 420 871
269 768 859 860
741 801 910 913
462 532 926 928
103 979 999 999
710 910 966 977
660 974 975 982
725 727 791 829
25 55 986 987
100 116 137 246
1 149 473 921
34 440 888 991
170 608 710 725
51 104 298 904
346 870 887 956
322 672 721 797
762 830 923 937
128 483 801 876
578 698 853 898
4 564 965 968
312 973 976 995
20 50 471 549
353 505 600 843
633 894 963 993
53 57 976 995
303 890 938 962
301 377 746 778
286 582 674 834
360 360 385 533
151 680 721 900
45 913 919 990
67 983 999 999
304 327 848 859
471 984 1000 1000
239 931 943 995
19 396 886 997
247 470 639 831
728 756 990 998
88 759 926 991
470 754 840 849
541 860 971 999
139 438 866 926
62 339 526 853
281 733 900 991
347 436 890 895
295 860 901 968
8 328 920 938
41 48 656 797
349 498 776 896
205 945 962 964
2 197 998 999
139 347 728 937
21 213 938 975
41 601 970 976
126 132 441 834
10 326 942 987
124 709 896 929
216 628 885 992
15 731 966 983
242 815 898 929
106 182 580 633
190 214 721 967
149 308 405 566
46 284 717 791
456 986 997 1000
17 34 737 904
176 790 886 984
48 540 764 953
474 748 951 989
914 955 996 996
425 618 987 998
151 233 236 482
495 849 928 957
81 333 995 996
474 648 685 925
52 148 328 967
738 743 914 985
79 910 932 936
149 250 261 681
134 513 760 951
18 41 764 803
321 321 620 682
100 606 826 883
489 493 497 861
111 821 919 948
903 987 994 996
3 414 890 973
74 91 823 940
38 327 969 979
7 21 104 660
466 586 743 982
554 651 717 817
205 664 692 932
610 721 875 905
517 748 819 858
219 355 385 953
226 303 394 434
70 79 500 702
662 939 949 994
512 726 869 992
657 976 996 996
128 469 680 847
567 713 800 959
96 124 989 998
432 586 875 883
146 164 568 836
246 439 868 888
327 445 948 953
124 291 694 937
59 216 319 355
138 198 778 954
105 432 980 991
53 220 561 853
323 773 859 905
72 486 635 782
110 961 973 986
208 761 888 988
71 171 910 942
319 513 591 910
897 948 955 978
168 672 805 962
127 230 404 770
85 103 550 606
162 451 884 995
318 769 895 916
151 166 391 793
548 994 996 1000
144 363 797 984
231 236 587 746
206 479 826 874
355 741 924 942
69 118 182 489
65 520 794 934
2 261 725 915
289 407 693 887
850 988 993 996
110 230 348 600
264 692 865 926
15 74 161 725
942 988 997 997
702 843 860 948
355 940 965 991
204 335 884 887
27 168 417 644
643 797 960 973
242 265 348 461
163 200 921 942
37 316 588 718
342 397 801 952
427 512 998 998
180 191 412 829
43 464 565 982
197 906 972 988
133 219 898 988
560 645 758 822
644 978 981 996
403 459 654 826
500 511 655 659
30 813 940 995
190 268 970 997
6 350 489 935
770 800 959 973
116 159 859 933
518 876 963 991
695 737 745 835
444 494 554 755
47 62 299 572
86 193 241 987
225 346 504 988
222 282 804 830
309 914 997 1000
206 540 719 782
96 163 305 360
23 246 670 753
24 25 645 943
195 682 898 992
213 538 903 957
492 957 967 995
138 712 859 890
46 920 979 981
78 89 592 636
468 775 948 978
113 213 962 968
18 198 305 763
144 394 558 867
125 349 784 932
169 376 543 931
19 795 855 993
85 297 460 574
16 117 889 972
163 164 903 933
454 631 932 995
762 806 817 999
381 404 742 969
146 954 979 999
855 966 984 999
626 993 996 997
113 528 547 806
22 40 816 821
301 497 674 793
144 695 704 938
595 893 999 1000
264 324 642 871
180 662 989 995
200 210 702 965
91 94 322 454
86 627 935 983
225 337 450 587
381 602 889 890
5 13 136 266
371 782 827 906
292 336 439 992
37 200 669 760
111 123 983 998
186 338 359 570
71 913 935 978
129 296 713 797
74 384 805 849
26 55 731 765
18 463 803 993
142 245 357 812
304 548 550 626
626 809 889 944
11 18 561 785
109 170 293 812
76 254 405 821
120 291 303 973
421 548 727 779
11 252 422 550
31 129 531 609
700 703 858 922
199 265 968 982
24 441 599 669
10 492 620 867
417 664 720 884
251 917 935 966
195 749 952 991
289 449 725 739
112 307 723 878
259 695 949 965
231 354 416 742
313 395 987 992
306 375 786 960
116 325 493 883
110 893 902 982
235 517 723 845
170 731 929 969
600 773 883 999
294 375 698 791
258 685 699 908
177 448 883 977
110 347 973 988
64 66 321 410
85 366 506 913
310 513 587 613
468 789 866 926
85 400 786 991
34 709 729 803
220 331 654 741
158 785 854 901
403 472 500 893
236 257 344 576
111 216 971 986
185 258 440 941
29 145 671 873
297 437 473 679
92 99 889 992
329 669 831 975
128 542 749 901
701 870 893 986
280 625 669 850
147 320 881 882
237 953 988 1000
144 266 685 827
47 52 212 818
112 450 960 975
661 931 949 963
197 319 927 986
242 753 916 941
20 740 762 783
7 195 930 981
14 17 858 942
28 315 421 498
110 406 800 848
170 721 801 958
141 334 764 844
219 238 352 647
512 708 776 953
130 460 691 846
261 535 881 903
625 635 973 976
157 240 475 844
404 418 833 920
253 474 961 998
818 939 993 995
12 39 845 865
442 770 894 938
66 494 620 818
656 989 993 995
166 878 932 950
477 751 814 981
220 924 983 986
119 745 908 990
482 972 996 997
132 166 863 928
68 588 655 827
526 976 977 993
269 275 344 613
668 877 885 965
256 493 855 979
105 767 959 986
103 176 562 651
331 916 999 999
41 739 742 982
18 20 887 964
369 806 971 975
424 776 930 955
272 813 977 977
136 544 741 777
76 336 853 916
66 714 762 804
818 893 960 973
282 369 967 975
174 874 963 984
844 853 859 984
258 346 654 869
160 436 715 968
33 170 196 344
256 278 381 759
166 823 856 926
236 699 834 846
408 908 915 937
113 739 840 924
757 772 955 985
166 229 848 879
3 17 360 645
269 752 815 971
423 523 834 952
257 510 963 996
108 161 624 832
537 892 965 971
1 2 338 722
855 937 972 976
141 842 849 849
30 303 702 975
452 816 855 870
429 524 682 722
392 507 515 745
89 390 617 860
246 568 723 743
312 796 851 973
229 237 326 886
489 523 737 843
304 748 784 933
350 893 928 983
32 52 95 464
525 738 854 873
75 232 312 479
356 668 730 774
25 214 765 801
29 34 570 936
514 589 637 702
382 590 912 926
144 322 603 608
245 470 799 902
124 774 948 974
10 41 782 957
2 16 763 814
562 674 973 975
25 36 658 670
130 215 545 669
70 70 1000 1000
705 739 859 955
1 7 413 877
543 624 886 922
60 105 659 793
49 117 134 606
369 410 864 964
254 392 959 1000
412 873 989 994
303 326 920 987
389 760 782 923
33 156 182 213
621 972 990 990
93 451 581 606
368 459 968 968
576 770 836 994
10 135 566 785
464 637 733 747
6 96 533 975
61 200 975 982
522 733 772 776
76 197 367 945
255 951 957 959
13 25 348 715
340 881 911 965
35 104 226 668
435 696 954 998
164 740 966 974
692 928 953 953
84 497 943 982
251 287 693 873
18 55 988 994
195 366 668 807
45 180 980 980
554 670 827 850
255 391 813 909
366 722 991 995
134 320 745 898
99 483 935 951
636 784 872 963
280 466 474 954
132 148 868 933
54 752 871 912
389 986 995 997
31 105 135 452
159 259 501 565
962 989 998 999
252 962 995 1000
71 85 514 935
238 712 993 998
10 300 371 896
227 392 488 800
15 291 338 537
329 532 784 998
458 676 868 870
47 166 567 677
490 749 790 960
4 4 391 689
355 897 898 947
122 492 944 945
379 721 845 883
258 381 805 833
551 638 828 939
42 791 937 997
394 411 594 830
247 978 988 998
764 955 998 999
276 399 636 969
41 260 395 524
176 476 513 931
754 998 999 1000
153 265 487 735
40 49 271 621
684 817 912 921
151 306 415 700
300 650 888 940
54 198 802 944
176 909 980 984
309 502 748 924
29 34 472 668
103 265 993 993
78 525 672 884
289 407 418 713
366 607 947 961
72 449 968 994
819 999 1000 1000
99 123 557 914
333 575 622 991
44 87 258 423
326 333 909 944
94 144 221 783
634 857 863 934
6 554 559 882
604 889 999 1000
63 653 673 950
304 387 541 716
44 167 524 957
59 97 847 929
10 25 801 936
3 12 265 550
56 79 605 797
59 547 898 974
63 318 549 962
180 194 720 778
775 983 986 1000
205 297 930 946
260 783 828 909
58 508 830 893
1 13 145 218
36 166 620 817
293 761 810 947
33 146 361 605
75 237 541 973
32 39 158 705
296 978 988 1000
479 809 916 985
555 969 970 986
340 363 869 871
277 455 535 660
303 416 468 703
676 858 946 964
164 653 887 988
110 795 817 905
398 999 1000 1000
195 591 609 782
192 784 833 896
228 695 867 868
113 205 979 993
55 997 1000 1000
2 297 692 970
366 641 960 982
94 393 998 998
141 942 973 988
2 296 300 659
274 404 956 995
346 537 684 806
30 32 662 721
302 349 868 879
556 948 967 999
356 725 774 954
52 911 985 997
642 989 990 997
57 127 637 846
42 661 734 784
478 565 570 998
151 216 504 561
510 779 982 1000
697 759 831 891
48 216 806 994
6 187 405 993
10 435 896 977
39 51 412 883
24 26 195 209
118 128 817 878
212 814 899 964
209 281 883 959
102 794 807 997
14 229 667 869
87 726 929 930
43 608 857 983
164 663 712 799
7 541 898 965
323 365 944 992
38 103 578 923
83 412 460 957
675 684 895 996
300 419 517 698
667 854 998 999
556 558 881 901
85 736 821 883
109 963 988 1000
292 862 933 987
615 658 763 944
53 145 581 964
317 562 791 940
46 142 875 948
7 11 76 609
106 618 803 853
120 169 500 509
26 620 703 789
475 750 847 907
21 630 703 861
96 227 771 967
290 841 854 882
64 151 279 903
147 319 387 684
64 166 290 310
54 64 201 952
225 326 391 693
762 984 994 995
74 108 553 996
100 157 447 855
109 528 846 950
279 393 470 946
204 961 977 1000
193 306 708 715
31 51 179 716
505 673 893 897
26 127 311 823
346 709 855 864
69 323 406 572
417 421 425 432
355 990 991 995
41 82 466 770
313 416 744 944
15 193 732 911
29 31 605 810
593 749 872 928
708 936 969 988
8 10 615 693
207 912 995 996
316 555 633 981
54 334 623 665
18 259 869 975
55 990 999 1000
407 951 986 998
520 796 873 975
534 988 991 997
194 210 836 879
498 711 860 970
615 948 971 978
38 614 921 945
564 602 986 997
288 815 930 972
87 156 778 818
277 813 953 986
245 791 840 944
115 363 951 955
5 621 653 704
162 629 810 871
575 888 899 993
451 864 866 920
155 890 993 1000
509 966 999 999
267 992 996 1000
793 946 980 996
185 344 822 942
214 296 865 873
274 894 988 1000
179 848 894 929
54 105 358 862
417 552 620 885
80 171 539 823
97 126 459 983
257 531 758 829
129 232 807 985
524 890 976 994
243 942 953 967
186 326 875 921
125 300 321 475
325 709 726 962
263 385 571 687
347 424 579 692
8 82 788 930
364 374 382 929
78 146 914 952
78 306 375 472
532 567 701 750
419 419 798 801
228 836 896 942
11 286 546 751
100 911 995 1000
522 866 882 920
41 83 454 536
605 821 979 997
485 534 856 893
155 331 761 976
224 420 831 974
394 608 761 881
73 217 816 819
97 115 137 294
455 601 619 956
543 877 977 992
5 7 353 658
68 306 872 992
606 694 769 998
48 704 825 858
15 115 829 953
583 688 985 993
559 978 996 999
62 700 970 975
145 615 970 992
648 828 879 997
13 647 778 983
81 116 729 965
308 348 828 954
192 385 597 816
235 511 806 887
3 542 633 793
583 615 928 969
31 405 949 988
617 691 826 875
1 8 625 820
319 884 982 997
722 824 910 944
602 724 920 985
408 481 536 781
562 688 966 974
26 770 790 851
57 63 661 807
562 969 975 993
297 719 959 961
151 854 944 977
150 370 646 722
3 19 876 920
808 937 988 996
715 883 933 952
218 423 795 976
320 615 666 744
116 867 994 995
235 747 868 878
130 619 648 915
74 84 688 853
185 297 534 574
435 926 962 963
600 661 901 942
549 586 981 995
17 176 903 929
683 996 998 999
30 73 121 541
383 427 869 980
227 720 842 861
205 712 769 936
447 487 706 788
128 148 192 783
519 709 711 805
93 124 763 892
740 755 924 986
5 828 953 966
347 389 500 611
27 471 705 961
139 239 753 820
32 989 999 999
305 564 662 921
83 877 968 978
649 715 747 812
5 90 906 961
375 507 630 920
208 462 983 990
202 477 891 906
570 826 968 987
8 56 500 968
41 228 847 973
40 829 899 949
8 437 643 685
625 708 770 779
202 570 800 800
573 789 839 932
139 399 556 816
24 128 451 994
116 171 786 808
87 194 236 518
320 325 612 624
134 844 956 989
267 304 554 836
241 389 747 827
64 271 920 930
341 949 956 994
353 528 981 988
296 934 999 1000
83 229 325 786
215 400 880 941
445 596 832 847
172 310 380 891
119 233 334 878
834 913 979 994
487 546 683 837
419 802 916 973
607 653 926 976
23 78 89 670
6 6 37 465
344 616 744 956
386 900 987 989
471 838 946 985
845 894 960 966
340 370 473 847
162 924 931 935
6 10 820 994
8 319 499 561
337 394 695 849
56 314 411 923
111 367 445 986
767 872 917 917
246 436 763 962
3 995 996 997
273 551 757 813
8 342 563 660
440 956 989 992
22 137 613 795
691 766 825 920
50 399 467 763
45 228 406 700
22 45 780 900
425 683 758 809
84 308 392 569
180 239 481 534
14 261 448 759
23 132 284 325
44 821 995 996
958 992 1000 1000
65 73 117 287
5 11 423 958
432 478 634 840
317 804 880 920
191 400 404 923
503 980 1000 1000
35 110 697 889
196 205 834 979
130 507 607 733
626 965 996 996
123 135 213 598
104 638 956 963
693 695 896 974
359 655 933 939
125 462 954 995
511 764 775 879
3 3 714 862
331 801 889 961
156 987 990 993
178 354 750 840
108 110 270 768
412 524 844 877
302 898 924 942
55 195 637 911
31 435 560 767
1 2 155 596
328 370 675 719
455 788 889 939
355 635 875 903
28 181 482 639
466 866 963 975
208 648 963 979
29 308 848 967
508 870 928 947
180 840 996 997
69 603 813 838
763 887 943 962
89 243 324 853
210 635 944 995
696 696 738 759
422 548 945 965
58 138 533 533
55 783 979 997
17 85 125 916
218 305 698 977
219 754 852 938
276 504 831 924
690 738 974 995
40 109 275 455
195 360 842 962
77 206 924 987
520 944 948 967
277 952 965 992
222 583 672 740
583 790 881 908
1 1 421 821
119 367 568 839
505 918 935 995
129 144 582 619
588 921 968 988
372 721 836 952
149 223 865 886
612 843 946 998
147 932 987 988
654 724 746 881
401 617 728 748
429 456 958 999
72 375 649 799
267 925 973 986
147 390 984 985
527 834 917 976
325 406 639 939
598 610 684 807
225 689 991 998
454 824 973 984
56 94 519 810
668 705 767 989
186 429 765 851
365 558 642 679
233 522 704 816
361 476 591 986
82 188 412 570
666 958 982 995
530 889 913 938
201 226 896 960
84 308 502 830
8 237 395 502
5 7 418 571
299 799 966 968
8 595 688 791
342 393 810 854
204 398 698 990
418 678 920 963
225 620 828 830
220 517 998 1000
401 406 647 710
374 883 946 983
273 815 841 899
162 286 562 1000
82 84 623 831
53 276 342 965
115 183 790 910
393 668 936 985
201 497 918 931
286 455 489 597
14 381 607 984
21 21 311 856
348 630 729 993
4 460 839 891
231 640 729 995
408 589 687 796
599 678 705 870
6 67 477 808
33 48 996 996
440 607 731 890
611 951 968 998
35 295 956 996
167 859 927 956
36 400 866 894
394 574 707 807
90 98 476 486
447 794 982 998
43 678 889 970
175 184 535 892
211 470 623 686
199 535 1000 1000
61 247 437 969
210 234 243 883
112 348 940 971
174 428 973 993
199 294 597 868
433 490 933 947
23 103 988 989
214 783 968 1000
102 301 819 866
73 133 359 930
384 645 869 941
610 778 952 966
284 337 883 902
348 455 868 915
76 930 948 995
35 151 965 984
550 559 786 885
99 169 701 871
40 46 778 896
636 702 858 907
754 915 922 995
752 893 922 944
180 919 956 1000
263 801 935 978
210 442 952 956
242 267 701 760
16 22 861 983
147 279 600 923
83 564 925 992
53 640 859 978
33 60 953 998
178 730 890 966
219 996 998 1000
565 777 786 811
766 879 993 995
18 415 635 900
119 842 985 997
604 757 766 914
134 367 509 711
203 756 906 917
401 693 863 955
23 74 79 562
337 345 948 965
41 42 186 475
37 133 440 654
204 532 753 945
876 879 944 980
366 921 954 988
217 629 720 976
430 755 763 868
514 571 786 823
34 114 342 638
239 245 947 974
344 477 705 926
550 863 911 982
197 295 507 627
295 326 511 961
371 847 933 990
25 136 659 984
11 11 175 899
392 612 999 999
227 328 692 833
493 809 876 983
320 968 973 997
135 729 835 885
272 399 562 931
449 840 978 988
