2000
751488 871220
674151 669778
557425 112293
276168 471777
857069 726869
53986 215814
143805 327410
990184 496805
4253 861545
886856 538948
128418 165247
15708 211083
973797 157357
891810 285647
413587 189441
807617 165074
577012 998120
351204 650788
110412 627371
638916 483832
870592 692901
699645 14396
20310 206180
511200 540914
67724 914407
79861 196141
79653 95568
407224 569802
252924 815385
371800 182862
521177 179417
347936 98188
693888 215491
265327 320651
842861 904242
804482 229804
597142 504126
244199 133803
710305 271750
674716 294380
702508 270928
490520 782161
882847 414095
868314 652123
745832 240113
834984 267008
935881 699271
881548 629768
914761 146874
950418 273974
51116 271251
503777 164609
775376 264328
298412 2032
536077 489479
296411 238585
760407 303283
537097 643253
233729 921762
295375 979560
678226 646711
762920 614107
345981 160819
760226 260742
307692 226996
534715 875159
498246 554843
556120 789974
819170 370883
792005 871599
860361 604768
626535 137119
424402 163631
780372 658130
601744 592098
154042 279969
238808 433313
410427 101141
594131 170653
361882 901822
914000 412948
293333 412245
484142 849452
202218 303312
220334 510575
174910 597046
115342 317796
734165 539743
997778 30888
714224 599521
139337 384617
879489 378145
817929 806268
479285 412059
976920 357518
830233 407271
286817 123565
819515 770958
489368 538085
590621 226053
48659 281882
823098 680352
599677 73614
736446 597454
104501 967021
713326 760190
351638 592815
138334 169566
915434 133970
97977 408705
7839 928209
815975 811007
568125 635489
581964 57492
689925 688937
799896 254935
970818 139345
935286 86847
212959 188083
684300 833811
155104 397626
594000 506741
506792 248685
192658 422225
899006 290634
830929 423196
218842 163255
234202 303318
798743 332518
360809 5020
21454 677056
259954 508623
816401 711592
595469 545711
899674 796121
895873 54777
710098 6225
77869 733241
771261 786879
671817 186619
77512 19097
609814 812706
182351 360368
116023 497445
692885 993184
502464 230690
670239 278770
739312 2991
990361 851133
65053 890034
647253 477278
461163 873702
999854 55383
606942 287466
842261 795110
474084 436125
814206 600250
248830 996556
960617 881204
10352 653501
874387 29168
400542 60978
307937 139853
580320 298297
990985 161725
704682 154589
639002 682196
544642 155207
253931 151583
442672 612543
946692 916756
48667 277249
517005 813848
790156 993973
695052 800508
163825 85790
829675 564366
146767 137611
704218 243439
952259 211555
405163 173292
882495 560516
855488 427137
715722 109418
578719 158393
721960 41763
75148 286979
835363 108504
100826 625519
102476 312229
426026 266300
398019 255700
830665 544785
909662 51235
788223 861920
779141 709737
35211 661635
270252 407050
88771 985973
32819 183842
144366 271131
741956 735865
558109 577318
360721 175286
202836 979548
487515 628861
762200 885533
400912 109216
946669 310573
160450 251244
688844 939590
960980 240407
117577 231232
647456 206347
217204 196627
390188 877921
467757 132143
130138 542217
709461 490858
233854 428648
470405 721368
57509 232604
123252 974772
858172 69921
801697 534973
321164 490540
990915 282143
730946 108491
513374 894754
314837 246930
607732 221377
124850 591840
869871 254987
134056 579331
262196 367909
524331 248953
605629 581839
997908 728880
556610 856079
315152 358306
391052 636315
365198 381966
434810 612495
490456 464535
23600 321644
711464 631331
543020 352666
223170 412891
124004 873577
508573 902552
241486 32903
151504 363466
131093 149411
608697 204055
5490 923849
78712 912893
560163 960261
294858 511324
572756 301665
975859 596355
623308 203674
744038 682680
72691 967207
611922 713047
840784 636846
615598 598621
186101 767101
962086 833545
432863 87134
37599 438352
10982 632663
867596 87497
592923 162453
598820 165678
980469 574678
278385 120129
294704 22422
802808 367394
505980 931081
80440 346763
567926 212389
461735 270378
979489 940172
103923 412352
27306 657873
367055 38287
290535 234651
125783 883458
913455 724603
565487 893924
815632 843871
14052 626687
382644 333211
510433 888624
780643 590872
235386 864920
319613 213473
135298 815453
153644 239220
744156 180949
897092 111211
219236 703979
862213 861370
587436 292019
102324 669274
702294 434308
513145 232697
60994 412140
565907 571426
300763 346549
678650 52501
727821 514614
265973 863118
330066 419616
618689 74222
600565 32132
701784 336152
736110 80348
713873 839897
372366 816197
509171 74660
766856 22315
307356 344201
950806 389615
915627 251569
252515 110628
304069 980335
625241 570041
843452 955306
989656 978492
545879 106572
10624 247662
959075 746733
844361 672948
586630 216727
5496 95800
807738 772351
634466 631445
116551 585271
21059 548529
836839 789926
175508 657259
770260 800748
227299 130064
272406 733307
624907 818284
356230 635530
582298 315305
382263 426658
988252 485244
159736 510099
581043 967473
798801 731860
115270 915351
317130 136328
980232 670321
442605 155739
327579 729217
956487 71230
375632 745244
804536 538
79879 677117
636068 178528
992421 534682
121538 497024
19925 281273
7122 600967
765098 805922
849178 880367
237625 682659
533046 217856
869331 492003
373594 196910
221219 846432
784491 596850
108027 105378
597387 187906
782494 749806
882785 774915
284487 4322
788290 304411
801947 795412
421729 83396
117685 270906
480114 871661
469917 529511
89516 339247
21513 979462
536156 242731
342245 836998
839580 966624
458727 953319
154529 241221
703124 553665
532487 987611
557987 320776
808373 876285
632539 230102
959680 266576
17359 439793
138236 487275
969303 744104
826522 990816
239917 879029
749898 582161
716027 105830
548784 174753
59148 219664
932325 278623
773329 464811
266233 847667
301939 74606
723951 450829
821059 199982
717404 838417
639774 371992
842044 125428
116095 668565
116243 356011
547593 866141
454523 779971
488322 519659
471076 547469
255674 403400
826091 545354
384563 608676
393020 202853
199633 633322
653681 20691
833303 887437
375459 989428
259428 217502
114856 891874
886066 747450
764236 950011
129942 218758
729981 618263
738416 717408
165731 510442
120808 508174
55795 21722
116849 448815
224574 316481
598488 394606
337171 948143
282042 228981
937570 57821
446483 52425
949694 332548
799875 713929
798910 929816
449039 45243
64431 703806
762650 230161
214247 399809
738334 270042
421530 371534
235208 162455
688014 833695
557061 541536
781837 355454
770517 719407
929627 216999
288183 879320
65898 604409
109601 381160
50577 558639
426402 115007
262444 189051
861519 476691
588860 116205
746732 526741
487738 981939
689196 175752
331985 762608
233639 630174
634413 4155
865932 564039
737505 154114
959711 319755
274875 69311
700914 325451
627949 127315
956809 406744
316365 818327
399786 421576
934531 662869
948317 422269
161159 153864
114372 493144
916471 348010
123317 67235
352165 989248
631274 606021
659713 590984
925775 934587
176646 626688
776389 320946
270354 249549
727689 103071
67876 127475
524646 518758
306695 989314
941026 467854
143177 571749
960997 575999
919759 600665
643234 788275
106264 790859
394295 765976
381842 836422
216915 74839
979461 509655
395784 766167
759204 123472
869237 343431
767298 910234
862188 590345
899548 803214
58198 42724
891314 535546
135075 811072
136210 778308
115698 242473
569166 509993
524800 467359
862766 258066
542197 842226
284073 937980
124744 43276
577803 993980
386706 861453
904214 765245
451797 803761
568458 26346
362836 459772
561891 497910
787195 698100
792569 902893
456924 878086
929237 498075
345444 792002
272493 403992
150579 556565
858323 275323
599840 436126
785654 502897
813930 689867
268141 782078
9979 352951
808423 889167
329074 886665
903428 632620
101116 695997
535512 558039
574082 981100
572465 435878
289453 844957
839869 956384
401521 698192
748058 517712
650669 533711
536960 980950
739930 805101
279379 266260
674403 604153
155426 519828
490817 58854
152447 591932
271202 204311
666322 845283
185410 238786
281160 991215
83743 637381
947598 1615
335572 695655
519327 502592
745717 56286
483541 485646
377738 279271
751906 52140
883423 423683
88319 374239
482536 240766
966170 753737
961428 148843
115372 146837
387628 912883
654403 987722
550263 602000
989337 402186
814006 508663
421129 559723
564948 421021
45368 459038
700291 313625
27529 583713
737308 115848
957951 736195
872965 440472
6284 834392
589314 121655
497580 493294
34537 151983
481015 101152
753982 470351
503337 567988
495365 440818
127710 576665
861838 689429
35702 562129
519406 63230
145841 773065
695429 620144
509259 568393
576967 515542
402784 682633
153548 900364
692278 188085
568698 173292
289236 322679
159995 308924
407018 655359
749741 51079
232023 127931
256860 784076
690059 776265
847306 352251
65681 542734
488746 574939
627479 65713
606833 30262
264697 760380
446977 956974
464816 15674
130265 270403
854705 806611
95679 261722
978322 845419
829153 210344
489701 86012
510772 179759
378628 358077
532010 444308
417162 20755
535598 560992
602819 658782
591254 867515
935514 554582
824488 400329
570256 471105
670732 941312
794067 282762
719385 772388
644532 548537
499084 134233
150900 9855
313991 45879
884283 362352
6538 817796
899459 58488
378788 502277
717269 970041
369792 169134
524622 710631
569463 611229
698087 756546
68892 492154
39307 788277
780893 683838
853165 279976
818070 520417
289830 648413
566295 174112
10764 572833
991908 910222
147672 370695
928851 381292
857087 814994
550426 898060
41976 119888
25641 740063
392785 94532
748568 948443
399160 529460
632280 252325
809436 966702
772741 615617
131466 855387
306081 658581
944571 297988
85155 92242
185034 14005
473534 42120
828998 23959
456531 870973
660198 482171
127387 52982
576703 875954
517776 492214
921766 150055
744538 247553
633108 33630
863169 280925
889017 169249
939506 833587
983588 24660
442181 168621
38664 432066
727092 384013
456024 183623
254985 632573
665793 382372
201906 758847
774677 719681
251061 696442
386087 511950
460346 535547
545580 839867
816471 950948
9115 755976
784534 509055
296987 743066
677675 335650
175131 921119
236014 147506
104741 490999
296430 286885
389722 498335
562084 680750
734367 329496
893544 120454
841445 353889
172352 903376
193755 988822
854323 719222
261150 155209
228276 74488
898274 422302
926490 589757
343420 162503
737262 964512
169853 33692
767749 559574
48378 329832
756676 782745
175679 650219
419550 17123
4107 591901
920499 714214
97074 774821
433435 874575
930029 178062
465415 344655
600363 391904
934411 460135
554406 188024
940998 724259
221715 708746
800184 270093
554929 556859
569189 730607
723429 505090
264082 727536
96990 184580
958101 710415
475752 907887
101342 922133
85948 566756
783139 202662
475011 717549
662796 29416
905572 120146
270026 643639
828891 586562
430083 900172
143420 999271
147130 866849
504360 411211
110736 117701
112142 68836
344467 104246
976722 962160
542730 579021
528915 325868
781682 520277
43416 444478
549693 465339
564623 336070
108977 909865
922631 539059
326388 66051
54681 989870
449251 75392
917432 76338
193092 545926
661525 53911
650171 154598
16070 192900
733618 61337
518767 515299
581613 78534
476128 647657
60224 557102
983727 169201
983319 906357
224611 826058
488759 279292
815927 938009
871035 733359
530698 64127
279284 192222
118037 445806
346819 650458
155057 596788
711794 190175
112087 293407
268708 104566
941063 328931
661668 924789
14483 161338
347498 755446
987395 836256
551089 803322
290617 422123
53032 821314
486249 332315
529888 120637
294472 876706
287447 449528
473494 999240
639702 101932
808998 908409
206497 266413
753691 384516
707553 284526
545853 55050
39971 533248
407658 591059
852921 698274
13181 905952
519587 15782
238266 565826
652770 532737
442532 940216
498616 432377
455808 138317
534308 264805
563077 257156
531217 833119
641672 238770
117644 187524
810171 157614
237123 217828
265024 90043
916101 794557
995994 952040
810338 750611
517865 979459
799699 476748
919675 298314
909124 375482
952982 959783
156638 516058
216939 687855
349177 374962
442976 466820
562485 769498
140786 315960
987326 405809
406002 419778
200365 918348
888169 527054
185310 406034
506513 985009
399133 942539
799674 824609
834372 752656
784391 991009
785065 517681
195215 134241
892642 638190
117413 971479
924040 258198
287438 911365
180358 209791
847494 897075
128138 735663
940480 829800
658048 963344
814808 57180
905882 130833
398140 740253
399840 182531
247614 184905
216563 442828
319145 109205
597370 436557
597035 521409
211106 884472
949125 907816
610614 796618
804890 255104
532280 261721
84903 190327
225065 416062
763859 647298
546894 161998
903903 946734
860880 151516
131638 593795
594343 967134
219351 708064
920043 816385
229472 131148
217208 694948
555315 827821
491566 360204
82924 540197
138277 167826
246876 363341
583887 10734
10638 647133
689083 914540
110218 66315
582407 758207
660109 176750
725340 879459
401165 161734
212195 146989
809234 429402
841936 364548
257222 333501
241104 856498
390050 379380
540675 636925
742720 640914
164010 269709
288046 853092
700601 914615
435758 283007
672821 612218
976108 914512
491676 377273
592598 220222
524261 401831
649623 366196
766378 423197
216049 7481
279694 606098
903212 820368
243022 645931
977633 923383
431992 782030
776474 132592
696644 728584
415598 885816
340801 908058
800328 348829
285330 392925
569050 809590
794755 735025
692137 77484
158221 908185
601317 954266
30634 504528
290985 790007
666811 268618
713389 98802
50647 6215
747745 747291
734798 679694
633106 591950
587751 949785
457130 389432
859061 542532
199021 653815
277556 407510
247651 435776
832046 848967
906393 862680
353494 197377
652686 536656
465994 882427
635457 516641
888641 899553
780283 139790
95599 929740
731739 683349
879525 188869
72781 738585
731400 788153
908752 525307
195662 672754
477434 27708
521720 383826
406739 391565
581202 575776
928221 563548
458202 80029
596540 346842
495934 376822
2983 591532
822913 734722
274880 702437
439942 864012
957374 687693
168517 382477
729351 880530
55230 206784
424589 93301
590609 831327
1217 688162
407103 929437
251709 381656
525818 848248
244850 21751
741421 247832
613282 564334
498905 404513
783122 455198
784877 740495
659242 953393
639323 388592
833922 210904
595375 258511
304204 185983
606189 305421
390497 529643
751209 642205
911299 277026
490453 672500
815128 231873
436683 944761
796206 935588
865626 579328
390785 650502
836174 566379
120246 991849
954970 470519
202752 550345
729029 23308
252679 851570
845080 643175
381212 596288
285380 808862
389666 292184
997713 204793
524056 434396
665906 836614
369983 531531
932293 277119
182032 284818
843497 302277
276666 314819
772795 995770
381515 18176
535429 634193
386097 380508
793720 767308
976795 595451
92522 882812
887634 90234
87605 928041
40981 753510
281006 927315
801392 213298
204434 983423
14468 564282
802051 807485
395452 91197
803254 776966
109372 338682
927511 11820
719189 721230
779128 212336
833032 388001
95147 237017
994586 699103
681409 35567
968964 962415
962881 770355
692064 683666
270129 706531
764300 72179
30368 159751
679728 833621
936717 305451
688655 864227
317271 924195
101808 96398
652882 451191
750 264381
688207 995335
963483 369615
547253 448799
848381 510134
735505 540445
193799 5634
763327 474450
594164 793694
634201 273891
143667 87269
579342 348673
467847 896612
272867 86006
509361 442101
537196 510110
706481 741754
21796 186315
627720 569049
635113 476101
595534 370618
532897 789332
892603 812575
780134 486766
122621 930686
277009 266287
17954 856350
614959 2152
269313 404177
88157 295025
362629 141704
805134 69109
883457 343281
255424 27528
912329 406888
503628 507862
293857 552876
813546 186459
365451 110031
189577 488071
40716 466585
270709 58669
839286 402019
577172 624950
322547 665328
919974 685176
323383 241459
754284 723191
584739 526059
750718 13420
932947 254346
37633 743155
323573 851178
929614 205375
961208 635542
693445 1923
102126 480505
576943 457763
882523 154114
82712 205070
335793 519037
406597 659175
760495 677232
382365 345233
203291 133083
358652 652589
903780 396285
395743 743704
763814 841708
949079 241374
477249 642523
759648 95726
639380 852943
69840 521902
7056 668903
243323 859201
187939 649919
34727 948433
843503 933444
293666 46793
582878 168669
215733 486657
81305 127827
230360 361471
969535 179438
602844 963135
338313 878843
58861 977692
731785 645052
15945 255193
313955 775620
630745 501893
941890 665471
450326 785392
598914 260343
348536 181791
429011 564268
184799 26668
208447 931511
388138 177981
627300 507333
657467 965612
902527 716327
459655 150664
361379 991952
405856 191685
767571 552952
693577 225812
218422 143902
11204 333688
404244 876091
31830 349607
440359 216629
892626 648805
664491 797115
343137 291790
304447 603
773754 723325
233282 233408
873988 111012
741711 279843
302696 25633
349146 996272
251445 83920
656526 779000
417607 577121
655090 965788
443079 611800
182416 335704
776956 363258
132818 120092
655048 953616
637047 428801
676941 386680
178560 550928
497691 920271
347123 316738
945903 696268
829361 713699
780187 2238
492698 714145
579359 147788
679933 22437
759587 378700
874493 52895
741958 523662
172986 913357
477278 326384
858509 670570
713063 37068
221497 727105
473690 84971
560194 935945
297591 905907
165995 594129
908144 658693
824626 487502
322832 504558
26291 598770
399609 417135
651664 657918
940796 341002
87626 934425
667385 946134
604994 896800
499554 342843
140256 489595
944165 216802
425539 241755
122708 107886
352236 30851
766578 176861
518353 89409
197770 60995
204530 113730
478129 856194
771648 935276
197195 859273
869701 380931
321759 991046
794082 821312
333888 934338
827258 794405
151139 769149
552511 273846
877034 904746
821048 643611
81606 855752
249371 795727
916746 453900
909457 394874
826445 681104
330150 23639
56728 716202
920922 894838
707247 715003
232501 557487
165692 59759
351891 833182
828907 904401
623379 705940
325499 444427
865902 407104
300178 115272
202831 216924
85523 628639
128149 428320
309742 974650
968310 882821
690851 889231
294011 914450
604234 526511
471936 286277
586269 340178
119459 415175
760930 742837
637466 86428
187263 503367
9884 487441
134990 729066
220716 736865
357704 865216
165184 183797
839866 133493
66617 47068
22724 360627
477869 143309
403490 949804
429585 989758
806333 65395
921285 567263
808232 75102
170042 995494
578469 179925
999286 229810
908990 736353
966674 266693
601569 131857
450489 957786
265350 33458
4853 804425
910436 999074
464085 830277
465229 893669
820035 271562
959064 257671
355176 283647
332772 525217
795492 427592
221494 311130
657402 130483
47482 624075
913528 649050
272284 880368
123187 53985
430177 128040
858409 856965
643465 322493
687241 108693
732513 23627
380254 207928
797649 251781
491574 646773
776998 287066
74364 514843
598195 248117
161677 162028
388544 591556
811078 660827
471924 934264
714811 418452
578655 573219
791768 222119
412063 479009
330812 144575
18987 227417
352503 816636
479198 844076
979760 772547
647493 54123
287389 762039
818592 449065
924067 207135
40621 251496
867961 28896
185759 99123
963699 280766
672341 755467
19236 600755
750827 866399
745329 286165
93816 614183
619152 89365
458259 598911
378263 622103
169386 665651
384142 987977
631067 824560
711463 188039
76055 579423
733286 778165
194897 213337
575282 383589
485155 594518
984343 752333
460916 729671
38497 71083
343854 657649
676799 318464
772911 55061
456918 458648
237063 357411
446624 384482
181970 674438
88872 258024
770212 822158
552541 965108
551846 127822
348696 37000
722339 333038
789332 699607
579061 344180
287041 439266
518180 963840
757729 807443
535252 730998
266090 772315
88409 229066
673148 270378
903503 762019
44754 673715
100528 597294
638822 652373
725115 503870
205724 963806
836907 511407
179764 932319
855587 466804
371584 890118
946995 645664
697560 482247
376662 963650
770913 465070
192715 444060
251799 612569
206078 296552
286283 822958
893845 441457
475330 135312
945326 681054
615469 298584
708812 795232
230903 564398
778387 118838
970868 725382
764502 668427
723980 141163
148428 11244
606232 857494
455303 858030
470063 177732
670934 272697
689 81130
714153 992371
216441 175830
189776 348261
990766 898587
143492 738020
979337 921879
856857 950204
163612 137710
134982 887591
278872 283410
898834 401455
140903 870488
775837 610965
564571 446770
883662 81612
527899 114166
73982 260692
806348 780109
608952 313465
678695 268796
51484 174383
190674 424692
124586 354285
562402 259568
758227 357625
59329 657060
759080 200231
43899 51268
327548 608469
498037 211209
690080 542287
841726 764061
319330 164425
544169 444634
477889 739216
713429 45724
913598 420454
470416 554536
291090 549169
330455 565668
906793 389783
739079 182224
590013 782977
233491 917560
391445 247879
645120 81525
306518 3198
361937 625847
167622 422458
586832 161863
678025 816612
207586 591622
753417 678001
662509 560858
743521 509315
126525 650314
899097 865603
348889 5462
648579 582380
439373 556376
346610 600845
154252 653127
604042 516188
795326 288015
938645 898509
449877 616669
715121 657463
724643 984889
851815 903503
545747 595336
412818 188623
245649 828266
54226 594537
833727 219156
693268 789452
291883 39878
390296 446134
209356 994337
962322 4681
798703 417318
903190 248580
550339 134662
906042 791333
119550 274208
694835 665296
869543 624004
853919 631543
452270 424496
742432 802348
160003 435699
591799 451886
991928 982094
898019 201284
492782 376692
722316 291485
794010 625505
540064 860700
276518 962457
652032 396068
236664 346866
577715 106207
487222 947985
254101 939491
372480 996532
741838 48835
432231 333637
500720 940510
315730 915090
141793 808512
808134 864109
616348 602143
5965 156411
979194 282483
118867 631225
194902 871882
494442 772616
494440 981663
720601 748541
921153 609432
745072 179343
658266 177302
29331 675337
117812 861412
106779 775956
186275 914912
156416 802622
33406 162381
959032 12599
961215 594250
160175 156116
466132 654616
928731 960571
636279 165683
709111 73783
291467 970535
769477 949732
664188 798807
141421 298351
660219 764551
74307 846493
679462 230722
165467 229219
909454 640850
241817 870668
235100 401991
26783 217583
56606 471866
694505 209236
637548 919968
799371 929014
890502 568847
395098 554689
367654 52870
853040 544224
817420 443698
907068 13233
674419 72534
242451 100225
713384 484267
970892 464835
402609 514027
682417 975566
985892 893273
701154 139791
813240 500524
585157 703741
69370 496606
774782 953375
549475 144173
13950 883246
587870 437370
896478 778640
26255 138928
878864 739638
139546 849756
720824 542154
363782 919592
34071 866025
812865 735224
5815 142456
235747 590971
362549 821469
603928 137330
774843 153402
281502 305145
36647 385723
742514 933124
164362 768768
588403 43226
24758 727948
409333 745581
786453 773114
181525 820524
155490 510741
555747 161304
653196 791494
268627 15744
612962 872554
669425 904156
542308 950926
209300 95306
853000 468165
28430 17362
236933 133184
60587 778042
861132 469919
523622 647584
759384 221498
984459 914873
732238 540206
592528 385434
331699 377506
401177 461012
250060 586954
881519 308719
54231 607171
404024 907231
75335 948805
924592 828619
81989 985178
606660 459472
971448 130282
623407 730831
868131 607866
162055 600369
148071 754582
985802 996121
648440 903330
457132 898499
490283 338650
207217 544514
945820 127592
968096 537507
76397 892687
366125 158385
394216 972785
617856 365663
619418 241262
612845 487548
849127 774899
87916 997197
45832 590069
993317 210623
9751 966800
109121 16385
821802 832689
560898 767621
960281 45345
305127 553029
938031 671252
711413 332246
160388 845620
697908 779805
86881 827104
267352 452360
118354 871620
965908 680538
461688 475577
891160 987790
442376 516633
4175 264177
865673 81424
548150 342305
126769 369628
895333 64799
557231 606745
397045 717618
452364 611304
497422 55597
954760 281126
507956 73113
152745 473863
753650 130784
949439 644810
118574 908167
677794 122748
172343 543466
204171 236844
885771 330939
606472 781103
912090 163702
387848 309134
881320 356563
436789 895093
412159 391548
176218 436466
464661 845314
426681 734662
492450 376119
895823 611023
800637 573616
250122 972980
117082 970644
726175 519204
301583 332646
300306 730024
496348 204505
39157 894019
561068 992297
305463 489578
383845 481681
926044 364857
843346 352724
615870 335795
245194 511693
463169 45831
601660 713290
535162 718741
200286 261336
237944 18220
110334 54602
748243 123033
259106 787399
17051 336525
296047 322513
826103 679891
320545 752146
561099 163891
621221 176969
16037 382766
205013 479206
428596 806672
708847 480109
41765 425484
257797 796060
443703 368130
850661 191945
491162 626119
495695 508212
962643 791742
347076 788745
987984 183973
57242 65435
864215 194814
242403 880251
577580 963767
875808 522527
770438 101007
2636 328554
526490 260432
124614 970193
628561 491626
678489 636074
634096 174184
660637 596739
482277 7712
901835 470260
191684 959077
535694 572250
670242 294448
452501 247821
774566 844660
770348 61356
462018 289335
389909 988508
549766 30874
475052 694678
38852 669892
330751 672947
844075 991387
786037 842703
515450 687872
312963 223486
163300 365008
795735 833541
175808 764587
597714 950373
609247 368061
11728 71264
173747 917989
576123 723512
465214 567526
934541 504065
753770 265291
693364 114196
773029 479400
956899 288478
167271 786213
511963 330570
151220 307698
680463 843379
72284 278176
310104 197882
162588 838183
785498 336334
272523 877972
576197 737737
961850 510737
241801 715619
292379 935164
829814 581759
414564 786712
870236 98186
572924 898551
428756 240496
722600 625570
600226 311235
903745 910329
509117 66332
264864 810966
919017 537386
688937 495213
275122 167138
522301 33275
882756 331031
484790 228922
912789 899353
15633 299376
513891 104909
197926 458998
861756 920525
84567 978333
231760 988311
888662 257228
570994 669877
584545 490010
207262 273481
501574 998736
956971 540226
32010 839726
871256 516799
68647 300396
932504 600632
599771 446394
221892 314049
905391 83647
234573 506309
61979 982684
494619 466992
756263 65612
136868 340807
71973 860482
130640 573546
859217 87610
113771 407578
927335 501378
440728 512334
801773 373231
112965 917895
335976 334856
231943 757718
934854 982868
264026 996832
965551 274996
980176 721814
340607 633395
62620 928931
493876 709611
502476 869444
797220 132598
277021 724555
150327 717749
753240 952099
607331 866204
386346 459659
717411 618288
217376 168616
601155 997754
165447 83058
272749 661974
804871 129708
295369 383842
58638 305596
93453 77466
175040 407024
726415 968412
131578 876742
202512 401169
345192 326195
783724 731537
785853 501134
349825 519580
669749 467331
33685 351548
550388 306434
529873 871610
952493 825241
771804 11130
647189 381608
604947 338580
788631 331362
823343 436561
208103 25855
837729 69646
868401 621453
801183 170605
638938 667359
206536 825039
134689 240221
692938 201429
63006 222810
73038 15498
564403 361193
542979 211591
742800 147926
66522 531431
995639 889864
967991 720093
432070 322071
789738 300470
943523 590920
987426 98813
258278 193962
923851 909319
434182 616788
110747 13539
355949 700136
29036 920351
61329 88366
648293 804128
752643 714814
851910 748281
121030 336252
468373 553099
658323 774463
369921 118197
881734 357346
217009 140012
551307 657211
565682 501840
273998 676428
31730 146299
376563 60765
66649 437891
665483 231294
758371 418125
462459 610280
682758 583488
946532 667482
136587 121206
441944 506507
239402 323678
863852 456411
980041 931511
629973 545722
949702 420323
738501 981432
566621 115063
558548 149621
69306 224030
380914 344028
642155 843373
954307 841264
943212 417190
508745 79798
