5000 5000 73607354
1 2
1 3
1 4
2 5
5 6
2 7
1 8
7 9
6 10
2 11
4 12
5 13
10 14
11 15
12 16
9 17
8 18
9 19
15 20
12 21
16 22
15 23
22 24
23 25
19 26
23 27
21 28
26 29
21 30
26 31
28 32
32 33
31 34
26 35
26 36
27 37
35 38
32 39
33 40
39 41
36 42
36 43
35 44
42 45
36 46
42 47
39 48
41 49
44 50
44 51
43 52
50 53
49 54
49 55
46 56
52 57
55 58
50 59
51 60
54 61
61 62
59 63
56 64
60 65
61 66
58 67
63 68
62 69
65 70
70 71
62 72
72 73
69 74
71 75
74 76
69 77
70 78
77 79
72 80
72 81
78 82
80 83
76 84
80 85
84 86
80 87
78 88
88 89
88 90
82 91
90 92
92 93
93 94
93 95
90 96
96 97
95 98
89 99
93 100
95 101
99 102
95 103
95 104
102 105
103 106
105 107
102 108
104 109
100 110
105 111
107 112
111 113
106 114
106 115
111 116
110 117
110 118
118 119
115 120
118 121
119 122
115 123
118 124
124 125
121 126
125 127
126 128
126 129
127 130
123 131
126 132
130 133
132 134
130 135
130 136
129 137
129 138
129 139
134 140
137 141
139 142
133 143
139 144
140 145
144 146
143 147
145 148
147 149
143 150
144 151
147 152
152 153
148 154
148 155
154 156
148 157
151 158
156 159
156 160
154 161
153 162
158 163
154 164
160 165
159 166
165 167
159 168
164 169
169 170
166 171
170 172
167 173
172 174
165 175
174 176
167 177
170 178
170 179
174 180
175 181
175 182
179 183
177 184
178 185
182 186
182 187
178 188
187 189
181 190
181 191
185 192
187 193
193 194
188 195
191 196
193 197
192 198
198 199
199 200
193 201
194 202
196 203
195 204
198 205
204 206
203 207
202 208
199 209
200 210
203 211
211 212
206 213
206 214
212 215
210 216
213 217
215 218
209 219
210 220
220 221
221 222
213 223
222 224
215 225
224 226
226 227
226 228
226 229
228 230
229 231
224 232
232 233
227 234
229 235
229 236
229 237
234 238
235 239
232 240
238 241
240 242
237 243
241 244
236 245
238 246
243 247
245 248
242 249
243 250
247 251
248 252
250 253
244 254
250 255
255 256
256 257
254 258
256 259
259 260
260 261
255 262
260 263
259 264
256 265
265 266
259 267
259 268
264 269
265 270
267 271
267 272
264 273
266 274
265 275
268 276
269 277
277 278
271 279
279 280
272 281
275 282
276 283
280 284
278 285
284 286
278 287
285 288
284 289
288 290
289 291
291 292
288 293
287 294
293 295
286 296
292 297
289 298
292 299
291 300
296 301
295 302
294 303
302 304
302 305
301 306
302 307
306 308
302 309
302 310
306 311
303 312
309 313
307 314
310 315
315 316
311 317
308 318
311 319
318 320
314 321
317 322
316 323
315 324
319 325
323 326
317 327
318 328
326 329
324 330
322 331
325 332
325 333
332 334
326 335
331 336
333 337
329 338
333 339
331 340
335 341
339 342
334 343
337 344
335 345
339 346
337 347
342 348
345 349
347 350
346 351
348 352
346 353
352 354
351 355
350 356
351 357
353 358
357 359
350 360
354 361
361 362
362 363
359 364
359 365
360 366
358 367
359 368
365 369
365 370
365 371
370 372
365 373
373 374
374 375
370 376
375 377
377 378
369 379
375 380
373 381
378 382
375 383
377 384
376 385
382 386
384 387
383 388
386 389
389 390
381 391
388 392
385 393
392 394
386 395
390 396
389 397
393 398
394 399
398 400
391 401
394 402
400 403
394 404
400 405
402 406
399 407
404 408
408 409
401 410
407 411
405 412
403 413
411 414
411 415
415 416
410 417
414 418
410 419
416 420
419 421
420 422
414 423
423 424
416 425
416 426
422 427
421 428
426 429
420 430
422 431
423 432
424 433
431 434
425 435
427 436
436 437
431 438
438 439
438 440
439 441
438 442
439 443
441 444
442 445
443 446
440 447
439 448
442 449
446 450
448 451
443 452
452 453
452 454
447 455
454 456
456 457
455 458
456 459
454 460
452 461
456 462
460 463
456 464
458 465
457 466
462 467
466 468
467 469
467 470
464 471
464 472
472 473
467 474
474 475
469 476
470 477
470 478
478 479
472 480
472 481
478 482
481 483
476 484
484 485
485 486
486 487
486 488
482 489
484 490
483 491
491 492
491 493
490 494
487 495
488 496
490 497
490 498
496 499
495 500
494 501
495 502
502 503
503 504
502 505
496 506
498 507
502 508
508 509
506 510
508 511
502 512
505 513
509 514
511 515
513 516
510 517
513 518
517 519
518 520
514 521
514 522
521 523
519 524
518 525
523 526
523 527
524 528
527 529
520 530
525 531
524 532
525 533
532 534
526 535
532 536
533 537
534 538
532 539
536 540
538 541
539 542
534 543
537 544
540 545
543 546
540 547
543 548
540 549
546 550
542 551
546 552
552 553
550 554
554 555
555 556
551 557
549 558
555 559
557 560
553 561
558 562
561 563
556 564
557 565
558 566
564 567
558 568
559 569
568 570
564 571
562 572
566 573
571 574
567 575
566 576
571 577
568 578
578 579
579 580
576 581
580 582
573 583
579 584
581 585
579 586
579 587
587 588
584 589
583 590
582 591
582 592
590 593
592 594
589 595
589 596
589 597
596 598
591 599
593 600
599 601
594 602
598 603
601 604
602 605
603 606
601 607
601 608
601 609
603 610
606 611
610 612
608 613
607 614
605 615
613 616
616 617
615 618
611 619
616 620
619 621
618 622
615 623
616 624
617 625
616 626
623 627
627 628
628 629
628 630
627 631
630 632
626 633
625 634
633 635
631 636
635 637
635 638
635 639
639 640
638 641
639 642
637 643
640 644
641 645
639 646
640 647
644 648
646 649
640 650
649 651
642 652
644 653
646 654
646 655
650 656
647 657
650 658
649 659
652 660
652 661
658 662
661 663
656 664
659 665
661 666
657 667
663 668
667 669
660 670
666 671
667 672
671 673
673 674
667 675
671 676
675 677
671 678
673 679
671 680
680 681
675 682
681 683
680 684
682 685
680 686
679 687
678 688
680 689
684 690
681 691
686 692
690 693
692 694
686 695
695 696
693 697
692 698
696 699
690 700
699 701
693 702
696 703
698 704
697 705
696 706
697 707
702 708
701 709
706 710
709 711
710 712
708 713
705 714
714 715
711 716
710 717
713 718
711 719
714 720
715 721
717 722
721 723
723 724
722 725
725 726
725 727
725 728
728 729
720 730
722 731
730 732
724 733
726 734
732 735
733 736
729 737
731 738
731 739
732 740
736 741
735 742
742 743
743 744
739 745
740 746
738 747
738 748
742 749
744 750
745 751
750 752
744 753
745 754
753 755
752 756
754 757
753 758
752 759
754 760
752 761
757 762
754 763
756 764
755 765
758 766
761 767
759 768
764 769
765 770
768 771
767 772
764 773
768 774
767 775
768 776
771 777
772 778
777 779
774 780
771 781
776 782
782 783
783 784
780 785
778 786
782 787
781 788
780 789
781 790
786 791
787 792
787 793
789 794
792 795
791 796
791 797
789 798
795 799
792 800
798 801
798 802
798 803
800 804
803 805
803 806
800 807
799 808
799 809
804 810
804 811
808 812
809 813
807 814
808 815
810 816
810 817
815 818
810 819
815 820
818 821
816 822
820 823
815 824
817 825
819 826
817 827
826 828
825 829
828 830
828 831
831 832
823 833
829 834
826 835
829 836
828 837
835 838
829 839
831 840
835 841
835 842
837 843
835 844
835 845
845 846
842 847
847 848
840 849
840 850
843 851
849 852
847 853
849 854
845 855
855 856
854 857
857 858
855 859
855 860
860 861
859 862
861 863
855 864
856 865
856 866
857 867
860 868
864 869
868 870
870 871
864 872
866 873
866 874
868 875
870 876
873 877
871 878
872 879
878 880
878 881
876 882
877 883
876 884
875 885
878 886
881 887
882 888
888 889
887 890
881 891
888 892
886 893
884 894
893 895
894 896
896 897
888 898
895 899
891 900
894 901
892 902
899 903
899 904
900 905
901 906
903 907
902 908
902 909
908 910
906 911
904 912
905 913
904 914
914 915
909 916
916 917
917 918
913 919
918 920
916 921
917 922
918 923
919 924
915 925
919 926
922 927
920 928
924 929
922 930
924 931
930 932
929 933
930 934
926 935
932 936
934 937
935 938
931 939
934 940
934 941
933 942
935 943
939 944
937 945
937 946
940 947
947 948
947 949
941 950
948 951
951 952
948 953
952 954
949 955
949 956
954 957
956 958
951 959
951 960
959 961
959 962
956 963
955 964
962 965
958 966
960 967
962 968
962 969
963 970
969 971
963 972
965 973
968 974
974 975
968 976
967 977
977 978
973 979
976 980
977 981
979 982
976 983
979 984
979 985
977 986
977 987
986 988
980 989
980 990
990 991
985 992
983 993
984 994
991 995
987 996
995 997
989 998
992 999
994 1000
991 1001
999 1002
1000 1003
996 1004
996 1005
1005 1006
1002 1007
998 1008
999 1009
1000 1010
1006 1011
1004 1012
1008 1013
1005 1014
1008 1015
1010 1016
1013 1017
1017 1018
1018 1019
1010 1020
1018 1021
1014 1022
1020 1023
1017 1024
1023 1025
1024 1026
1022 1027
1024 1028
1020 1029
1024 1030
1025 1031
1028 1032
1025 1033
1027 1034
1034 1035
1026 1036
1034 1037
1034 1038
1033 1039
1031 1040
1038 1041
1038 1042
1040 1043
1043 1044
1037 1045
1042 1046
1044 1047
1039 1048
1047 1049
1046 1050
1047 1051
1051 1052
1045 1053
1050 1054
1045 1055
1051 1056
1053 1057
1049 1058
1050 1059
1057 1060
1051 1061
1057 1062
1061 1063
1055 1064
1059 1065
1064 1066
1059 1067
1067 1068
1059 1069
1064 1070
1066 1071
1071 1072
1063 1073
1065 1074
1073 1075
1066 1076
1073 1077
1070 1078
1075 1079
1079 1080
1071 1081
1080 1082
1078 1083
1075 1084
1079 1085
1078 1086
1078 1087
1086 1088
1080 1089
1082 1090
1090 1091
1085 1092
1088 1093
1091 1094
1093 1095
1089 1096
1096 1097
1089 1098
1090 1099
1095 1100
1092 1101
1097 1102
1098 1103
1094 1104
1097 1105
1103 1106
1105 1107
1098 1108
1101 1109
1105 1110
1104 1111
1102 1112
1104 1113
1106 1114
1106 1115
1109 1116
1110 1117
1115 1118
1114 1119
1110 1120
1113 1121
1113 1122
1122 1123
1114 1124
1115 1125
1116 1126
1125 1127
1118 1128
1121 1129
1126 1130
1128 1131
1127 1132
1127 1133
1126 1134
1131 1135
1135 1136
1127 1137
1133 1138
1134 1139
1133 1140
1140 1141
1133 1142
1139 1143
1140 1144
1136 1145
1138 1146
1138 1147
1140 1148
1139 1149
1140 1150
1146 1151
1145 1152
1151 1153
1150 1154
1152 1155
1155 1156
1151 1157
1157 1158
1152 1159
1157 1160
1151 1161
1156 1162
1159 1163
1155 1164
1163 1165
1161 1166
1165 1167
1163 1168
1161 1169
1164 1170
1165 1171
1162 1172
1167 1173
1173 1174
1168 1175
1174 1176
1168 1177
1173 1178
1173 1179
1175 1180
1180 1181
1174 1182
1173 1183
1181 1184
1178 1185
1182 1186
1181 1187
1182 1188
1181 1189
1184 1190
1184 1191
1182 1192
1189 1193
1184 1194
1188 1195
1191 1196
1195 1197
1197 1198
1192 1199
1193 1200
1192 1201
1194 1202
1201 1203
1195 1204
1204 1205
1202 1206
1206 1207
1205 1208
1207 1209
1206 1210
1208 1211
1202 1212
1207 1213
1206 1214
1213 1215
1212 1216
1208 1217
1214 1218
1215 1219
1214 1220
1213 1221
1217 1222
1213 1223
1218 1224
1220 1225
1216 1226
1220 1227
1225 1228
1221 1229
1224 1230
1221 1231
1227 1232
1231 1233
1224 1234
1234 1235
1229 1236
1236 1237
1231 1238
1230 1239
1234 1240
1238 1241
1241 1242
1241 1243
1243 1244
1238 1245
1244 1246
1239 1247
1241 1248
1247 1249
1241 1250
1249 1251
1248 1252
1244 1253
1244 1254
1254 1255
1248 1256
1256 1257
1252 1258
1258 1259
1250 1260
1252 1261
1261 1262
1254 1263
1260 1264
1257 1265
1265 1266
1257 1267
1261 1268
1260 1269
1264 1270
1269 1271
1271 1272
1271 1273
1266 1274
1265 1275
1270 1276
1270 1277
1274 1278
1269 1279
1270 1280
1278 1281
1272 1282
1276 1283
1275 1284
1276 1285
1279 1286
1277 1287
1286 1288
1284 1289
1286 1290
1285 1291
1289 1292
1290 1293
1286 1294
1294 1295
1293 1296
1296 1297
1293 1298
1294 1299
1295 1300
1296 1301
1296 1302
1294 1303
1297 1304
1296 1305
1299 1306
1301 1307
1303 1308
1302 1309
1308 1310
1310 1311
1303 1312
1305 1313
1304 1314
1307 1315
1314 1316
1312 1317
1309 1318
1310 1319
1315 1320
1315 1321
1317 1322
1317 1323
1319 1324
1317 1325
1325 1326
1321 1327
1327 1328
1325 1329
1323 1330
1330 1331
1327 1332
1323 1333
1331 1334
1326 1335
1326 1336
1335 1337
1337 1338
1334 1339
1333 1340
1337 1341
1338 1342
1334 1343
1338 1344
1340 1345
1342 1346
1341 1347
1343 1348
1346 1349
1346 1350
1343 1351
1344 1352
1345 1353
1351 1354
1354 1355
1355 1356
1355 1357
1356 1358
1358 1359
1356 1360
1351 1361
1356 1362
1362 1363
1358 1364
1362 1365
1358 1366
1361 1367
1364 1368
1363 1369
1366 1370
1361 1371
1365 1372
1372 1373
1365 1374
1373 1375
1366 1376
1368 1377
1372 1378
1375 1379
1371 1380
1377 1381
1374 1382
1375 1383
1381 1384
1381 1385
1379 1386
1385 1387
1378 1388
1384 1389
1382 1390
1385 1391
1386 1392
1385 1393
1384 1394
1393 1395
1392 1396
1391 1397
1395 1398
1391 1399
1392 1400
1395 1401
1397 1402
1395 1403
1394 1404
1399 1405
1397 1406
1406 1407
1398 1408
1406 1409
1407 1410
1408 1411
1407 1412
1406 1413
1406 1414
1410 1415
1407 1416
1408 1417
1413 1418
1409 1419
1412 1420
1418 1421
1416 1422
1421 1423
1417 1424
1420 1425
1419 1426
1418 1427
1420 1428
1426 1429
1425 1430
1429 1431
1422 1432
1430 1433
1425 1434
1434 1435
1427 1436
1431 1437
1436 1438
1429 1439
1437 1440
1437 1441
1437 1442
1439 1443
1441 1444
1442 1445
1444 1446
1442 1447
1446 1448
1442 1449
1448 1450
1447 1451
1443 1452
1452 1453
1451 1454
1453 1455
1452 1456
1455 1457
1456 1458
1452 1459
1458 1460
1458 1461
1461 1462
1456 1463
1460 1464
1462 1465
1464 1466
1466 1467
1463 1468
1462 1469
1461 1470
1466 1471
1469 1472
1472 1473
1471 1474
1474 1475
1468 1476
1468 1477
1470 1478
1473 1479
1479 1480
1478 1481
1480 1482
1481 1483
1483 1484
1478 1485
1477 1486
1483 1487
1481 1488
1486 1489
1484 1490
1489 1491
1488 1492
1490 1493
1489 1494
1488 1495
1495 1496
1491 1497
1492 1498
1496 1499
1497 1500
1499 1501
1494 1502
1494 1503
1500 1504
1499 1505
1499 1506
1505 1507
1502 1508
1505 1509
1506 1510
1508 1511
1505 1512
1509 1513
1511 1514
1506 1515
1515 1516
1516 1517
1508 1518
1511 1519
1516 1520
1513 1521
1519 1522
1513 1523
1519 1524
1523 1525
1517 1526
1519 1527
1524 1528
1527 1529
1522 1530
1527 1531
1522 1532
1532 1533
1533 1534
1528 1535
1530 1536
1535 1537
1529 1538
1534 1539
1537 1540
1531 1541
1535 1542
1534 1543
1541 1544
1543 1545
1542 1546
1537 1547
1538 1548
1544 1549
1548 1550
1545 1551
1546 1552
1551 1553
1549 1554
1552 1555
1551 1556
1554 1557
1556 1558
1554 1559
1553 1560
1558 1561
1561 1562
1554 1563
1557 1564
1564 1565
1562 1566
1563 1567
1566 1568
1562 1569
1565 1570
1562 1571
1563 1572
1570 1573
1568 1574
1569 1575
1573 1576
1574 1577
1571 1578
1577 1579
1574 1580
1571 1581
1573 1582
1580 1583
1583 1584
1575 1585
1584 1586
1580 1587
1583 1588
1582 1589
1589 1590
1581 1591
1590 1592
1588 1593
1585 1594
1586 1595
1591 1596
1592 1597
1596 1598
1595 1599
1599 1600
1592 1601
1596 1602
1599 1603
1600 1604
1603 1605
1601 1606
1600 1607
1599 1608
1599 1609
1607 1610
1608 1611
1611 1612
1608 1613
1605 1614
1610 1615
1615 1616
1608 1617
1611 1618
1618 1619
1613 1620
1616 1621
1612 1622
1622 1623
1619 1624
1621 1625
1616 1626
1624 1627
1619 1628
1628 1629
1629 1630
1621 1631
1622 1632
1625 1633
1624 1634
1627 1635
1632 1636
1631 1637
1637 1638
1634 1639
1632 1640
1639 1641
1639 1642
1634 1643
1640 1644
1635 1645
1645 1646
1640 1647
1640 1648
1647 1649
1640 1650
1642 1651
1650 1652
1651 1653
1644 1654
1653 1655
1655 1656
1650 1657
1657 1658
1652 1659
1657 1660
1660 1661
1661 1662
1660 1663
1658 1664
1662 1665
1658 1666
1659 1667
1658 1668
1666 1669
1667 1670
1663 1671
1671 1672
1671 1673
1672 1674
1672 1675
1666 1676
1668 1677
1669 1678
1669 1679
1675 1680
1678 1681
1677 1682
1681 1683
1677 1684
1683 1685
1685 1686
1685 1687
1684 1688
1682 1689
1682 1690
1689 1691
1683 1692
1690 1693
1691 1694
1685 1695
1690 1696
1688 1697
1691 1698
1690 1699
1699 1700
1696 1701
1700 1702
1702 1703
1700 1704
1699 1705
1699 1706
1697 1707
1706 1708
1704 1709
1702 1710
1703 1711
1705 1712
1703 1713
1704 1714
1712 1715
1712 1716
1716 1717
1708 1718
1716 1719
1712 1720
1715 1721
1719 1722
1718 1723
1714 1724
1722 1725
1719 1726
1722 1727
1720 1728
1727 1729
1724 1730
1727 1731
1731 1732
1727 1733
1731 1734
1728 1735
1735 1736
1732 1737
1728 1738
1733 1739
1732 1740
1734 1741
1740 1742
1738 1743
1743 1744
1739 1745
1737 1746
1744 1747
1738 1748
1748 1749
1740 1750
1745 1751
1748 1752
1746 1753
1752 1754
1747 1755
1748 1756
1748 1757
1751 1758
1750 1759
1754 1760
1754 1761
1755 1762
1757 1763
1755 1764
1762 1765
1762 1766
1766 1767
1763 1768
1766 1769
1768 1770
1764 1771
1762 1772
1765 1773
1765 1774
1773 1775
1772 1776
1773 1777
1771 1778
1775 1779
1775 1780
1778 1781
1772 1782
1779 1783
1775 1784
1775 1785
1783 1786
1782 1787
1781 1788
1788 1789
1780 1790
1784 1791
1782 1792
1785 1793
1787 1794
1790 1795
1789 1796
1793 1797
1797 1798
1789 1799
1792 1800
1799 1801
1801 1802
1797 1803
1799 1804
1798 1805
1803 1806
1798 1807
1798 1808
1806 1809
1809 1810
1807 1811
1804 1812
1805 1813
1809 1814
1806 1815
1806 1816
1808 1817
1812 1818
1816 1819
1818 1820
1813 1821
1820 1822
1817 1823
1821 1824
1820 1825
1817 1826
1822 1827
1823 1828
1828 1829
1826 1830
1821 1831
1831 1832
1824 1833
1832 1834
1831 1835
1826 1836
1830 1837
1829 1838
1831 1839
1834 1840
1837 1841
1835 1842
1842 1843
1835 1844
1840 1845
1837 1846
1837 1847
1838 1848
1847 1849
1842 1850
1848 1851
1848 1852
1852 1853
1853 1854
1848 1855
1855 1856
1847 1857
1857 1858
1852 1859
1858 1860
1855 1861
1858 1862
1856 1863
1858 1864
1855 1865
1861 1866
1857 1867
1866 1868
1859 1869
1869 1870
1866 1871
1871 1872
1866 1873
1869 1874
1869 1875
1873 1876
1872 1877
1875 1878
1873 1879
1872 1880
1873 1881
1873 1882
1878 1883
1878 1884
1879 1885
1878 1886
1878 1887
1884 1888
1882 1889
1886 1890
1885 1891
1888 1892
1888 1893
1889 1894
1894 1895
1894 1896
1889 1897
1890 1898
1892 1899
1896 1900
1891 1901
1894 1902
1899 1903
1900 1904
1902 1905
1899 1906
1897 1907
1903 1908
1905 1909
1905 1910
1906 1911
1909 1912
1904 1913
1909 1914
1906 1915
1909 1916
1913 1917
1917 1918
1918 1919
1919 1920
1917 1921
1913 1922
1920 1923
1916 1924
1917 1925
1916 1926
1926 1927
1920 1928
1922 1929
1921 1930
1922 1931
1928 1932
1929 1933
1928 1934
1934 1935
1935 1936
1931 1937
1934 1938
1931 1939
1933 1940
1939 1941
1932 1942
1940 1943
1941 1944
1940 1945
1939 1946
1939 1947
1939 1948
1948 1949
1943 1950
1942 1951
1942 1952
1943 1953
1951 1954
1947 1955
1954 1956
1950 1957
1956 1958
1951 1959
1951 1960
1953 1961
1959 1962
1954 1963
1962 1964
1958 1965
1960 1966
1965 1967
1961 1968
1959 1969
1967 1970
1965 1971
1971 1972
1966 1973
1969 1974
1974 1975
1969 1976
1972 1977
1970 1978
1972 1979
1975 1980
1973 1981
1976 1982
1975 1983
1981 1984
1978 1985
1982 1986
1979 1987
1981 1988
1986 1989
1984 1990
1987 1991
1986 1992
1987 1993
1990 1994
1994 1995
1991 1996
1995 1997
1994 1998
1993 1999
1999 2000
1992 2001
1995 2002
1994 2003
2003 2004
1998 2005
1999 2006
1997 2007
2006 2008
2001 2009
2002 2010
2005 2011
2010 2012
2011 2013
2004 2014
2009 2015
2012 2016
2008 2017
2012 2018
2016 2019
2017 2020
2020 2021
2013 2022
2019 2023
2019 2024
2023 2025
2016 2026
2022 2027
2020 2028
2026 2029
2025 2030
2024 2031
2025 2032
2025 2033
2028 2034
2025 2035
2031 2036
2036 2037
2031 2038
2033 2039
2030 2040
2038 2041
2038 2042
2034 2043
2039 2044
2041 2045
2042 2046
2039 2047
2044 2048
2048 2049
2041 2050
2043 2051
2047 2052
2052 2053
2045 2054
2046 2055
2046 2056
2054 2057
2056 2058
2053 2059
2051 2060
2055 2061
2060 2062
2056 2063
2057 2064
2056 2065
2063 2066
2064 2067
2066 2068
2066 2069
2067 2070
2068 2071
2065 2072
2065 2073
2068 2074
2070 2075
2066 2076
2071 2077
2070 2078
2077 2079
2074 2080
2071 2081
2077 2082
2080 2083
2080 2084
2077 2085
2077 2086
2078 2087
2082 2088
2088 2089
2088 2090
2083 2091
2088 2092
2087 2093
2086 2094
2088 2095
2093 2096
2088 2097
2088 2098
2096 2099
2095 2100
2093 2101
2099 2102
2095 2103
2100 2104
2095 2105
2100 2106
2106 2107
2107 2108
2106 2109
2100 2110
2102 2111
2103 2112
2108 2113
2113 2114
2108 2115
2109 2116
2112 2117
2113 2118
2117 2119
2113 2120
2118 2121
2115 2122
2117 2123
2121 2124
2119 2125
2122 2126
2120 2127
2118 2128
2119 2129
2122 2130
2125 2131
2125 2132
2131 2133
2129 2134
2130 2135
2133 2136
2127 2137
2132 2138
2138 2139
2139 2140
2139 2141
2132 2142
2134 2143
2138 2144
2144 2145
2136 2146
2144 2147
2146 2148
2144 2149
2147 2150
2150 2151
2148 2152
2143 2153
2152 2154
2150 2155
2152 2156
2156 2157
2151 2158
2150 2159
2151 2160
2155 2161
2156 2162
2159 2163
2161 2164
2157 2165
2161 2166
2164 2167
2163 2168
2160 2169
2166 2170
2169 2171
2166 2172
2166 2173
2173 2174
2170 2175
2173 2176
2176 2177
2173 2178
2170 2179
2172 2180
2175 2181
2179 2182
2179 2183
2178 2184
2181 2185
2184 2186
2186 2187
2181 2188
2187 2189
2182 2190
2186 2191
2183 2192
2187 2193
2193 2194
2187 2195
2189 2196
2195 2197
2193 2198
2197 2199
2197 2200
2192 2201
2193 2202
2200 2203
2201 2204
2196 2205
2198 2206
2205 2207
2207 2208
2208 2209
2208 2210
2202 2211
2209 2212
2203 2213
2205 2214
2210 2215
2207 2216
2209 2217
2209 2218
2217 2219
2211 2220
2213 2221
2219 2222
2216 2223
2221 2224
2221 2225
2219 2226
2225 2227
2220 2228
2228 2229
2229 2230
2229 2231
2229 2232
2229 2233
2228 2234
2230 2235
2227 2236
2230 2237
2237 2238
2233 2239
2231 2240
2236 2241
2238 2242
2234 2243
2235 2244
2241 2245
2245 2246
2238 2247
2243 2248
2239 2249
2245 2250
2250 2251
2245 2252
2249 2253
2244 2254
2254 2255
2247 2256
2253 2257
2254 2258
2250 2259
2259 2260
2255 2261
2252 2262
2258 2263
2259 2264
2258 2265
2263 2266
2261 2267
2259 2268
2263 2269
2260 2270
2268 2271
2263 2272
2270 2273
2271 2274
2265 2275
2268 2276
2268 2277
2268 2278
2272 2279
2278 2280
2272 2281
2281 2282
2278 2283
2281 2284
2275 2285
2281 2286
2279 2287
2282 2288
2279 2289
2280 2290
2283 2291
2284 2292
2289 2293
2286 2294
2288 2295
2288 2296
2292 2297
2296 2298
2292 2299
2293 2300
2299 2301
2297 2302
2298 2303
2302 2304
2299 2305
2296 2306
2300 2307
2303 2308
2299 2309
2307 2310
2308 2311
2310 2312
2303 2313
2305 2314
2310 2315
2311 2316
2310 2317
2317 2318
2312 2319
2318 2320
2318 2321
2312 2322
2314 2323
2318 2324
2317 2325
2323 2326
2317 2327
2325 2328
2322 2329
2323 2330
2329 2331
2331 2332
2331 2333
2325 2334
2332 2335
2326 2336
2336 2337
2335 2338
2338 2339
2338 2340
2338 2341
2338 2342
2341 2343
2341 2344
2335 2345
2342 2346
2344 2347
2341 2348
2345 2349
2346 2350
2343 2351
2351 2352
2344 2353
2350 2354
2345 2355
2350 2356
2352 2357
2352 2358
2352 2359
2358 2360
2360 2361
2359 2362
2353 2363
2359 2364
2355 2365
2362 2366
2366 2367
2367 2368
2362 2369
2369 2370
2368 2371
2365 2372
2363 2373
2364 2374
2371 2375
2369 2376
2368 2377
2368 2378
2369 2379
2375 2380
2374 2381
2377 2382
2382 2383
2382 2384
2383 2385
2376 2386
2385 2387
2384 2388
2387 2389
2386 2390
2389 2391
2388 2392
2385 2393
2385 2394
2390 2395
2389 2396
2390 2397
2393 2398
2394 2399
2398 2400
2395 2401
2401 2402
2397 2403
2395 2404
2402 2405
2405 2406
2398 2407
2407 2408
2402 2409
2405 2410
2410 2411
2407 2412
2410 2413
2411 2414
2413 2415
2407 2416
2412 2417
2417 2418
2415 2419
2414 2420
2420 2421
2412 2422
2413 2423
2420 2424
2419 2425
2416 2426
2417 2427
2422 2428
2426 2429
2426 2430
2429 2431
2428 2432
2431 2433
2431 2434
2432 2435
2428 2436
2433 2437
2433 2438
2438 2439
2431 2440
2440 2441
2440 2442
2439 2443
2439 2444
2439 2445
2437 2446
2442 2447
2438 2448
2447 2449
2443 2450
2441 2451
2448 2452
2447 2453
2447 2454
2454 2455
2450 2456
2454 2457
2455 2458
2449 2459
2451 2460
2458 2461
2457 2462
2455 2463
2457 2464
2461 2465
2456 2466
2459 2467
2458 2468
2468 2469
2467 2470
2469 2471
2470 2472
2471 2473
2464 2474
2466 2475
2470 2476
2468 2477
2476 2478
2471 2479
2471 2480
2480 2481
2478 2482
2478 2483
2477 2484
2476 2485
2476 2486
2479 2487
2479 2488
2484 2489
2487 2490
2482 2491
2490 2492
2483 2493
2490 2494
2488 2495
2492 2496
2489 2497
2494 2498
2494 2499
2499 2500
2493 2501
2499 2502
2494 2503
2501 2504
2496 2505
2499 2506
2502 2507
2507 2508
2504 2509
2501 2510
2510 2511
2508 2512
2512 2513
2505 2514
2510 2515
2507 2516
2509 2517
2513 2518
2514 2519
2514 2520
2519 2521
2513 2522
2519 2523
2519 2524
2520 2525
2519 2526
2525 2527
2519 2528
2527 2529
2522 2530
2523 2531
2531 2532
2526 2533
2524 2534
2525 2535
2531 2536
2533 2537
2528 2538
2534 2539
2535 2540
2533 2541
2534 2542
2537 2543
2537 2544
2538 2545
2544 2546
2543 2547
2538 2548
2543 2549
2543 2550
2542 2551
2545 2552
2546 2553
2549 2554
2552 2555
2550 2556
2551 2557
2548 2558
2558 2559
2551 2560
2560 2561
2553 2562
2558 2563
2558 2564
2564 2565
2564 2566
2564 2567
2558 2568
2559 2569
2560 2570
2569 2571
2564 2572
2568 2573
2566 2574
2568 2575
2567 2576
2575 2577
2574 2578
2577 2579
2578 2580
2571 2581
2577 2582
2578 2583
2576 2584
2578 2585
2582 2586
2579 2587
2583 2588
2584 2589
2582 2590
2587 2591
2591 2592
2588 2593
2588 2594
2590 2595
2586 2596
2594 2597
2589 2598
2590 2599
2597 2600
2591 2601
2600 2602
2595 2603
2602 2604
2599 2605
2605 2606
2604 2607
2607 2608
2607 2609
2608 2610
2604 2611
2608 2612
2612 2613
2604 2614
2612 2615
2610 2616
2608 2617
2611 2618
2617 2619
2610 2620
2615 2621
2615 2622
2621 2623
2617 2624
2618 2625
2625 2626
2623 2627
2627 2628
2627 2629
2626 2630
2624 2631
2624 2632
2630 2633
2631 2634
2630 2635
2626 2636
2634 2637
2633 2638
2638 2639
2630 2640
2634 2641
2634 2642
2639 2643
2635 2644
2643 2645
2639 2646
2640 2647
2644 2648
2641 2649
2643 2650
2645 2651
2645 2652
2651 2653
2645 2654
2647 2655
2649 2656
2653 2657
2653 2658
2658 2659
2653 2660
2658 2661
2660 2662
2656 2663
2662 2664
2662 2665
2663 2666
2657 2667
2658 2668
2664 2669
2663 2670
2666 2671
2663 2672
2667 2673
2673 2674
2673 2675
2674 2676
2669 2677
2670 2678
2671 2679
2678 2680
2680 2681
2680 2682
2682 2683
2675 2684
2677 2685
2678 2686
2683 2687
2687 2688
2685 2689
2687 2690
2687 2691
2691 2692
2688 2693
2688 2694
2691 2695
2694 2696
2695 2697
2692 2698
2696 2699
2692 2700
2696 2701
2701 2702
2697 2703
2702 2704
2702 2705
2697 2706
2704 2707
2705 2708
2702 2709
2704 2710
2704 2711
2706 2712
2711 2713
2707 2714
2705 2715
2706 2716
2712 2717
2716 2718
2709 2719
2716 2720
2713 2721
2718 2722
2720 2723
2721 2724
2718 2725
2718 2726
2726 2727
2724 2728
2722 2729
2728 2730
2723 2731
2731 2732
2730 2733
2727 2734
2727 2735
2729 2736
2734 2737
2730 2738
2733 2739
2738 2740
2734 2741
2738 2742
2733 2743
2736 2744
2743 2745
2741 2746
2740 2747
2743 2748
2739 2749
2747 2750
2742 2751
2744 2752
2752 2753
2746 2754
2751 2755
2754 2756
2750 2757
2755 2758
2756 2759
2755 2760
2757 2761
2758 2762
2760 2763
2763 2764
2756 2765
2765 2766
2758 2767
2766 2768
2759 2769
2764 2770
2766 2771
2768 2772
2765 2773
2767 2774
2765 2775
2775 2776
2775 2777
2776 2778
2774 2779
2779 2780
2778 2781
2773 2782
2777 2783
2774 2784
2780 2785
2780 2786
2782 2787
2779 2788
2779 2789
2788 2790
2788 2791
2790 2792
2783 2793
2787 2794
2789 2795
2792 2796
2791 2797
2790 2798
2794 2799
2796 2800
2799 2801
2801 2802
2795 2803
2798 2804
2796 2805
2804 2806
2797 2807
2805 2808
2799 2809
2800 2810
2808 2811
2810 2812
2808 2813
2806 2814
2813 2815
2814 2816
2813 2817
2816 2818
2812 2819
2812 2820
2812 2821
2820 2822
2822 2823
2818 2824
2824 2825
2820 2826
2823 2827
2821 2828
2821 2829
2820 2830
2821 2831
2824 2832
2828 2833
2828 2834
2833 2835
2827 2836
2835 2837
2830 2838
2836 2839
2836 2840
2835 2841
2833 2842
2837 2843
2838 2844
2840 2845
2840 2846
2845 2847
2841 2848
2846 2849
2844 2850
2843 2851
2847 2852
2843 2853
2851 2854
2846 2855
2853 2856
2848 2857
2854 2858
2857 2859
2858 2860
2854 2861
2854 2862
2853 2863
2857 2864
2857 2865
2861 2866
2862 2867
2866 2868
2866 2869
2868 2870
2863 2871
2871 2872
2871 2873
2864 2874
2866 2875
2873 2876
2875 2877
2876 2878
2876 2879
2872 2880
2879 2881
2875 2882
2879 2883
2880 2884
2884 2885
2884 2886
2883 2887
2884 2888
2884 2889
2880 2890
2885 2891
2886 2892
2883 2893
2887 2894
2886 2895
2886 2896
2891 2897
2888 2898
2892 2899
2892 2900
2896 2901
2895 2902
2901 2903
2897 2904
2904 2905
2904 2906
2904 2907
2901 2908
2901 2909
2904 2910
2908 2911
2911 2912
2907 2913
2910 2914
2910 2915
2913 2916
2907 2917
2917 2918
2911 2919
2917 2920
2918 2921
2921 2922
2913 2923
2921 2924
2917 2925
2925 2926
2925 2927
2919 2928
2920 2929
2925 2930
2929 2931
2929 2932
2925 2933
2927 2934
2927 2935
2934 2936
2935 2937
2928 2938
2937 2939
2931 2940
2934 2941
2933 2942
2935 2943
2943 2944
2936 2945
2936 2946
2941 2947
2946 2948
2945 2949
2947 2950
2949 2951
2949 2952
2945 2953
2946 2954
2948 2955
2952 2956
2950 2957
2949 2958
2957 2959
2957 2960
2954 2961
2957 2962
2962 2963
2962 2964
2959 2965
2964 2966
2965 2967
2960 2968
2967 2969
2965 2970
2970 2971
2970 2972
2971 2973
2966 2974
2965 2975
2970 2976
2970 2977
2975 2978
2970 2979
2972 2980
2975 2981
2976 2982
2980 2983
2982 2984
2981 2985
2980 2986
2985 2987
2980 2988
2981 2989
2980 2990
2985 2991
2984 2992
2987 2993
2990 2994
2992 2995
2993 2996
2993 2997
2991 2998
2998 2999
2993 3000
2991 3001
3000 3002
2999 3003
2995 3004
2999 3005
3004 3006
3002 3007
3005 3008
3001 3009
3002 3010
3007 3011
3004 3012
3012 3013
3011 3014
3008 3015
3006 3016
3009 3017
3016 3018
3018 3019
3016 3020
3013 3021
3019 3022
3021 3023
3018 3024
3018 3025
3018 3026
3022 3027
3019 3028
3022 3029
3029 3030
3022 3031
3026 3032
3025 3033
3025 3034
3029 3035
3030 3036
3034 3037
3037 3038
3035 3039
3038 3040
3032 3041
3040 3042
3034 3043
3042 3044
3042 3045
3037 3046
3046 3047
3041 3048
3043 3049
3046 3050
3050 3051
3045 3052
3049 3053
3049 3054
3050 3055
3054 3056
3056 3057
3048 3058
3051 3059
3050 3060
3059 3061
3052 3062
3061 3063
3059 3064
3055 3065
3056 3066
3064 3067
3067 3068
3063 3069
3064 3070
3064 3071
3068 3072
3067 3073
3071 3074
3067 3075
3068 3076
3068 3077
3074 3078
3070 3079
3077 3080
3071 3081
3073 3082
3075 3083
3074 3084
3076 3085
3083 3086
3084 3087
3082 3088
3082 3089
3087 3090
3086 3091
3089 3092
3085 3093
3084 3094
3088 3095
3091 3096
3091 3097
3095 3098
3093 3099
3098 3100
3093 3101
3092 3102
3100 3103
3100 3104
3102 3105
3103 3106
3098 3107
3107 3108
3104 3109
3104 3110
3109 3111
3110 3112
3108 3113
3113 3114
3108 3115
3111 3116
3108 3117
3109 3118
3113 3119
3116 3120
3113 3121
3118 3122
3121 3123
3121 3124
3119 3125
3116 3126
3117 3127
3127 3128
3123 3129
3128 3130
3123 3131
3126 3132
3129 3133
3125 3134
3125 3135
3131 3136
3129 3137
3132 3138
3135 3139
3134 3140
3136 3141
3134 3142
3137 3143
3139 3144
3140 3145
3142 3146
3140 3147
3146 3148
3148 3149
3142 3150
3143 3151
3148 3152
3148 3153
3146 3154
3154 3155
3152 3156
3152 3157
3153 3158
3155 3159
3150 3160
3160 3161
3152 3162
3160 3163
3161 3164
3158 3165
3158 3166
3165 3167
3162 3168
3164 3169
3166 3170
3161 3171
3166 3172
3170 3173
3166 3174
3170 3175
3168 3176
3171 3177
3168 3178
3175 3179
3170 3180
3176 3181
3176 3182
3182 3183
3182 3184
3184 3185
3179 3186
3182 3187
3181 3188
3188 3189
3182 3190
3181 3191
3187 3192
3183 3193
3184 3194
3192 3195
3190 3196
3191 3197
3190 3198
3193 3199
3195 3200
3200 3201
3199 3202
3197 3203
3198 3204
3204 3205
3199 3206
3205 3207
3204 3208
3201 3209
3206 3210
3210 3211
3208 3212
3204 3213
3206 3214
3209 3215
3207 3216
3216 3217
3216 3218
3218 3219
3210 3220
3215 3221
3213 3222
3217 3223
3216 3224
3223 3225
3224 3226
3218 3227
3223 3228
3219 3229
3221 3230
3223 3231
3223 3232
3229 3233
3224 3234
3225 3235
3228 3236
3228 3237
3230 3238
3230 3239
3231 3240
3237 3241
3239 3242
3242 3243
3237 3244
3235 3245
3239 3246
3242 3247
3243 3248
3245 3249
3249 3250
3245 3251
3246 3252
3244 3253
3250 3254
3247 3255
3254 3256
3250 3257
3254 3258
3250 3259
3252 3260
3260 3261
3256 3262
3258 3263
3254 3264
3263 3265
3256 3266
3264 3267
3267 3268
3259 3269
3267 3270
3263 3271
3263 3272
3267 3273
3272 3274
3272 3275
3274 3276
3273 3277
3272 3278
3270 3279
3276 3280
3276 3281
3281 3282
3276 3283
3283 3284
3277 3285
3277 3286
3284 3287
3280 3288
3286 3289
3286 3290
3289 3291
3288 3292
3283 3293
3288 3294
3286 3295
3294 3296
3290 3297
3294 3298
3294 3299
3299 3300
3297 3301
3296 3302
3301 3303
3303 3304
3302 3305
3305 3306
3299 3307
3298 3308
3305 3309
3305 3310
3303 3311
3302 3312
3310 3313
3304 3314
3310 3315
3308 3316
3310 3317
3315 3318
3311 3319
3318 3320
3317 3321
3312 3322
3314 3323
3315 3324
3318 3325
3316 3326
3322 3327
3321 3328
3319 3329
3328 3330
3328 3331
3331 3332
3323 3333
3324 3334
3328 3335
3327 3336
3327 3337
3333 3338
3338 3339
3335 3340
3334 3341
3337 3342
3336 3343
3337 3344
3339 3345
3338 3346
3341 3347
3346 3348
3339 3349
3341 3350
3349 3351
3349 3352
3343 3353
3349 3354
3349 3355
3355 3356
3354 3357
3353 3358
3356 3359
3352 3360
3359 3361
3360 3362
3357 3363
3359 3364
3355 3365
3361 3366
3357 3367
3364 3368
3366 3369
3362 3370
3368 3371
3364 3372
3366 3373
3370 3374
3366 3375
3367 3376
3367 3377
3370 3378
3370 3379
3372 3380
3372 3381
3376 3382
3376 3383
3380 3384
3376 3385
3384 3386
3386 3387
3384 3388
3388 3389
3381 3390
3389 3391
3387 3392
3391 3393
3386 3394
3387 3395
3387 3396
3395 3397
3388 3398
3398 3399
3394 3400
3397 3401
3401 3402
3400 3403
3395 3404
3401 3405
3396 3406
3403 3407
3401 3408
3404 3409
3400 3410
3403 3411
3404 3412
3404 3413
3406 3414
3409 3415
3410 3416
3416 3417
3417 3418
3409 3419
3419 3420
3419 3421
3418 3422
3418 3423
3420 3424
3423 3425
3422 3426
3424 3427
3421 3428
3428 3429
3429 3430
3423 3431
3426 3432
3428 3433
3426 3434
3430 3435
3426 3436
3433 3437
3428 3438
3431 3439
3438 3440
3440 3441
3440 3442
3437 3443
3442 3444
3437 3445
3445 3446
3438 3447
3439 3448
3444 3449
3441 3450
3442 3451
3442 3452
3445 3453
3450 3454
3448 3455
3450 3456
3448 3457
3451 3458
3452 3459
3459 3460
3452 3461
3461 3462
3459 3463
3461 3464
3460 3465
3458 3466
3459 3467
3458 3468
3463 3469
3466 3470
3468 3471
3463 3472
3463 3473
3468 3474
3467 3475
3469 3476
3467 3477
3477 3478
3474 3479
3471 3480
3478 3481
3475 3482
3482 3483
3482 3484
3476 3485
3479 3486
3485 3487
3484 3488
3484 3489
3483 3490
3485 3491
3488 3492
3492 3493
3492 3494
3494 3495
3494 3496
3493 3497
3495 3498
3498 3499
3497 3500
3496 3501
3501 3502
3496 3503
3494 3504
3504 3505
3505 3506
3500 3507
3499 3508
3500 3509
3509 3510
3506 3511
3508 3512
3507 3513
3504 3514
3506 3515
3513 3516
3507 3517
3517 3518
3510 3519
3518 3520
3517 3521
3520 3522
3515 3523
3519 3524
3520 3525
3518 3526
3526 3527
3524 3528
3528 3529
3525 3530
3525 3531
3531 3532
3524 3533
3532 3534
3530 3535
3533 3536
3532 3537
3531 3538
3531 3539
3532 3540
3536 3541
3537 3542
3540 3543
3539 3544
3544 3545
3543 3546
3542 3547
3543 3548
3545 3549
3548 3550
3549 3551
3546 3552
3545 3553
3549 3554
3552 3555
3552 3556
3548 3557
3551 3558
3552 3559
3554 3560
3559 3561
3554 3562
3557 3563
3557 3564
3562 3565
3558 3566
3559 3567
3564 3568
3561 3569
3565 3570
3567 3571
3571 3572
3572 3573
3570 3574
3569 3575
3567 3576
3571 3577
3575 3578
3572 3579
3579 3580
3574 3581
3576 3582
3576 3583
3577 3584
3575 3585
3584 3586
3585 3587
3578 3588
3583 3589
3584 3590
3585 3591
3584 3592
3592 3593
3586 3594
3594 3595
3595 3596
3591 3597
3595 3598
3593 3599
3596 3600
3592 3601
3593 3602
3601 3603
3594 3604
3597 3605
3605 3606
3600 3607
3606 3608
3600 3609
3600 3610
3609 3611
3605 3612
3603 3613
3608 3614
3609 3615
3610 3616
3608 3617
3608 3618
3613 3619
3615 3620
3618 3621
3613 3622
3615 3623
3622 3624
3624 3625
3620 3626
3620 3627
3627 3628
3628 3629
3626 3630
3627 3631
3631 3632
3630 3633
3633 3634
3627 3635
3626 3636
3630 3637
3631 3638
3637 3639
3632 3640
3635 3641
3632 3642
3634 3643
3634 3644
3642 3645
3637 3646
3639 3647
3642 3648
3641 3649
3647 3650
3650 3651
3648 3652
3651 3653
3653 3654
3649 3655
3650 3656
3647 3657
3657 3658
3655 3659
3651 3660
3659 3661
3658 3662
3654 3663
3654 3664
3659 3665
3656 3666
3659 3667
3659 3668
3660 3669
3667 3670
3667 3671
3668 3672
3663 3673
3671 3674
3674 3675
3668 3676
3672 3677
3669 3678
3673 3679
3673 3680
3678 3681
3676 3682
3682 3683
3675 3684
3683 3685
3680 3686
3682 3687
3686 3688
3684 3689
3689 3690
3683 3691
3691 3692
3691 3693
3690 3694
3691 3695
3695 3696
3692 3697
3693 3698
3693 3699
3690 3700
3693 3701
3697 3702
3696 3703
3702 3704
3703 3705
3696 3706
3704 3707
3700 3708
3707 3709
3707 3710
3702 3711
3710 3712
3712 3713
3709 3714
3711 3715
3707 3716
3710 3717
3716 3718
3712 3719
3712 3720
3718 3721
3720 3722
3719 3723
3722 3724
3715 3725
3725 3726
3721 3727
3727 3728
3727 3729
3729 3730
3729 3731
3722 3732
3730 3733
3729 3734
3734 3735
3729 3736
3728 3737
3729 3738
3732 3739
3730 3740
3736 3741
3736 3742
3734 3743
3742 3744
3735 3745
3739 3746
3744 3747
3742 3748
3743 3749
3748 3750
3746 3751
3747 3752
3746 3753
3744 3754
3753 3755
3749 3756
3756 3757
3750 3758
3756 3759
3757 3760
3757 3761
3759 3762
3758 3763
3763 3764
3758 3765
3759 3766
3762 3767
3765 3768
3759 3769
3769 3770
3762 3771
3764 3772
3766 3773
3772 3774
3770 3775
3770 3776
3771 3777
3773 3778
3769 3779
3772 3780
3771 3781
3778 3782
3778 3783
3776 3784
3779 3785
3784 3786
3778 3787
3787 3788
3782 3789
3783 3790
3784 3791
3782 3792
3783 3793
3785 3794
3794 3795
3793 3796
3795 3797
3794 3798
3798 3799
3796 3800
3797 3801
3792 3802
3793 3803
3802 3804
3804 3805
3799 3806
3798 3807
3806 3808
3799 3809
3804 3810
3805 3811
3811 3812
3803 3813
3811 3814
3805 3815
3807 3816
3808 3817
3815 3818
3812 3819
3815 3820
3814 3821
3817 3822
3817 3823
3822 3824
3822 3825
3817 3826
3823 3827
3826 3828
3826 3829
3829 3830
3828 3831
3830 3832
3828 3833
3829 3834
3833 3835
3829 3836
3828 3837
3834 3838
3832 3839
3833 3840
3832 3841
3838 3842
3833 3843
3835 3844
3843 3845
3844 3846
3841 3847
3846 3848
3846 3849
3841 3850
3847 3851
3849 3852
3850 3853
3845 3854
3850 3855
3850 3856
3851 3857
3852 3858
3856 3859
3857 3860
3853 3861
3861 3862
3859 3863
3861 3864
3863 3865
3862 3866
3860 3867
3861 3868
3868 3869
3864 3870
3864 3871
3867 3872
3870 3873
3870 3874
3873 3875
3870 3876
3872 3877
3873 3878
3871 3879
3872 3880
3874 3881
3873 3882
3879 3883
3876 3884
3884 3885
3879 3886
3886 3887
3886 3888
3882 3889
3885 3890
3885 3891
3885 3892
3887 3893
3885 3894
3888 3895
3893 3896
3895 3897
3895 3898
3892 3899
3890 3900
3892 3901
3901 3902
3897 3903
3900 3904
3899 3905
3903 3906
3905 3907
3901 3908
3903 3909
3908 3910
3904 3911
3904 3912
3910 3913
3905 3914
3914 3915
3915 3916
3910 3917
3908 3918
3918 3919
3912 3920
3913 3921
3918 3922
3917 3923
3914 3924
3924 3925
3916 3926
3918 3927
3925 3928
3927 3929
3926 3930
3929 3931
3928 3932
3931 3933
3930 3934
3933 3935
3934 3936
3927 3937
3931 3938
3929 3939
3933 3940
3932 3941
3939 3942
3937 3943
3941 3944
3941 3945
3936 3946
3945 3947
3938 3948
3940 3949
3943 3950
3946 3951
3946 3952
3948 3953
3948 3954
3954 3955
3946 3956
3952 3957
3952 3958
3954 3959
3956 3960
3954 3961
3957 3962
3956 3963
3961 3964
3958 3965
3964 3966
3965 3967
3964 3968
3961 3969
3969 3970
3966 3971
3965 3972
3963 3973
3973 3974
3970 3975
3969 3976
3972 3977
3972 3978
3973 3979
3972 3980
3975 3981
3976 3982
3976 3983
3982 3984
3981 3985
3978 3986
3984 3987
3978 3988
3980 3989
3986 3990
3983 3991
3984 3992
3991 3993
3988 3994
3991 3995
3992 3996
3991 3997
3992 3998
3994 3999
3994 4000
3995 4001
3998 4002
3997 4003
4002 4004
4001 4005
3997 4006
4006 4007
4007 4008
4000 4009
4004 4010
4001 4011
4010 4012
4011 4013
4006 4014
4008 4015
4010 4016
4011 4017
4008 4018
4013 4019
4015 4020
4019 4021
4019 4022
4016 4023
4016 4024
4015 4025
4024 4026
4022 4027
4022 4028
4028 4029
4025 4030
4024 4031
4028 4032
4027 4033
4030 4034
4028 4035
4032 4036
4036 4037
4029 4038
4030 4039
4039 4040
4039 4041
4038 4042
4037 4043
4039 4044
4041 4045
4041 4046
4044 4047
4046 4048
4043 4049
4042 4050
4046 4051
4042 4052
4047 4053
4044 4054
4048 4055
4047 4056
4049 4057
4050 4058
4053 4059
4050 4060
4051 4061
4052 4062
4056 4063
4055 4064
4061 4065
4063 4066
4066 4067
4058 4068
4065 4069
4063 4070
4065 4071
4064 4072
4070 4073
4066 4074
4066 4075
4074 4076
4067 4077
4069 4078
4069 4079
4071 4080
4075 4081
4079 4082
4076 4083
4075 4084
4081 4085
4080 4086
4083 4087
4079 4088
4079 4089
4088 4090
4085 4091
4089 4092
4092 4093
4093 4094
4094 4095
4094 4096
4087 4097
4092 4098
4098 4099
4092 4100
4096 4101
4101 4102
4101 4103
4095 4104
4104 4105
4104 4106
4098 4107
4099 4108
4101 4109
4103 4110
4105 4111
4102 4112
4107 4113
4105 4114
4107 4115
4106 4116
4110 4117
4112 4118
4115 4119
4116 4120
4119 4121
4112 4122
4115 4123
4115 4124
4122 4125
4118 4126
4117 4127
4121 4128
4125 4129
4125 4130
4126 4131
4128 4132
4129 4133
4133 4134
4128 4135
4132 4136
4136 4137
4136 4138
4138 4139
4130 4140
4137 4141
4134 4142
4138 4143
4136 4144
4138 4145
4145 4146
4139 4147
4143 4148
4146 4149
4148 4150
4150 4151
4144 4152
4147 4153
4149 4154
4152 4155
4154 4156
4153 4157
4151 4158
4150 4159
4153 4160
4160 4161
4161 4162
4161 4163
4159 4164
4159 4165
4156 4166
4164 4167
4160 4168
4165 4169
4165 4170
4161 4171
4166 4172
4165 4173
4171 4174
4168 4175
4166 4176
4175 4177
4170 4178
4174 4179
4174 4180
4177 4181
4175 4182
4176 4183
4177 4184
4180 4185
4180 4186
4179 4187
4178 4188
4183 4189
4180 4190
4184 4191
4191 4192
4184 4193
4189 4194
4190 4195
4192 4196
4194 4197
4192 4198
4189 4199
4193 4200
4197 4201
4193 4202
4202 4203
4197 4204
4204 4205
4197 4206
4201 4207
4206 4208
4206 4209
4201 4210
4206 4211
4208 4212
4209 4213
4212 4214
4210 4215
4207 4216
4208 4217
4216 4218
4210 4219
4213 4220
4218 4221
4221 4222
4217 4223
4214 4224
4218 4225
4222 4226
4224 4227
4220 4228
4221 4229
4221 4230
4222 4231
4230 4232
4223 4233
4232 4234
4229 4235
4235 4236
4235 4237
4228 4238
4230 4239
4235 4240
4237 4241
4241 4242
4233 4243
4238 4244
4237 4245
4242 4246
4237 4247
4242 4248
4248 4249
4241 4250
4247 4251
4250 4252
4250 4253
4253 4254
4247 4255
4254 4256
4253 4257
4248 4258
4250 4259
4253 4260
4257 4261
4255 4262
4262 4263
4259 4264
4262 4265
4256 4266
4261 4267
4262 4268
4263 4269
4261 4270
4270 4271
4269 4272
4266 4273
4272 4274
4268 4275
4270 4276
4271 4277
4271 4278
4277 4279
4273 4280
4271 4281
4278 4282
4279 4283
4282 4284
4277 4285
4285 4286
4283 4287
4280 4288
4285 4289
4287 4290
4287 4291
4284 4292
4291 4293
4285 4294
4290 4295
4294 4296
4295 4297
4296 4298
4294 4299
4292 4300
4300 4301
4295 4302
4298 4303
4298 4304
4296 4305
4303 4306
4304 4307
4304 4308
4305 4309
4303 4310
4303 4311
4303 4312
4308 4313
4305 4314
4312 4315
4313 4316
4312 4317
4316 4318
4311 4319
4319 4320
4318 4321
4315 4322
4322 4323
4314 4324
4316 4325
4320 4326
4323 4327
4321 4328
4322 4329
4324 4330
4324 4331
4323 4332
4325 4333
4331 4334
4328 4335
4327 4336
4334 4337
4335 4338
4338 4339
4337 4340
4334 4341
4334 4342
4333 4343
4342 4344
4339 4345
4343 4346
4338 4347
4341 4348
4339 4349
4345 4350
4349 4351
4347 4352
4345 4353
4349 4354
4348 4355
4346 4356
4353 4357
4357 4358
4350 4359
4355 4360
4353 4361
4358 4362
4360 4363
4361 4364
4358 4365
4357 4366
4357 4367
4365 4368
4359 4369
4364 4370
4370 4371
4367 4372
4367 4373
4372 4374
4367 4375
4367 4376
4369 4377
4373 4378
4371 4379
4374 4380
4376 4381
4372 4382
4379 4383
4378 4384
4383 4385
4385 4386
4384 4387
4387 4388
4384 4389
4387 4390
4386 4391
4387 4392
4392 4393
4389 4394
4390 4395
4394 4396
4389 4397
4394 4398
4397 4399
4396 4400
4397 4401
4396 4402
4399 4403
4399 4404
4395 4405
4399 4406
4401 4407
4405 4408
4405 4409
4406 4410
4408 4411
4408 4412
4405 4413
4413 4414
4408 4415
4407 4416
4409 4417
4410 4418
4412 4419
4418 4420
4417 4421
4419 4422
4422 4423
4423 4424
4416 4425
4417 4426
4426 4427
4422 4428
4421 4429
4426 4430
4429 4431
4427 4432
4432 4433
4431 4434
4429 4435
4427 4436
4436 4437
4431 4438
4429 4439
4436 4440
4435 4441
4436 4442
4433 4443
4435 4444
4436 4445
4444 4446
4444 4447
4446 4448
4443 4449
4447 4450
4447 4451
4448 4452
4446 4453
4449 4454
4454 4455
4446 4456
4451 4457
4450 4458
4454 4459
4459 4460
4458 4461
4457 4462
4453 4463
4463 4464
4459 4465
4462 4466
4466 4467
4467 4468
4460 4469
4468 4470
4462 4471
4468 4472
4463 4473
4470 4474
4465 4475
4474 4476
4468 4477
4474 4478
4471 4479
4470 4480
4471 4481
4475 4482
4473 4483
4482 4484
4479 4485
4482 4486
4479 4487
4485 4488
4480 4489
4480 4490
4482 4491
4483 4492
4487 4493
4485 4494
4485 4495
4490 4496
4489 4497
4495 4498
4492 4499
4495 4500
4495 4501
4500 4502
4499 4503
4498 4504
4495 4505
4496 4506
4504 4507
4506 4508
4499 4509
4507 4510
4505 4511
4505 4512
4510 4513
4507 4514
4508 4515
4512 4516
4516 4517
4511 4518
4512 4519
4512 4520
4516 4521
4516 4522
4515 4523
4516 4524
4520 4525
4518 4526
4521 4527
4524 4528
4521 4529
4525 4530
4521 4531
4524 4532
4529 4533
4524 4534
4532 4535
4531 4536
4532 4537
4534 4538
4534 4539
4537 4540
4536 4541
4538 4542
4541 4543
4539 4544
4537 4545
4544 4546
4537 4547
4542 4548
4544 4549
4541 4550
4546 4551
4544 4552
4550 4553
4545 4554
4554 4555
4547 4556
4550 4557
4556 4558
4556 4559
4553 4560
4553 4561
4555 4562
4560 4563
4561 4564
4560 4565
4562 4566
4561 4567
4564 4568
4566 4569
4560 4570
4565 4571
4566 4572
4568 4573
4570 4574
4567 4575
4572 4576
4571 4577
4568 4578
4576 4579
4577 4580
4573 4581
4581 4582
4578 4583
4575 4584
4578 4585
4580 4586
4581 4587
4582 4588
4582 4589
4587 4590
4588 4591
4591 4592
4585 4593
4592 4594
4593 4595
4586 4596
4589 4597
4594 4598
4598 4599
4595 4600
4598 4601
4600 4602
4602 4603
4600 4604
4600 4605
4604 4606
4605 4607
4600 4608
4608 4609
4607 4610
4603 4611
4607 4612
4607 4613
4611 4614
4605 4615
4611 4616
4609 4617
4609 4618
4618 4619
4614 4620
4620 4621
4620 4622
4613 4623
4614 4624
4617 4625
4619 4626
4621 4627
4627 4628
4628 4629
4626 4630
4627 4631
4627 4632
4623 4633
4626 4634
4629 4635
4630 4636
4636 4637
4632 4638
4633 4639
4639 4640
4634 4641
4633 4642
4638 4643
4636 4644
4636 4645
4641 4646
4639 4647
4644 4648
4646 4649
4641 4650
4646 4651
4647 4652
4646 4653
4653 4654
4653 4655
4651 4656
4647 4657
4648 4658
4650 4659
4654 4660
4657 4661
4654 4662
4660 4663
4656 4664
4659 4665
4660 4666
4666 4667
4659 4668
4663 4669
4661 4670
4662 4671
4666 4672
4665 4673
4664 4674
4674 4675
4675 4676
4672 4677
4668 4678
4677 4679
4677 4680
4674 4681
4677 4682
4677 4683
4682 4684
4675 4685
4677 4686
4683 4687
4680 4688
4680 4689
4683 4690
4681 4691
4683 4692
4690 4693
4692 4694
4685 4695
4689 4696
4694 4697
4692 4698
4690 4699
4693 4700
4691 4701
4696 4702
4700 4703
4697 4704
4696 4705
4703 4706
4702 4707
4705 4708
4700 4709
4709 4710
4704 4711
4711 4712
4712 4713
4704 4714
4713 4715
4709 4716
4714 4717
4711 4718
4716 4719
4717 4720
4717 4721
4717 4722
4715 4723
4718 4724
4716 4725
4718 4726
4726 4727
4718 4728
4720 4729
4729 4730
4727 4731
4727 4732
4729 4733
4733 4734
4730 4735
4730 4736
4731 4737
4730 4738
4732 4739
4737 4740
4736 4741
4741 4742
4740 4743
4734 4744
4743 4745
4744 4746
4742 4747
4741 4748
4746 4749
4741 4750
4746 4751
4747 4752
4746 4753
4744 4754
4750 4755
4749 4756
4749 4757
4755 4758
4756 4759
4758 4760
4753 4761
4752 4762
4756 4763
4762 4764
4759 4765
4759 4766
4757 4767
4765 4768
4767 4769
4765 4770
4765 4771
4764 4772
4767 4773
4766 4774
4767 4775
4769 4776
4770 4777
4774 4778
4773 4779
4774 4780
4779 4781
4780 4782
4774 4783
4781 4784
4784 4785
4782 4786
4784 4787
4779 4788
4784 4789
4787 4790
4786 4791
4782 4792
4784 4793
4785 4794
4792 4795
4786 4796
4792 4797
4788 4798
4798 4799
4793 4800
4797 4801
4792 4802
4799 4803
4794 4804
4799 4805
4801 4806
4805 4807
4803 4808
4807 4809
4807 4810
4803 4811
4804 4812
4806 4813
4811 4814
4806 4815
4810 4816
4808 4817
4808 4818
4810 4819
4818 4820
4820 4821
4814 4822
4816 4823
4821 4824
4821 4825
4820 4826
4819 4827
4822 4828
4822 4829
4825 4830
4827 4831
4825 4832
4824 4833
4831 4834
4831 4835
4833 4836
4836 4837
4834 4838
4835 4839
4834 4840
4840 4841
4836 4842
4839 4843
4836 4844
4840 4845
4845 4846
4846 4847
4842 4848
4844 4849
4843 4850
4843 4851
4846 4852
4851 4853
4852 4854
4845 4855
4846 4856
4851 4857
4848 4858
4854 4859
4859 4860
4852 4861
4854 4862
4860 4863
4861 4864
4861 4865
4857 4866
4866 4867
4867 4868
4864 4869
4864 4870
4861 4871
4865 4872
4870 4873
4871 4874
4869 4875
4870 4876
4874 4877
4875 4878
4870 4879
4872 4880
4874 4881
4878 4882
4879 4883
4874 4884
4881 4885
4880 4886
4880 4887
4882 4888
4879 4889
4883 4890
4886 4891
4884 4892
4891 4893
4887 4894
4886 4895
4894 4896
4894 4897
4896 4898
4896 4899
4898 4900
4897 4901
4900 4902
4893 4903
4900 4904
4897 4905
4898 4906
4898 4907
4902 4908
4907 4909
4905 4910
4902 4911
4906 4912
4909 4913
4911 4914
4911 4915
4914 4916
4907 4917
4910 4918
4918 4919
4912 4920
4912 4921
4912 4922
4914 4923
4915 4924
4922 4925
4921 4926
4921 4927
4920 4928
4927 4929
4926 4930
4926 4931
4930 4932
4927 4933
4927 4934
4925 4935
4930 4936
4930 4937
4931 4938
4930 4939
4934 4940
4938 4941
4935 4942
4938 4943
4942 4944
4935 4945
4942 4946
4942 4947
4944 4948
4939 4949
4949 4950
4945 4951
4947 4952
4946 4953
4950 4954
4951 4955
4949 4956
4954 4957
4954 4958
4958 4959
4956 4960
4955 4961
4957 4962
4960 4963
4955 4964
4964 4965
4959 4966
4963 4967
4958 4968
4968 4969
4969 4970
4968 4971
4964 4972
4967 4973
4966 4974
4974 4975
4975 4976
4976 4977
4970 4978
4974 4979
4978 4980
4974 4981
4976 4982
4978 4983
4983 4984
4978 4985
4977 4986
4985 4987
4978 4988
4979 4989
4987 4990
4981 4991
4983 4992
4989 4993
4993 4994
4989 4995
4993 4996
4990 4997
4988 4998
4994 4999
4998 5000
2
1 907 
2
1 1392 
2
1 2284 
1 4422 
2
1 752 
2
1 1371 
1 238 
1 4241 
2
1 3074 
2
1 4440 
1 4955 
1 3591 
1 4364 
2
1 3736 
1 563 
1 4106 
2
1 395 
1 3487 
1 2485 
2
1 3534 
1 3056 
1 420 
2
1 270 
2
1 2416 
1 2873 
1 3130 
1 4909 
1 728 
1 3690 
1 1606 
1 4465 
1 3038 
1 4660 
2
1 2735 
2
1 1020 
2
1 3491 
2
1 2077 
2
1 1244 
1 3754 
1 2751 
2
1 649 
2
1 547 
1 3858 
2
1 2671 
1 2668 
2
1 1868 
1 4463 
2
1 1190 
2
1 4050 
1 2637 
1 3183 
2
1 571 
1 3241 
1 2260 
1 3355 
2
1 4368 
2
1 973 
1 4506 
2
1 308 
1 4842 
2
1 1123 
1 715 
2
1 986 
1 2243 
1 1610 
2
1 1533 
1 2390 
2
1 2997 
2
1 1053 
1 3527 
2
1 1951 
1 2936 
2
1 2356 
1 2916 
1 4448 
1 1837 
2
1 3538 
2
1 4439 
1 2965 
2
1 2900 
1 2187 
2
1 1349 
1 4264 
2
1 498 
2
1 4312 
1 2698 
2
1 3346 
2
1 4540 
2
1 3486 
2
1 799 
1 2653 
1 894 
1 25 
2
1 4148 
1 548 
2
1 184 
2
1 3741 
1 2226 
1 4084 
1 752 
1 1417 
2
1 4944 
2
1 634 
1 1181 
2
1 4879 
1 953 
1 3980 
2
1 1427 
1 3530 
2
1 889 
2
1 3794 
1 4427 
1 1959 
2
1 4253 
2
1 2326 
1 4670 
1 2448 
1 978 
2
1 4931 
2
1 3023 
1 3801 
1 759 
1 494 
1 1192 
1 4994 
1 4772 
2
1 3160 
2
1 3715 
2
1 3930 
2
1 4783 
2
1 4238 
1 52 
2
1 2038 
2
1 4693 
2
1 2588 
1 1317 
1 2924 
1 3906 
2
1 4640 
1 3877 
2
1 4395 
2
1 1464 
1 2508 
1 44 
2
1 4066 
2
1 4337 
2
1 3409 
2
1 4217 
2
1 4152 
1 3206 
2
1 2285 
2
1 1794 
1 2610 
1 2367 
2
1 560 
1 4197 
1 3413 
2
1 1633 
2
1 3765 
2
1 3013 
1 4806 
2
1 4702 
2
1 3452 
1 3420 
1 3383 
2
1 4311 
2
1 2853 
2
1 167 
2
1 120 
2
1 4757 
2
1 3194 
1 415 
2
1 2366 
1 4582 
1 3430 
1 4819 
2
1 1836 
1 1955 
2
1 3151 
2
1 2289 
1 2703 
2
1 1550 
1 1131 
1 912 
1 730 
1 2067 
2
1 986 
2
1 14 
2
1 1748 
1 802 
1 3039 
2
1 3320 
2
1 1200 
2
1 1406 
1 4876 
1 1740 
2
1 1003 
1 2751 
2
1 2978 
1 167 
2
1 4167 
2
1 2064 
1 3469 
1 4697 
2
1 4183 
2
1 2808 
2
1 4650 
1 4100 
1 865 
1 31 
2
1 4853 
1 4674 
1 4370 
2
1 3556 
1 93 
1 3027 
1 2217 
1 4349 
2
1 3821 
1 3716 
1 342 
2
1 3750 
1 2342 
1 2860 
1 2538 
1 65 
1 2065 
2
1 2963 
2
1 4124 
2
1 637 
2
1 3626 
2
1 1543 
2
1 2785 
2
1 4132 
1 2548 
2
1 3923 
2
1 4907 
2
1 1466 
1 1883 
2
1 1674 
1 3204 
1 3623 
1 2754 
2
1 4305 
1 3227 
2
1 856 
2
1 4788 
1 3022 
1 826 
2
1 2893 
2
1 2612 
2
1 2316 
2
1 2879 
2
1 4211 
2
1 2635 
2
1 1501 
2
1 1747 
2
1 2273 
1 1236 
2
1 4450 
1 3283 
1 4418 
2
1 3690 
2
1 2149 
2
1 588 
2
1 4635 
2
1 801 
1 278 
1 675 
2
1 3852 
1 4819 
1 223 
2
1 21 
1 1961 
2
1 4914 
2
1 2032 
2
1 4466 
2
1 2511 
2
1 4934 
1 272 
1 483 
1 4361 
1 4641 
1 4554 
2
1 1006 
2
1 889 
2
1 1179 
1 4077 
2
1 2898 
2
1 1237 
1 1043 
1 3786 
2
1 2902 
1 4325 
1 1565 
2
1 832 
2
1 453 
2
1 544 
2
1 3230 
1 3288 
2
1 4597 
2
1 4889 
2
1 140 
1 1857 
2
1 242 
1 2976 
2
1 3979 
2
1 2226 
1 2888 
2
1 4827 
1 4754 
2
1 4864 
2
1 880 
1 2076 
1 1621 
1 1951 
1 805 
2
1 1459 
1 4120 
1 3021 
2
1 1336 
1 789 
2
1 3864 
1 4981 
2
1 3660 
2
1 2315 
2
1 3614 
1 304 
1 395 
1 3083 
1 3871 
2
1 4533 
2
1 2153 
1 2164 
2
1 268 
1 1744 
2
1 4856 
1 250 
1 4684 
1 3554 
1 2209 
1 2670 
2
1 4933 
2
1 3763 
2
1 3195 
1 534 
2
1 3364 
2
1 3947 
2
1 2992 
1 1756 
2
1 1061 
1 893 
2
1 1637 
1 4895 
2
1 2598 
2
1 2377 
2
1 3722 
1 234 
2
1 299 
1 3163 
2
1 3246 
2
1 3304 
1 727 
1 3694 
2
1 3179 
2
1 1890 
1 1961 
1 2260 
1 1774 
2
1 2208 
1 3901 
2
1 3296 
1 1989 
2
1 4305 
2
1 2569 
1 4530 
1 3141 
1 4914 
2
1 4601 
2
1 2006 
2
1 583 
1 3060 
1 2364 
2
1 252 
1 1133 
1 4273 
1 539 
2
1 3407 
2
1 4237 
2
1 360 
2
1 3080 
1 4411 
1 1015 
1 2147 
1 1420 
1 3310 
2
1 4944 
1 907 
1 1577 
1 4004 
1 2084 
1 2846 
1 3860 
1 2359 
1 130 
1 3439 
2
1 1466 
2
1 1934 
1 332 
2
1 200 
1 3129 
2
1 796 
2
1 2656 
2
1 3354 
1 3559 
2
1 1257 
2
1 2354 
1 3009 
2
1 3498 
2
1 3590 
1 107 
2
1 320 
2
1 1885 
2
1 544 
2
1 1882 
1 3624 
1 3269 
1 1043 
1 4632 
1 1090 
1 387 
2
1 4338 
2
1 4768 
1 683 
2
1 416 
1 4089 
1 2611 
1 4101 
2
1 4463 
1 1202 
1 4239 
2
1 300 
1 171 
1 3275 
2
1 1576 
1 586 
1 4708 
1 2418 
2
1 185 
1 4467 
2
1 2263 
1 4595 
1 1230 
1 984 
2
1 2273 
2
1 4403 
2
1 402 
1 1938 
1 1405 
2
1 693 
2
1 848 
2
1 3445 
1 3908 
2
1 4953 
1 3134 
1 4887 
1 1825 
2
1 817 
1 2861 
2
1 2237 
2
1 4713 
2
1 2595 
1 2547 
1 2033 
2
1 1750 
1 4137 
2
1 4446 
1 835 
1 4423 
1 2073 
1 4705 
2
1 4251 
1 4886 
1 3049 
1 4428 
2
1 1922 
2
1 3933 
1 3949 
2
1 574 
1 1630 
2
1 1292 
1 1177 
1 578 
2
1 1251 
1 3172 
2
1 4380 
2
1 1923 
2
1 4796 
2
1 984 
2
1 125 
1 721 
2
1 2590 
2
1 2748 
2
1 1150 
2
1 3782 
1 2629 
2
1 2748 
2
1 696 
2
1 2405 
2
1 4001 
2
1 4315 
1 2875 
2
1 4469 
1 1716 
1 4364 
1 4348 
2
1 3446 
1 850 
2
1 1263 
2
1 4286 
2
1 1691 
2
1 2940 
2
1 2796 
1 3537 
2
1 684 
2
1 351 
2
1 878 
2
1 2053 
2
1 1309 
1 2468 
2
1 4869 
2
1 4822 
1 2677 
1 31 
1 4646 
1 523 
2
1 376 
2
1 3162 
1 1981 
2
1 3068 
1 2231 
2
1 1900 
1 3282 
1 4279 
1 1153 
2
1 673 
2
1 2459 
2
1 3601 
1 1668 
1 3898 
2
1 3527 
1 3161 
1 3791 
1 4944 
2
1 3084 
2
1 4759 
2
1 593 
1 3612 
1 2510 
2
1 1899 
2
1 885 
2
1 3285 
2
1 3349 
2
1 3596 
1 2230 
2
1 3908 
2
1 1347 
1 1555 
1 2576 
1 301 
1 3585 
1 1224 
1 1162 
1 858 
2
1 3484 
1 969 
2
1 698 
2
1 4530 
2
1 4449 
2
1 752 
1 790 
1 2118 
2
1 3110 
2
1 4145 
1 1906 
1 4031 
1 4912 
2
1 1364 
2
1 2292 
2
1 1350 
1 3981 
2
1 2998 
2
1 1018 
2
1 1156 
1 711 
2
1 1124 
1 124 
1 1147 
2
1 2952 
2
1 1279 
1 1118 
1 3487 
2
1 963 
1 1673 
1 3509 
2
1 2773 
1 3920 
1 2768 
2
1 2141 
1 4655 
2
1 1532 
1 3583 
1 615 
2
1 1744 
1 2276 
1 4827 
2
1 1537 
2
1 3717 
1 3371 
1 4033 
2
1 919 
2
1 1541 
2
1 1454 
2
1 736 
2
1 565 
1 2339 
1 2394 
1 1846 
1 2829 
2
1 4339 
2
1 917 
1 2371 
2
1 4897 
2
1 3783 
2
1 2748 
1 4544 
2
1 3316 
2
1 990 
2
1 1436 
1 3301 
1 3430 
1 1647 
1 1781 
2
1 4856 
2
1 1573 
2
1 4425 
2
1 2305 
1 92 
2
1 4830 
2
1 3995 
2
1 2953 
2
1 1953 
1 2704 
2
1 2989 
1 1434 
1 920 
1 3717 
2
1 4219 
1 3214 
2
1 1176 
2
1 3123 
1 2178 
2
1 3332 
2
1 704 
2
1 735 
1 966 
1 3018 
1 1241 
1 3769 
1 2149 
1 4557 
2
1 1090 
2
1 619 
2
1 3725 
1 2581 
2
1 1313 
2
1 3539 
2
1 2455 
2
1 2082 
2
1 4323 
2
1 4572 
2
1 1286 
2
1 3837 
1 149 
1 4054 
1 3078 
1 4251 
1 1333 
2
1 4692 
1 4012 
2
1 4789 
1 420 
2
1 960 
2
1 4859 
1 2936 
1 2187 
1 3519 
2
1 1567 
2
1 945 
1 733 
1 2505 
2
1 630 
2
1 3236 
1 1172 
1 4710 
1 4580 
2
1 3006 
1 4936 
1 440 
2
1 134 
1 4098 
2
1 623 
1 2114 
2
1 533 
2
1 341 
2
1 2832 
1 4729 
2
1 163 
1 2641 
1 2101 
2
1 4240 
2
1 3851 
2
1 329 
2
1 3615 
1 3685 
2
1 1957 
1 1144 
1 3370 
2
1 252 
2
1 1202 
1 2221 
1 2550 
2
1 4344 
2
1 2243 
1 4199 
1 1694 
2
1 2249 
1 2501 
2
1 4905 
1 2126 
1 1027 
2
1 2975 
1 2354 
1 66 
1 3977 
1 376 
1 4066 
2
1 1880 
1 3816 
2
1 1000 
1 2573 
2
1 3003 
2
1 4800 
2
1 1038 
2
1 2065 
2
1 41 
2
1 1228 
2
1 563 
2
1 3463 
1 2817 
1 3131 
2
1 1687 
1 3542 
2
1 3947 
1 6 
1 1233 
2
1 2352 
2
1 2746 
1 1915 
1 1397 
2
1 4377 
2
1 2537 
1 1483 
1 2841 
1 4073 
2
1 1918 
2
1 718 
1 2632 
2
1 1617 
1 993 
2
1 409 
2
1 519 
2
1 1721 
2
1 3814 
2
1 3533 
2
1 1729 
1 2108 
2
1 2796 
2
1 1484 
1 1079 
1 2161 
2
1 1916 
1 3989 
1 3873 
2
1 1956 
2
1 4729 
1 3877 
2
1 3968 
1 1398 
1 4910 
2
1 4271 
2
1 1232 
2
1 3389 
2
1 3140 
1 4548 
1 680 
1 999 
1 2396 
1 2305 
1 3586 
1 2348 
2
1 3837 
2
1 4807 
2
1 3740 
1 10 
2
1 2192 
2
1 398 
1 518 
1 1261 
2
1 1718 
2
1 3556 
1 1254 
2
1 2055 
1 3248 
2
1 3191 
2
1 3370 
1 914 
2
1 2385 
1 909 
2
1 4761 
2
1 106 
2
1 2472 
2
1 4745 
2
1 1590 
1 3400 
2
1 3853 
2
1 1300 
1 2116 
1 1888 
1 1653 
2
1 3113 
2
1 572 
2
1 2868 
1 4968 
2
1 2583 
2
1 2574 
2
1 2908 
1 3173 
2
1 4069 
1 4286 
1 2320 
1 1539 
1 1506 
2
1 1655 
1 1889 
1 590 
1 1178 
1 3419 
2
1 3982 
1 941 
1 2285 
1 2814 
2
1 664 
1 238 
2
1 4363 
2
1 3546 
2
1 440 
1 773 
1 1713 
1 350 
1 3163 
1 1399 
2
1 4061 
2
1 3981 
2
1 333 
2
1 2355 
2
1 1252 
2
1 1268 
1 733 
1 4093 
1 321 
2
1 1810 
1 3597 
2
1 4209 
2
1 1091 
2
1 2571 
1 3839 
1 923 
1 1367 
1 1687 
1 2976 
2
1 1834 
1 2114 
1 2393 
2
1 4627 
2
1 4064 
1 3875 
1 1238 
1 2680 
1 911 
1 79 
2
1 2983 
2
1 3203 
1 3029 
1 3129 
1 3420 
1 4632 
1 2211 
1 2827 
2
1 4167 
2
1 4160 
1 4075 
2
1 1509 
1 4526 
2
1 1451 
1 2434 
1 996 
2
1 797 
2
1 2485 
1 1644 
1 2071 
2
1 957 
2
1 1307 
2
1 3425 
2
1 1156 
2
1 2712 
2
1 3437 
1 1262 
1 2760 
1 4781 
1 1704 
2
1 4770 
1 3194 
2
1 1993 
2
1 1611 
1 2267 
1 4530 
1 2344 
2
1 4414 
2
1 145 
2
1 2304 
1 1789 
2
1 4209 
2
1 12 
2
1 2329 
1 1893 
2
1 914 
2
1 366 
1 3548 
1 3846 
1 507 
1 1068 
2
1 404 
2
1 220 
2
1 2008 
1 4273 
2
1 3920 
2
1 4222 
2
1 2866 
1 47 
2
1 180 
2
1 265 
2
1 4814 
1 93 
2
1 543 
1 3803 
1 2324 
2
1 1570 
1 3511 
1 42 
2
1 1420 
2
1 3469 
2
1 2653 
2
1 924 
1 1660 
1 59 
1 1629 
1 1491 
2
1 2339 
1 111 
2
1 353 
1 265 
1 1345 
2
1 1005 
2
1 2027 
1 7 
1 1497 
2
1 1647 
1 1757 
2
1 836 
1 1101 
2
1 2127 
2
1 4117 
1 1143 
1 2501 
1 3998 
1 4730 
1 2594 
1 3501 
1 3511 
2
1 3019 
1 168 
1 4284 
1 1779 
1 631 
1 4628 
1 710 
1 4655 
1 3155 
2
1 1145 
1 515 
1 682 
1 1318 
1 4448 
1 78 
1 1058 
2
1 1776 
2
1 3268 
2
1 3945 
2
1 2351 
2
1 3470 
1 54 
2
1 2620 
2
1 3987 
2
1 4643 
1 367 
1 4706 
2
1 2060 
1 4579 
1 3049 
1 4454 
1 1188 
2
1 1605 
2
1 4902 
1 4779 
2
1 3513 
2
1 4727 
2
1 2798 
2
1 2011 
1 2893 
2
1 277 
1 4075 
2
1 1476 
2
1 1115 
1 500 
1 1335 
1 485 
2
1 4286 
1 2179 
2
1 1335 
2
1 1800 
1 4627 
2
1 3083 
1 4934 
1 2621 
1 3105 
1 373 
2
1 1412 
1 1646 
1 30 
1 1464 
1 3432 
2
1 2076 
2
1 2097 
1 4858 
1 2116 
1 4735 
1 2059 
1 2069 
2
1 3910 
2
1 3991 
1 1856 
2
1 56 
2
1 83 
1 3551 
2
1 3950 
2
1 1285 
1 2676 
1 1883 
2
1 4014 
2
1 2783 
2
1 2862 
1 512 
2
1 1659 
1 1580 
1 2864 
1 540 
2
1 875 
1 1240 
2
1 4169 
1 3529 
2
1 1240 
2
1 546 
2
1 1563 
2
1 1984 
2
1 2005 
2
1 1501 
1 1709 
1 940 
1 3373 
2
1 1813 
1 404 
1 1966 
2
1 139 
1 3147 
1 2888 
2
1 2996 
2
1 817 
2
1 741 
1 2553 
2
1 4992 
1 1795 
2
1 360 
1 4568 
2
1 2780 
1 2657 
1 4826 
2
1 440 
2
1 3693 
2
1 658 
1 1517 
2
1 214 
2
1 3566 
2
1 2052 
1 4823 
2
1 3154 
2
1 1597 
2
1 2779 
2
1 3618 
1 1846 
1 993 
2
1 4140 
2
1 1010 
1 1471 
2
1 4163 
1 1907 
1 1037 
2
1 4229 
2
1 2602 
1 1435 
1 574 
2
1 4347 
1 817 
2
1 2776 
2
1 240 
2
1 3335 
1 3279 
1 880 
2
1 2134 
1 471 
1 1169 
1 1985 
2
1 4915 
1 2301 
2
1 2776 
1 558 
1 766 
1 2096 
1 112 
2
1 349 
1 1587 
2
1 822 
2
1 4368 
1 90 
2
1 784 
2
1 3678 
2
1 3720 
2
1 243 
1 3905 
2
1 727 
2
1 3150 
1 2448 
2
1 1513 
2
1 316 
2
1 1461 
1 62 
1 4010 
2
1 1295 
2
1 505 
2
1 4282 
2
1 1486 
2
1 680 
1 2317 
2
1 2078 
1 1794 
1 1767 
1 2796 
2
1 4433 
1 67 
1 980 
2
1 589 
2
1 1824 
2
1 1689 
2
1 3386 
1 4265 
2
1 1582 
1 4158 
1 1864 
2
1 1854 
2
1 1264 
1 4523 
2
1 2926 
2
1 3283 
2
1 4743 
1 141 
1 4537 
1 3915 
2
1 4286 
1 1901 
2
1 2009 
1 1286 
1 3949 
1 875 
2
1 2860 
2
1 3852 
1 2766 
1 4886 
2
1 3458 
1 1233 
2
1 813 
2
1 2290 
1 1303 
2
1 3579 
1 2431 
1 196 
1 1433 
2
1 2172 
1 3404 
2
1 4758 
1 4519 
2
1 90 
2
1 2616 
1 1398 
2
1 4094 
1 1456 
1 3627 
1 3382 
2
1 435 
1 1305 
2
1 3981 
1 4583 
1 616 
2
1 2865 
2
1 279 
1 257 
1 4990 
2
1 1903 
1 3207 
2
1 1056 
1 1990 
1 2605 
1 3119 
1 3104 
1 3106 
2
1 4416 
1 2496 
2
1 4170 
1 4184 
1 105 
1 899 
1 2965 
1 4248 
2
1 1255 
1 1242 
1 2571 
2
1 608 
2
1 2523 
1 4036 
1 2539 
1 4998 
2
1 1923 
2
1 4677 
2
1 3484 
2
1 384 
1 2447 
2
1 2612 
2
1 3113 
1 3885 
2
1 2522 
1 833 
1 2282 
1 765 
2
1 2621 
2
1 2791 
2
1 833 
2
1 2342 
2
1 3655 
2
1 519 
1 751 
1 4604 
1 3296 
2
1 4115 
1 2110 
2
1 3400 
2
1 2044 
2
1 1439 
2
1 1778 
1 1702 
2
1 238 
2
1 4141 
2
1 2299 
1 1593 
2
1 4742 
1 4771 
2
1 1394 
2
1 4169 
1 4183 
1 3845 
1 2985 
2
1 2395 
1 3987 
2
1 3444 
1 3214 
1 3472 
2
1 2997 
2
1 384 
2
1 276 
2
1 1309 
1 1009 
1 1063 
1 858 
2
1 782 
1 1959 
2
1 311 
1 694 
2
1 4695 
2
1 706 
1 3066 
2
1 672 
1 4373 
1 1506 
1 3464 
2
1 3964 
1 1010 
2
1 1864 
1 3280 
2
1 663 
1 1143 
2
1 3511 
1 16 
2
1 1373 
1 337 
1 1346 
2
1 4837 
2
1 133 
1 795 
1 1937 
1 4416 
1 5 
2
1 1489 
1 4738 
1 590 
2
1 2529 
2
1 1974 
2
1 102 
2
1 4042 
2
1 3657 
2
1 409 
2
1 1271 
2
1 4664 
1 2192 
1 2226 
2
1 3159 
1 4548 
1 483 
2
1 2440 
2
1 4055 
1 1677 
1 4888 
2
1 3929 
2
1 4353 
2
1 4717 
2
1 4842 
2
1 735 
2
1 105 
1 4956 
1 2861 
1 3784 
1 2935 
2
1 4299 
1 367 
2
1 2359 
1 2381 
2
1 4914 
1 3844 
2
1 4198 
1 2981 
1 2267 
2
1 3991 
2
1 1495 
2
1 1819 
1 58 
1 1323 
1 1518 
1 3662 
2
1 1461 
1 79 
2
1 2828 
2
1 4675 
2
1 1872 
1 3281 
1 955 
2
1 762 
1 4241 
2
1 1076 
1 4914 
1 2741 
1 4925 
1 3373 
1 4401 
2
1 1983 
2
1 188 
1 1321 
2
1 4580 
1 3063 
2
1 3268 
2
1 2114 
1 2606 
1 1914 
2
1 1896 
1 3435 
1 4755 
2
1 874 
1 3936 
2
1 3195 
1 4091 
2
1 4794 
1 1707 
1 602 
2
1 3174 
2
1 3226 
2
1 1434 
2
1 810 
2
1 4104 
2
1 3357 
1 4031 
1 1716 
2
1 116 
1 3364 
2
1 4619 
2
1 3929 
1 3835 
2
1 448 
2
1 4888 
1 3106 
1 4630 
1 1097 
1 4460 
1 4857 
1 1687 
1 4877 
2
1 3327 
2
1 218 
1 3056 
2
1 4663 
2
1 1773 
1 2584 
1 2440 
1 4126 
2
1 1403 
2
1 1498 
2
1 3734 
2
1 418 
1 1094 
1 2866 
1 1801 
1 4241 
1 4718 
2
1 4377 
2
1 1477 
1 3191 
2
1 193 
2
1 473 
2
1 3954 
1 4174 
2
1 4996 
2
1 3223 
2
1 4277 
2
1 460 
1 4771 
1 251 
2
1 2592 
1 2108 
2
1 2292 
1 4091 
1 2313 
2
1 1448 
2
1 3487 
2
1 2042 
2
1 3029 
1 1749 
2
1 1635 
2
1 4037 
1 353 
2
1 994 
2
1 532 
2
1 4937 
1 4796 
1 1671 
2
1 345 
1 2528 
1 1564 
2
1 3459 
1 804 
1 79 
2
1 538 
2
1 2631 
1 653 
1 167 
1 1314 
2
1 167 
1 4787 
1 1869 
2
1 4948 
1 4570 
2
1 3403 
2
1 1161 
2
1 3832 
2
1 4131 
2
1 2752 
2
1 4257 
1 48 
2
1 4543 
2
1 3504 
1 277 
1 570 
1 3251 
2
1 2355 
2
1 408 
1 1016 
1 1063 
2
1 467 
1 3080 
2
1 522 
1 2443 
1 694 
1 4427 
1 2898 
1 174 
2
1 301 
2
1 3688 
2
1 1945 
1 3718 
1 995 
1 1256 
2
1 4716 
1 3966 
1 4139 
2
1 922 
1 1511 
2
1 2946 
1 233 
2
1 1886 
1 3141 
2
1 2230 
1 1195 
1 1685 
2
1 3187 
1 1049 
1 2594 
2
1 3598 
2
1 790 
1 3930 
2
1 3605 
2
1 2038 
2
1 2638 
2
1 2150 
1 691 
2
1 548 
2
1 3236 
2
1 3677 
2
1 1436 
1 2587 
2
1 1280 
1 120 
1 8 
1 3841 
1 741 
2
1 1689 
2
1 887 
1 4920 
2
1 290 
1 2063 
1 2674 
2
1 2360 
2
1 1572 
2
1 2554 
2
1 3711 
1 4979 
1 2682 
2
1 2459 
2
1 1074 
1 3989 
2
1 134 
1 225 
2
1 3221 
2
1 4622 
1 4856 
1 2714 
2
1 485 
1 1558 
2
1 2369 
2
1 960 
2
1 4994 
1 3415 
2
1 2996 
1 810 
1 3265 
2
1 2752 
1 1573 
1 3941 
2
1 2913 
2
1 197 
1 4964 
2
1 1529 
2
1 1566 
2
1 381 
2
1 1415 
1 1323 
2
1 2374 
2
1 2409 
2
1 899 
1 249 
1 195 
2
1 1789 
2
1 2314 
1 1600 
2
1 2301 
2
1 3260 
1 4195 
2
1 4444 
1 2886 
2
1 4405 
1 356 
1 4021 
2
1 799 
1 3099 
2
1 428 
1 974 
2
1 2824 
1 2061 
2
1 4748 
1 1455 
2
1 2487 
1 3285 
1 1384 
1 1019 
2
1 1219 
2
1 3407 
1 1819 
1 1600 
2
1 4529 
2
1 1860 
1 144 
1 1527 
1 3898 
2
1 4521 
1 861 
1 4017 
2
1 4417 
1 306 
1 1538 
2
1 4560 
2
1 894 
1 4791 
1 2343 
1 1894 
1 4019 
1 4470 
1 290 
2
1 997 
2
1 1509 
1 4169 
1 3534 
1 1200 
1 4738 
1 2784 
1 2551 
1 895 
1 878 
2
1 3177 
2
1 331 
2
1 3104 
1 2023 
2
1 2379 
2
1 4850 
2
1 4715 
1 701 
2
1 1766 
2
1 453 
1 2011 
2
1 1877 
2
1 3003 
1 3496 
1 217 
1 4931 
1 1983 
1 2012 
2
1 3580 
2
1 3218 
2
1 166 
1 4741 
1 2937 
2
1 4190 
2
1 2395 
2
1 4670 
2
1 4936 
1 139 
1 3428 
1 4946 
1 4686 
2
1 3805 
1 4347 
1 4818 
1 3624 
1 794 
2
1 2538 
2
1 1201 
1 4072 
2
1 1629 
2
1 2464 
1 1810 
1 2980 
1 1603 
1 2396 
2
1 4323 
1 4626 
1 1806 
2
1 1010 
1 291 
1 4019 
2
1 2985 
1 4059 
1 373 
1 54 
1 3382 
1 2910 
2
1 505 
2
1 4078 
2
1 4531 
1 3757 
1 4362 
2
1 940 
1 993 
1 4374 
1 3635 
2
1 407 
1 4527 
2
1 307 
1 520 
2
1 1227 
2
1 2109 
2
1 2044 
2
1 925 
2
1 306 
2
1 966 
1 1536 
1 629 
2
1 2749 
1 3858 
2
1 1241 
2
1 4137 
2
1 4493 
2
1 1987 
1 4873 
2
1 4579 
1 151 
1 3301 
1 1892 
2
1 1158 
2
1 2437 
1 3281 
2
1 3730 
1 4954 
2
1 1680 
2
1 3891 
2
1 1627 
1 2461 
1 3735 
1 1171 
1 4452 
1 3663 
2
1 2458 
2
1 789 
2
1 3152 
1 4732 
2
1 1656 
2
1 540 
2
1 2013 
2
1 2378 
2
1 4953 
2
1 4698 
2
1 1576 
2
1 4627 
1 2634 
2
1 1384 
1 3954 
2
1 2959 
2
1 528 
2
1 3581 
1 4147 
2
1 2261 
1 3314 
1 2805 
2
1 1688 
2
1 3558 
2
1 3935 
1 4384 
1 4316 
1 3462 
2
1 2357 
2
1 2168 
2
1 3812 
2
1 4858 
1 1000 
1 4934 
1 4317 
2
1 2278 
1 2374 
1 4730 
2
1 1575 
2
1 546 
1 3264 
1 4540 
2
1 1787 
2
1 317 
1 3946 
1 1319 
2
1 3571 
2
1 1345 
2
1 3074 
2
1 2210 
1 3281 
2
1 3575 
1 2535 
2
1 2396 
2
1 4363 
1 1217 
2
1 706 
2
1 4927 
1 2323 
1 3822 
2
1 4070 
1 584 
1 4331 
2
1 4145 
2
1 1053 
1 3110 
2
1 2804 
2
1 2205 
1 1254 
2
1 4674 
2
1 4312 
2
1 2438 
2
1 3130 
2
1 740 
1 2452 
1 2680 
2
1 4037 
1 4434 
1 3817 
1 3129 
2
1 1514 
1 932 
2
1 672 
2
1 279 
2
1 3909 
2
1 2080 
1 4606 
2
1 4753 
1 1392 
1 3097 
2
1 3753 
1 1580 
2
1 4207 
1 4467 
2
1 3177 
1 2782 
1 3524 
1 3341 
2
1 76 
1 4358 
1 663 
2
1 292 
1 4164 
2
1 2231 
2
1 829 
2
1 4866 
1 1846 
2
1 1778 
2
1 1405 
2
1 2196 
1 4618 
2
1 863 
1 4304 
2
1 3495 
2
1 2168 
2
1 4917 
1 3898 
2
1 2287 
2
1 2033 
1 2996 
1 2540 
1 4512 
1 4358 
2
1 3737 
2
1 4914 
2
1 642 
1 4280 
2
1 515 
1 4862 
2
1 1480 
2
1 1580 
1 4934 
1 1283 
2
1 1957 
1 2598 
2
1 993 
2
1 115 
2
1 4873 
1 1545 
2
1 1413 
2
1 3161 
1 1121 
1 4688 
2
1 2773 
2
1 2758 
2
1 1473 
2
1 4 
2
1 1825 
1 2585 
1 4627 
2
1 3395 
2
1 2422 
2
1 1032 
1 182 
1 843 
2
1 4985 
1 3161 
1 745 
1 372 
2
1 4574 
1 1700 
1 785 
1 3979 
2
1 2895 
2
1 4521 
1 2748 
2
1 4630 
1 1353 
2
1 4868 
1 2919 
1 55 
1 385 
2
1 2090 
1 4175 
1 4889 
1 86 
1 2848 
1 3142 
1 3009 
1 2279 
1 2333 
1 2717 
2
1 3847 
2
1 1469 
1 215 
1 3487 
2
1 88 
1 313 
1 3400 
1 1916 
1 3105 
1 3449 
2
1 3123 
1 269 
2
1 782 
2
1 1565 
2
1 1920 
1 1671 
1 3587 
2
1 3878 
2
1 4492 
1 3963 
2
1 4506 
1 2647 
1 563 
2
1 1255 
2
1 1133 
2
1 4554 
2
1 100 
2
1 10 
1 2263 
1 4823 
2
1 1244 
2
1 4657 
2
1 3769 
1 2983 
2
1 442 
1 3467 
1 3477 
2
1 26 
2
1 3855 
2
1 2701 
2
1 3686 
2
1 665 
1 3234 
1 1102 
2
1 4832 
1 1852 
1 2789 
2
1 4921 
2
1 1251 
1 1289 
2
1 4687 
2
1 3362 
1 3291 
1 4474 
2
1 1304 
1 1761 
1 1681 
2
1 4288 
2
1 4182 
1 220 
2
1 539 
2
1 1492 
1 3307 
1 963 
1 2723 
1 756 
2
1 352 
2
1 3031 
2
1 161 
1 699 
2
1 3434 
2
1 4645 
1 3413 
2
1 2856 
2
1 1644 
2
1 1485 
1 4362 
2
1 3469 
2
1 4998 
1 530 
1 2040 
2
1 3524 
1 2407 
2
1 3747 
2
1 3620 
1 4349 
1 4169 
2
1 1476 
1 2005 
1 4045 
2
1 4854 
1 3612 
2
1 2248 
1 2479 
2
1 2552 
2
1 3410 
2
1 472 
2
1 4178 
1 4747 
2
1 4966 
2
1 1565 
2
1 4230 
2
1 1991 
1 63 
2
1 2406 
1 4294 
2
1 4849 
2
1 2916 
1 1068 
2
1 3864 
1 4655 
1 1645 
1 1708 
2
1 4027 
2
1 4410 
2
1 4855 
2
1 2830 
1 1810 
1 2025 
1 1679 
2
1 4596 
2
1 3507 
2
1 351 
2
1 1574 
1 2483 
1 1665 
1 3474 
2
1 1458 
1 1953 
1 2901 
2
1 160 
1 2314 
1 3877 
2
1 3650 
1 2270 
1 4727 
2
1 2487 
1 1014 
2
1 302 
2
1 2664 
2
1 3816 
1 2968 
1 2969 
1 239 
1 1317 
2
1 4844 
2
1 4699 
1 5000 
2
1 3641 
2
1 2400 
1 1719 
1 4687 
1 1277 
1 2594 
2
1 823 
1 4383 
1 2157 
2
1 3995 
2
1 193 
2
1 4134 
1 3820 
1 97 
1 4042 
2
1 3008 
2
1 2706 
1 3228 
2
1 4981 
1 1526 
2
1 3895 
2
1 4662 
1 4516 
2
1 660 
2
1 4321 
1 2495 
1 2252 
1 3584 
1 1461 
2
1 4030 
2
1 1399 
1 2267 
2
1 3469 
1 4016 
1 3620 
1 1451 
2
1 1619 
1 3080 
2
1 3091 
2
1 1746 
2
1 1011 
2
1 4630 
1 216 
1 4648 
2
1 1908 
2
1 3480 
1 738 
2
1 1209 
2
1 3021 
2
1 3876 
2
1 3800 
1 3616 
1 4883 
1 1708 
2
1 648 
1 1219 
1 2427 
2
1 2640 
1 1727 
2
1 3252 
2
1 1327 
1 1209 
1 4268 
1 807 
2
1 2057 
2
1 4895 
2
1 1482 
1 3797 
1 3400 
2
1 3283 
2
1 1662 
2
1 1183 
1 1010 
1 1285 
1 1179 
2
1 3075 
1 3224 
1 1623 
1 2448 
1 3226 
1 3395 
1 4577 
1 1938 
1 3222 
2
1 2597 
2
1 3778 
2
1 3627 
1 4844 
2
1 3894 
1 3640 
2
1 4626 
2
1 3297 
2
1 479 
2
1 4051 
2
1 4060 
1 2614 
2
1 3811 
2
1 2070 
1 1638 
1 3143 
1 4222 
2
1 2481 
1 2884 
2
1 4417 
2
1 364 
2
1 4959 
1 2028 
1 17 
1 3160 
1 2381 
2
1 3519 
2
1 4632 
1 400 
1 3782 
2
1 4961 
1 4063 
1 979 
1 3454 
2
1 4109 
1 2541 
1 4671 
2
1 31 
1 4660 
2
1 3746 
2
1 1217 
2
1 4055 
2
1 703 
2
1 2939 
1 2015 
1 3426 
1 3884 
2
1 3443 
1 597 
1 1813 
2
1 1526 
1 2308 
1 3549 
1 2331 
2
1 3039 
2
1 459 
1 4934 
1 4506 
1 1737 
1 620 
2
1 4498 
1 1344 
2
1 2680 
2
1 3342 
1 1492 
2
1 1653 
2
1 4895 
1 323 
1 1110 
1 608 
1 3303 
2
1 4360 
2
1 4129 
1 1973 
2
1 1044 
1 2202 
1 1448 
2
1 4937 
1 544 
2
1 1659 
1 1018 
2
1 1595 
2
1 3511 
2
1 4395 
2
1 3752 
2
1 1276 
1 2573 
2
1 3756 
2
1 1878 
2
1 4504 
1 3070 
2
1 3776 
2
1 1707 
1 3432 
1 94 
1 3652 
2
1 4945 
1 1822 
2
1 2315 
2
1 4609 
1 3384 
1 2971 
1 4816 
2
1 1380 
2
1 1629 
1 1574 
1 4747 
2
1 1228 
2
1 1420 
2
1 3700 
1 202 
1 1487 
2
1 4124 
1 2104 
1 3677 
1 4776 
2
1 2949 
2
1 1733 
1 2888 
2
1 889 
1 3727 
1 2945 
2
1 3093 
2
1 1780 
1 3502 
1 1450 
2
1 2726 
2
1 4771 
1 659 
2
1 4916 
1 905 
2
1 757 
1 3888 
1 2389 
1 191 
2
1 1197 
2
1 382 
1 2393 
2
1 4137 
1 1393 
2
1 4412 
1 3299 
1 2040 
1 3582 
2
1 1655 
1 1168 
1 1011 
1 3897 
2
1 2212 
1 302 
2
1 120 
1 1696 
2
1 47 
1 234 
1 2479 
1 897 
1 4888 
1 3015 
1 3887 
2
1 4952 
2
1 3040 
1 1603 
1 2920 
2
1 4235 
1 4797 
1 3982 
2
1 1456 
2
1 1375 
1 2679 
2
1 80 
2
1 1850 
2
1 1674 
1 2980 
2
1 1918 
1 3307 
1 4506 
2
1 1981 
2
1 1538 
2
1 3922 
1 1767 
1 4792 
1 2771 
1 656 
2
1 540 
1 1397 
1 3629 
1 3538 
2
1 1811 
2
1 4496 
1 467 
1 3779 
1 1524 
1 386 
2
1 2913 
1 4856 
1 2171 
1 1024 
2
1 700 
2
1 4829 
1 838 
2
1 1565 
1 1950 
2
1 4135 
2
1 3084 
2
1 622 
2
1 3485 
2
1 3664 
1 3703 
2
1 110 
2
1 2746 
1 1333 
1 1919 
2
1 1887 
1 1774 
1 258 
1 4538 
2
1 1890 
1 1145 
2
1 629 
1 1277 
1 886 
1 4931 
1 1071 
1 2877 
2
1 4687 
1 3726 
1 2064 
1 1863 
2
1 3938 
1 4474 
1 3281 
1 3929 
1 4743 
2
1 2561 
1 500 
2
1 4939 
2
1 3895 
1 1386 
2
1 3992 
2
1 1330 
1 3698 
2
1 3036 
2
1 2389 
1 3709 
1 740 
2
1 2215 
2
1 3449 
2
1 4089 
2
1 3249 
2
1 4369 
2
1 3095 
2
1 1840 
1 3932 
2
1 3040 
1 1124 
1 4550 
1 248 
1 3496 
2
1 4348 
2
1 3807 
1 88 
1 1790 
2
1 4008 
2
1 4423 
1 3973 
1 4220 
1 4067 
2
1 3925 
1 4410 
1 3300 
2
1 2803 
1 4330 
1 2932 
1 704 
2
1 4315 
2
1 3918 
2
1 879 
2
1 484 
1 1497 
2
1 3215 
1 3087 
1 605 
1 44 
1 4358 
2
1 4909 
1 987 
1 357 
2
1 4529 
2
1 4474 
1 4453 
1 3716 
1 2329 
1 2776 
2
1 3494 
1 4429 
1 1273 
2
1 2482 
2
1 3700 
2
1 4053 
2
1 4477 
1 4171 
2
1 3606 
2
1 197 
2
1 3769 
2
1 516 
1 4391 
2
1 907 
2
1 2561 
2
1 402 
2
1 2806 
1 2562 
2
1 828 
2
1 2082 
1 4576 
1 1669 
1 1463 
1 375 
2
1 8 
1 1335 
2
1 4555 
2
1 2447 
2
1 3061 
2
1 1890 
2
1 4664 
2
1 3845 
2
1 1495 
2
1 2636 
1 3542 
2
1 36 
2
1 4270 
2
1 4080 
1 3940 
2
1 4872 
2
1 4860 
2
1 4336 
2
1 847 
1 4749 
2
1 3911 
1 2774 
1 3815 
2
1 2205 
2
1 2538 
2
1 384 
1 2689 
1 3536 
1 4636 
1 3428 
1 2114 
1 3527 
1 1583 
2
1 2007 
1 425 
2
1 2605 
2
1 2510 
2
1 4371 
1 4150 
2
1 2804 
1 1848 
2
1 1965 
2
1 237 
2
1 2703 
1 3903 
1 3638 
1 4360 
2
1 3329 
1 2484 
2
1 3889 
2
1 878 
2
1 4457 
1 3512 
1 2414 
1 2404 
2
1 4477 
2
1 289 
2
1 14 
2
1 2468 
2
1 1304 
2
1 1201 
1 4868 
1 4560 
2
1 4984 
1 2960 
1 707 
2
1 4835 
2
1 137 
2
1 2115 
1 4668 
1 887 
1 1799 
2
1 3708 
2
1 562 
2
1 3784 
1 4944 
1 1432 
2
1 3755 
1 4774 
2
1 4416 
2
1 3808 
2
1 2852 
1 4953 
1 88 
1 1383 
1 2815 
1 2038 
1 606 
2
1 4841 
1 3651 
2
1 2908 
1 4124 
1 2713 
1 3449 
2
1 329 
1 2991 
1 2585 
2
1 1883 
1 2211 
1 2699 
1 3033 
1 127 
2
1 3292 
1 4818 
2
1 2495 
1 4612 
1 4558 
2
1 1790 
2
1 3366 
1 1398 
2
1 1061 
1 704 
2
1 3751 
1 2598 
2
1 1792 
2
1 1599 
1 2267 
1 1984 
2
1 683 
2
1 590 
1 907 
1 1010 
2
1 2069 
1 3860 
1 4779 
1 2487 
1 1115 
1 4998 
2
1 6 
1 3897 
2
1 4817 
2
1 464 
2
1 980 
2
1 958 
1 1639 
2
1 3744 
2
1 2356 
1 4594 
1 4090 
2
1 95 
2
1 1613 
1 1860 
1 4170 
2
1 1415 
2
1 4021 
1 1377 
1 2322 
2
1 3213 
1 4659 
1 1873 
1 66 
1 1721 
2
1 1835 
2
1 1390 
1 2548 
1 2351 
2
1 4060 
1 1416 
2
1 4232 
1 650 
1 2370 
2
1 4198 
1 3845 
2
1 1653 
2
1 2201 
2
1 2457 
1 4816 
1 399 
1 1048 
2
1 2165 
2
1 2114 
2
1 3251 
1 4154 
2
1 3233 
1 689 
1 1856 
1 2255 
1 4654 
2
1 1505 
1 4219 
2
1 717 
2
1 3665 
2
1 697 
1 2737 
1 945 
1 3199 
1 4204 
1 3626 
1 3156 
1 4417 
1 280 
2
1 3977 
2
1 1384 
2
1 193 
2
1 608 
2
1 158 
2
1 3703 
2
1 3713 
1 3992 
2
1 3400 
2
1 3755 
2
1 2606 
1 2246 
2
1 2364 
2
1 504 
1 2239 
1 149 
1 924 
1 676 
1 1452 
1 2341 
1 4287 
1 1840 
1 555 
1 2707 
2
1 458 
1 607 
1 2882 
1 3557 
1 1360 
2
1 1556 
1 1098 
2
1 4377 
2
1 790 
2
1 4689 
2
1 54 
1 4335 
1 1015 
2
1 3053 
2
1 186 
1 2714 
1 797 
1 2938 
2
1 3786 
2
1 3394 
1 2728 
1 94 
1 3944 
1 2052 
2
1 4774 
1 3597 
2
1 377 
1 3257 
1 390 
1 4832 
1 1187 
1 4391 
2
1 2938 
1 1867 
2
1 3580 
2
1 2525 
1 131 
1 2429 
2
1 2506 
2
1 3740 
2
1 1152 
2
1 1462 
2
1 301 
1 1248 
1 2572 
2
1 1143 
2
1 1516 
1 3053 
2
1 4511 
1 2294 
1 108 
2
1 1466 
2
1 4225 
2
1 545 
1 1644 
2
1 4056 
1 485 
1 4995 
1 3640 
1 99 
1 1471 
2
1 883 
2
1 2687 
1 57 
2
1 3783 
2
1 276 
1 1622 
1 1613 
2
1 252 
1 2069 
2
1 2833 
1 520 
1 576 
1 4280 
1 4000 
2
1 4513 
1 1440 
1 2251 
2
1 3818 
1 2210 
2
1 2196 
1 733 
2
1 2322 
1 1321 
2
1 933 
1 2372 
2
1 1633 
2
1 3080 
2
1 3017 
2
1 728 
2
1 35 
2
1 814 
1 2978 
1 2642 
2
1 3100 
1 463 
1 4237 
2
1 2021 
1 4100 
2
1 1663 
1 767 
2
1 896 
1 4889 
2
1 1086 
1 1548 
1 784 
2
1 4724 
1 3823 
2
1 2882 
1 3648 
2
1 4707 
1 4596 
2
1 137 
2
1 1684 
1 4387 
2
1 532 
1 1752 
1 4633 
1 4633 
1 4263 
1 4460 
2
1 3668 
2
1 3696 
1 3868 
1 4779 
2
1 4980 
1 4727 
1 2223 
1 4924 
1 1396 
1 1919 
1 3930 
1 2626 
1 1493 
2
1 3307 
1 3286 
1 3013 
1 1587 
2
1 3022 
2
1 1320 
1 2294 
1 3781 
2
1 1926 
2
1 4211 
2
1 1682 
1 2196 
2
1 1657 
2
1 1916 
2
1 644 
1 1152 
1 3093 
1 3996 
2
1 1939 
1 3620 
1 2168 
2
1 1192 
2
1 3693 
2
1 1977 
1 4481 
1 2573 
2
1 3795 
2
1 26 
1 4093 
1 4980 
1 2524 
2
1 735 
2
1 2619 
1 2099 
1 1023 
2
1 3805 
2
1 3205 
1 2297 
2
1 4120 
1 2514 
1 3248 
1 4820 
1 1777 
1 1802 
1 4502 
2
1 25 
1 29 
2
1 3329 
2
1 4313 
1 4848 
2
1 1287 
2
1 1718 
1 3678 
2
1 2573 
2
1 634 
2
1 4867 
1 4222 
2
1 3705 
1 3348 
1 479 
2
1 101 
1 3996 
2
1 4941 
2
1 2797 
1 4015 
2
1 1619 
2
1 954 
1 3817 
2
1 1280 
1 754 
1 2297 
1 3589 
2
1 1738 
1 2105 
2
1 2742 
1 3064 
2
1 3966 
1 3860 
2
1 4713 
2
1 1436 
1 378 
1 2115 
1 4219 
2
1 4019 
1 3434 
1 2870 
2
1 3375 
2
1 3885 
1 2245 
2
1 4665 
2
1 1156 
1 3785 
2
1 4680 
1 3878 
2
1 1044 
1 1568 
2
1 3714 
2
1 2939 
1 2588 
2
1 1083 
2
1 1814 
1 2410 
2
1 3780 
2
1 4487 
2
1 4007 
2
1 22 
1 391 
2
1 2220 
1 4746 
2
1 2546 
2
1 2205 
2
1 975 
2
1 1207 
1 2807 
1 2345 
2
1 406 
2
1 1698 
2
1 563 
2
1 2304 
1 1894 
1 4619 
1 2177 
2
1 4274 
1 1729 
2
1 2154 
2
1 2621 
1 4535 
1 1197 
2
1 3549 
1 3168 
1 344 
2
1 4202 
1 2282 
2
1 2331 
2
1 2313 
1 1847 
1 4396 
2
1 4870 
2
1 363 
1 290 
1 843 
1 4477 
2
1 3427 
1 960 
1 1946 
1 4952 
2
1 2001 
2
1 1252 
1 984 
1 98 
1 3217 
1 3487 
2
1 2961 
1 319 
2
1 1164 
1 3263 
1 3909 
2
1 4380 
1 895 
1 1977 
1 506 
1 2461 
2
1 3462 
1 1009 
2
1 310 
1 158 
2
1 3893 
1 4164 
1 631 
1 1419 
2
1 1316 
1 1690 
2
1 3767 
1 3542 
1 435 
2
1 2632 
2
1 417 
1 1047 
1 2466 
1 3292 
2
1 4546 
2
1 1948 
1 1841 
1 2275 
2
1 3089 
2
1 2612 
2
1 3381 
1 4921 
1 2776 
2
1 1609 
1 3556 
2
1 2914 
2
1 2973 
1 1520 
2
1 2594 
2
1 517 
1 1225 
1 4652 
1 1261 
2
1 4839 
2
1 4312 
2
1 2066 
1 2611 
2
1 2556 
1 4424 
1 648 
1 1651 
2
1 1049 
1 2239 
1 1342 
2
1 3365 
2
1 1310 
2
1 3685 
1 3108 
2
1 3850 
2
1 3729 
2
1 1450 
1 4795 
1 77 
1 3776 
1 86 
2
1 4363 
1 3822 
2
1 2260 
2
1 3296 
1 161 
1 3795 
1 2159 
2
1 3561 
1 3646 
1 4300 
1 756 
2
1 4566 
1 1603 
1 2364 
1 4574 
1 4282 
2
1 3148 
1 3573 
1 4675 
2
1 2502 
2
1 3169 
2
1 3296 
2
1 2352 
1 2841 
2
1 3623 
2
1 2559 
1 184 
1 2108 
1 4787 
1 4307 
2
1 3759 
1 770 
2
1 1720 
1 4535 
1 4146 
2
1 2337 
1 256 
2
1 1840 
1 1147 
2
1 635 
1 1404 
1 108 
2
1 1683 
2
1 2913 
2
1 1185 
1 3238 
2
1 1042 
2
1 1172 
2
1 2154 
1 4958 
2
1 4739 
2
1 3749 
2
1 3241 
1 97 
2
1 1413 
1 340 
2
1 1845 
1 1799 
1 3212 
2
1 4980 
1 80 
2
1 3839 
1 287 
1 619 
1 1157 
1 1515 
1 3241 
1 4059 
2
1 463 
2
1 290 
1 423 
2
1 2958 
1 740 
1 1603 
1 3462 
2
1 2432 
2
1 4777 
2
1 1155 
2
1 4876 
1 3441 
2
1 3490 
2
1 2935 
2
1 4905 
2
1 1605 
1 3095 
1 2053 
2
1 2854 
1 2938 
1 3230 
1 3071 
2
1 346 
2
1 4360 
2
1 192 
2
1 2750 
1 4593 
1 3799 
1 1736 
1 1317 
2
1 4011 
2
1 893 
2
1 469 
2
1 2669 
1 1771 
1 2715 
2
1 1230 
2
1 872 
1 4298 
2
1 1827 
2
1 4975 
2
1 321 
2
1 4189 
1 2529 
1 1017 
2
1 2468 
2
1 3339 
1 806 
1 3982 
2
1 3211 
1 3531 
2
1 941 
1 4821 
2
1 1129 
2
1 2007 
2
1 834 
2
1 3756 
2
1 3143 
1 4947 
1 918 
2
1 4505 
1 903 
2
1 2881 
2
1 4955 
2
1 4234 
2
1 4873 
1 4137 
2
1 3096 
2
1 4306 
1 798 
1 4771 
1 3690 
2
1 2439 
2
1 129 
2
1 1013 
2
1 3162 
1 1940 
1 1245 
1 3394 
2
1 2014 
1 2721 
2
1 3013 
2
1 1662 
1 4026 
2
1 4440 
1 1379 
1 3975 
2
1 749 
2
1 3860 
1 1915 
1 4928 
1 4421 
2
1 1311 
1 4687 
2
1 2302 
1 1276 
2
1 3520 
2
1 2200 
2
1 255 
2
1 3394 
1 896 
1 1028 
1 1951 
2
1 2290 
1 61 
1 3580 
1 2565 
2
1 4785 
1 1530 
1 4046 
2
1 3541 
2
1 3869 
2
1 2020 
1 3432 
1 2012 
1 928 
2
1 2053 
2
1 380 
2
1 4092 
1 2362 
1 1230 
1 701 
2
1 439 
1 2450 
1 3377 
1 4039 
1 4950 
2
1 1572 
1 1027 
1 4933 
1 3569 
2
1 3382 
2
1 3321 
2
1 4545 
2
1 1326 
1 3919 
2
1 2490 
2
1 2991 
1 2879 
2
1 3297 
1 663 
2
1 3566 
1 3583 
1 4909 
1 179 
2
1 1588 
1 3878 
1 4358 
2
1 1005 
1 2519 
2
1 2552 
2
1 1285 
1 2545 
1 2723 
1 3392 
2
1 1389 
2
1 865 
1 3221 
2
1 2159 
2
1 2571 
2
1 3714 
2
1 2052 
2
1 3865 
2
1 4012 
2
1 1784 
1 1356 
2
1 2142 
2
1 2736 
1 1591 
1 4341 
1 3462 
1 2326 
2
1 1493 
2
1 4269 
2
1 2464 
2
1 4921 
2
1 3393 
2
1 1164 
1 2030 
1 60 
2
1 4251 
2
1 2424 
1 4587 
2
1 4422 
1 26 
2
1 3294 
1 4457 
2
1 4912 
2
1 4837 
1 4660 
2
1 1068 
