0
444419110
225606844
507615399
789623954
852820243
634007977
863012110
591195422
926208399
933002977
379177734
840583289
286758046
67945780
678172734
684967312
913971445
695159179
585753046
532748624
758355468
204530225
930957890
440328936
884748046
888145335
891542624
838538202
344511959
626520514
72695271
19690849
82887138
756310381
202485138
928912803
657096115
547689982
50266450
275873294
776694115
222868872
667287982
123654606
70650184
515069294
17645762
518466583
412457739
140641051
144038340
588457450
316640762
320038051
157627496
658448317
443033340
224221074
725041895
227618363
672037473
675434762
456622496
957443317
911233473
801827340
304403808
88988831
536805230
39381698
818813785
321390253
603398808
49573565
776001230
669992386
116167143
616987964
66560010
567380831
239162432
461371987
242559721
189555299
633974409
136550877
803179542
199747166
90341033
534760143
481755721
876567698
100532900
544952010
442340455
886759565
332934322
286724478
731143588
674741877
120916634
734540877
237117345
18305079
910540588
748130033
370304501
818120900
274487524
718906634
165081391
665902212
447089946
891509056
337683813
6068125
450487235
341081102
676094079
351272969
576879813
911892790
33246437
477665547
978486368
424661125
315254992
258853281
759674102
205848859
706669680
597263547
381848570
381848570
826267680
272442437
716861547
889463969
392040437
674048992
455236726
899655836
402232304
846651414
578232015
80808483
80808483
468825882
913244992
415821460
863637859
309812616
754231726
200406483
761026304
926834148
482415038
263602772
986633148
432807905
267000061
323401772
270397350
996825015
831017171
224187506
506196061
8772529
453191639
12169818
456588928
403584506
516387928
307767529
695784928
141959685
589776084
370963818
815382928
536771662
540168951
208553263
652972373
543566240
490561818
46142708
268352263
268352263
769173084
938378217
719565951
387950263
387950263
779364951
225539708
726360529
175932575
627146263
73321020
464735708
965556529
33905754
382507887
382507887
664516442
946524997
392699754
837118864
8079644
787511731
900315153
402891621
349887199
737904598
240481066
240481066
416480777
917301598
807895465
595877777
821484621
158253245
937685332
52244401
782069355
559859800
6034557
62436268
841868355
288043112
513649956
686252378
968260933
470837401
971658222
587038112
199020713
205815291
484426557
265614291
212609869
766435112
325413291
216007158
660426268
106601025
551020135
551020135
163002736
53596603
498015713
498015713
723622557
723622557
7386759
786818846
568006580
903019557
408993314
962818557
906416846
352591603
133779337
578198447
747403580
969613135
750800869
531988603
34565071
316573626
482381470
492573337
993394158
277158360
227551227
121542383
900974470
403550938
851367337
576153360
22328117
967568048
194930539
974362626
420537383
864956493
924755493
261524117
261524117
49506429
331514984
832335805
832335805
334912273
451112984
951933805
627112695
129689163
20283030
133086452
633907273
415095007
806509695
30474897
531295718
478291296
206474608
654291007
44064053
382474319
826893429
608081163
664482874
445670608
946491429
392666186
893487007
949888718
339661764
565268608
512264186
14840654
296849209
797670030
300246498
360045498
360045498
638656764
84831521
28429810
472848920
638656764
804464608
698455764
589049631
144630521
589049631
536045209
980464319
536045209
662437787
662437787
165014255
165014255
609433365
277817677
778638498
55608122
778638498
281214966
672629654
341013966
453817388
453817388
954638209
347808544
792227654
351205833
852026654
22987434
746017810
82786434
414402122
82786434
527205544
752812388
255388856
421196700
865615810
368192278
869013099
985213810
985213810
434785856
879204966
378384145
325379723
438183145
385178723
275772590
720191700
109964746
554383856
279169879
169763746
670584567
116759324
116759324
949195833
7353191
120156613
67152191
342366168
786785278
239754613
740575434
631169301
521763168
966182278
468758746
913177856
969579567
415754324
807169012
807169012
644758457
873762590
873762590
873762590
376339058
601945902
48120659
548941480
781342902
781342902
950548035
396722792
897543613
904338191
406914659
241106815
188102393
688923214
357307526
194896971
639316081
586311659
32486416
476905526
924721925
815315792
155481705
603298104
49472861
52870150
218677994
663097104
610092682
338275994
341673283
845891393
736485260
182660017
849288682
962092104
186057306
186057306
852685971
355262439
76651173
76651173
298860728
965489393
133052884
577471994
355262439
746677127
915882260
362057017
697069994
697069994
866275127
813270705
40633196
650860150
541454017
985873127
488449595
932868705
156833907
657654728
608047595
830257150
276431907
614842173
61016930
893453439
64414219
64414219
508833329
120815930
120815930
568632329
180614930
625034040
681435751
681435751
462623485
409619063
854038173
691627618
748029329
860832751
973636173
197601375
307007508
307007508
313802086
38588109
705216774
317199375
874421907
264194953
211190531
712011352
609399797
559792664
506788242
951207352
397382109
453783820
175172554
231574265
785399508
175172554
619591664
566587242
69163710
626386242
128962710
908394797
410971265
467372976
633180820
79355577
583573687
308359710
308359710
89547444
759573398
424560421
424560421
255355288
865582242
759573398
262149866
928778531
374953288
321948866
766367976
268944444
603957421
169730178
391939733
282533600
282533600
726952710
63721334
229529178
839756132
395337022
285930889
176524756
786751710
786751710
67118623
955956843
737144577
239721045
239721045
521729600
525126889
969545999
359319045
860139866
472122467
860139866
807135444
475519756
919938866
919938866
419118045
807135444
253310201
641327600
143904068
754131022
366113623
369510912
979737866
983135155
538716045
983135155
372908201
817327311
263502068
429309912
654916756
654916756
877126311
767720178
270296646
499300779
54881669
442899068
552305201
442899068
58278958
393291935
340287513
622296068
68470825
900907334
847902912
237675958
682095068
629090646
75265403
75265403
579483513
967500912
914496490
914496490
526479091
29055559
194863403
639282513
924688357
152050848
99046426
99046426
99046426
769072380
215247137
387849559
775866958
722862536
779264247
447648559
116032871
845857825
288635293
66425738
16818605
16818605
856049692
856049692
859446981
83412183
146608472
485018738
262809183
262809183
262809183
485018738
985839559
876433426
103795917
103795917
548215027
50791495
219996628
219996628
773821871
166992206
57586073
558406894
173786784
618205894
395996339
395996339
395996339
7978940
618205894
11376229
568598761
14773518
455795339
625000472
960013449
293384784
794205605
406188206
243777651
854004605
854004605
243777651
688196761
910406316
356581073
801000183
303576651
81367096
250572229
194170518
970205316
469384495
359978362
84764385
141166096
588982495
811192050
811192050
482973651
927392761
983794472
817986628
595777073
595777073
98353541
711977784
711977784
658973362
715375073
552964518
108545408
609366229
997383628
887977495
390553963
390553963
111942697
831575784
443558385
887977495
503357385
115339986
559759096
781968651
62335564
118737275
563156385
340946830
841767651
453750252
954571073
72527431
851959518
742553385
908361229
79322009
467339408
911758518
858754096
33112165
33112165
33112165
315120720
759539830
544124853
932142252
106500321
882535119
550919431
441513298
441513298
942334119
942334119
53495899
385111587
53495899
885932408
441513298
663722853
497915009
332107165
335504454
723521853
282500032
455102454
511504165
345696321
846517142
183285766
737111009
239687477
17477922
461897032
631102165
631102165
408892610
24272500
84071500
860106298
306281055
362682766
366080055
648088610
482280766
260071211
986498876
432673633
820691032
820691032
101057945
545477055
48053523
548874344
104455234
213861367
658280477
326664789
104455234
880490032
492472633
383066500
51450812
160856945
605276055
51450812
827485610
273660367
883887321
495869922
883887321
386463789
389861078
389861078
943686321
834280188
393258367
728271344
837677477
340253945
841074766
8638257
453057367
453057367
618865211
230847812
453057367
953878188
287249523
177843390
791467633
738463211
629057078
576052656
911065633
801659500
304235968
748655078
858061211
914462922
526445523
32419280
32419280
423833968
430628546
984453789
599833679
987851078
769038812
437423124
102410147
546829257
324619702
659632679
659632679
769038812
772436101
328016991
606628257
109204725
885239523
885239523
885239523
885239523
387815991
832235101
222008147
222008147
616820124
454409569
623614702
73186748
73186748
627011991
574007569
351798014
574007569
20182326
76584037
132985748
132985748
743212702
743212702
577404858
577404858
803011702
249186459
693605569
196182037
527797725
972216835
418391592
975614124
421788881
640601147
255981037
255981037
146574904
149972193
703797436
926006991
703797436
93570482
647395725
202976615
312382748
259378326
259378326
425186170
813203569
813203569
259378326
869605280
93570482
319177326
319177326
763596436
985805991
763596436
989203280
491779748
269570193
325971904
54155216
166958638
166958638
833587303
1150794
392565482
392565482
893386303
893386303
677971326
11342661
455761771
11342661
565167904
402757349
402757349
71141661
847176459
847176459
293351216
684765904
462556349
462556349
462556349
74538950
963377170
465953638
857368326
857368326
917167326
641953349
532547216
310337661
313734950
923961904
923961904
479542794
754756771
91525395
423141083
423141083
532547216
920564615
257333239
701752349
701752349
814555771
204328817
705149638
204328817
980363615
980363615
260730528
317132239
94922684
983760904
317132239
41918262
486337372
264127817
652145216
41918262
542739083
214520684
383725817
493131950
602538083
493131950
48712840
436730239
493131950
824747638
715341505
217917973
161516262
161516262
937551060
937551060
493131950
161516262
662337083
771743216
884546638
884546638
52110129
52110129
496529239
164913551
383725817
274319684
55507418
665734372
887943927
944345638
887943927
556328239
111909129
168310840
334118684
390520395
446922106
2502996
111909129
556328239
390520395
58904707
390520395
390520395
2502996
722136083
831542216
831542216
387123106
387123106
387123106
665734372
334118684
778537794
224712551
834939505
281114262
503323817
669131661
616127239
284511551
728930661
728930661
9297574
785332372
118703707
563122817
672528950
728930661
506721106
118703707
563122817
679323528
69096574
125498285
347707840
957934794
739122528
516912973
629716395
516912973
135690152
580109262
304895285
527104840
470703129
470703129
527104840
586903840
696309973
809113395
311689863
812510684
315087152
868912395
205681019
819305262
265480019
822702551
603890285
603890285
215872886
826099840
106466753
607287574
607287574
720090996
720090996
945697840
391872597
391872597
335470886
282466464
504676019
617479441
395269886
620876730
232859331
342265464
564475019
786684574
786684574
398667175
843086285
398667175
733680152
179854909
179854909
402064464
14047065
458466175
70448776
14047065
236256620
292658331
20841643
20841643
465260753
465260753
20841643
796876441
412256331
243051198
574666886
465260753
465260753
687470308
243051198
355854620
243051198
634465886
412256331
77243354
80640643
80640643
246448487
690867597
249845776
249845776
694264886
581461464
581461464
472055331
916474441
916474441
472055331
27636221
249845776
415653620
31033510
143836932
253243065
694264886
196841354
528457042
810465597
810465597
588256042
588256042
810465597
200238643
919871730
478849909
863470019
584858753
919871730
641260464
309644776
309644776
87435221
919871730
87435221
976273441
644657753
478849909
591653331
369443776
979670730
923269019
369443776
482247198
873661886
97627088
542046198
323233932
767653042
104421666
989862597
213827799
213827799
880456464
824054753
270229510
605242487
111216244
943652753
273626799
273626799
883853753
883853753
718045909
386430221
277024088
555635354
665041487
774447620
774447620
273626799
160823377
880456464
48019955
658246909
213827799
48019955
545443487
157426088
48019955
601845198
601845198
270229510
936858175
993259886
495836354
273626799
996657175
996657175
220622377
1810111
668438776
890648331
58211822
943652753
224019666
668438776
502630932
393224799
947050042
58211822
943652753
777844909
224019666
224019666
280421377
446229221
224019666
333425799
887251042
721443198
721443198
721443198
167617955
499233643
777844909
336823088
336823088
947050042
393224799
5207400
5207400
559032643
559032643
559032643
5207400
227416955
61609111
784639487
453023799
65006400
453023799
287215955
12001978
456421088
678630643
15399267
237608822
682027932
128202689
128202689
463215666
188001689
798228643
188001689
300805111
134997267
25591134
970831065
970831065
639215377
194796267
970831065
970831065
639215377
639215377
85390134
85390134
917826643
473407533
473407533
254595267
811817799
811817799
533206533
589608244
868219510
977625643
755416088
88787423
88787423
533206533
533206533
370795978
148586423
702411666
702411666
204988134
204988134
204988134
871616799
981022932
370795978
924621221
924621221
483599400
596402822
709206244
437389556
991214799
991214799
324586134
719398111
666393689
444184134
500585845
722795400
722795400
722795400
334778001
722795400
278376290
278376290
556987556
56166735
168970157
3162313
613389267
59564024
59564024
281773579
616786556
616786556
616786556
616786556
6559602
6559602
6559602
948402244
394577001
570576712
408166157
743179134
298760024
298760024
908986978
686777423
242358313
961991400
73153180
348367157
570576712
69755891
623581134
623581134
736384556
182559313
736384556
570576712
626978423
404768868
404768868
683380134
295362735
961991400
408166157
73153180
126157602
570576712
242358313
20148758
520969579
76550469
192751180
527764157
83345047
859379845
414960735
26943336
802978134
802978134
802978134
26943336
968785978
189353891
743179134
908986978
411563446
189353891
245755602
743179134
799580845
799580845
799580845
912384267
749973712
862777134
199545758
478157024
813170001
372148180
206340336
372148180
372148180
149938625
650759446
96934203
650759446
989169712
657554024
992567001
883160868
883160868
830156446
830156446
276331203
720750313
498540758
1117226
219929492
219929492
995964290
551545180
551545180
551545180
551545180
773754735
883160868
548147891
936165290
713955735
936165290
107126070
664348602
166925070
667745891
667745891
667745891
777152024
554942469
219929492
836951024
4514515
336130203
780549313
558339758
558339758
448933625
836951024
727544891
173719648
230121359
783946602
674540469
565134336
565134336
11309093
565134336
512129914
512129914
734339469
734339469
289920359
67710804
512129914
124112515
346322070
790741180
459125492
518924492
853937469
853937469
462522781
518924492
180514226
346322070
349719359
628330625
628330625
847142891
903544602
515527203
515527203
737736758
684732336
406121070
183911515
684732336
906941891
575326203
240313226
349719359
14706382
346322070
956549024
734339469
180514226
737736758
734339469
399326492
508732625
342924781
289920359
459125492
353116648
18103671
127509804
127509804
459125492
794138469
183911515
575326203
187308804
797535758
797535758
243710515
575326203
130907093
631727914
575326203
522321781
853937469
744531336
800933047
800933047
24898249
635125203
635125203
412915648
966740891
522321781
300112226
631727914
243710515
243710515
356513937
356513937
303509515
412915648
81299960
81299960
303509515
635125203
81299960
970138180
970138180
747928625
529116359
973535469
419710226
476111937
38487405
38487405
370103093
257299671
313701382
313701382
147893538
701718781
147893538
370103093
758120492
980330047
648714359
595709937
207692538
761517781
761517781
426504804
426504804
870923914
94889116
648714359
870923914
426504804
980330047
91491827
705116070
264094249
821316781
154688116
874321203
874321203
874321203
41884694
652111648
264094249
151290827
260696960
927325625
207692538
708513359
98286405
433299382
267491538
821316781
376897671
930722914
930722914
930722914
486303804
821316781
45281983
154688116
154688116
98286405
320495960
761517781
817919492
708513359
817919492
542705515
542705515
105080983
549500093
48679272
602504515
489701093
489701093
489701093
489701093
489701093
934120203
489701093
383692249
828111359
775106937
775106937
552897382
108478272
552897382
164879983
496495671
828111359
884513070
334085116
58871139
725499804
503290249
