0
3024 0
1 1188
2 4537
3 4441
4 432
5 4209
6 3299
7 4028
8 1256
9 3432
10 3319
11 827
12 647
13 2093
14 4578
15 594
16 4833
17 1451
18 838
19 2432
20 4317
21 516
22 1692
23 3954
24 738
25 2684
26 2260
27 851
28 4493
29 2365
30 1470
31 706
32 3004
33 209
34 1287
35 2654
36 1757
37 970
38 4305
39 2513
40 1510
41 2898
42 2547
43 1474
44 3205
45 3400
46 651
47 1550
48 413
49 4432
50 1438
51 1480
52 2862
53 3807
54 445
55 2545
56 3641
57 4021
58 1981
59 1077
60 4445
61 1763
62 928
63 865
64 1273
65 4447
66 1247
67 1216
68 4280
69 2401
70 4302
71 347
72 385
73 4652
74 4318
75 80
76 532
77 708
78 4744
79 75
80 2151
81 2157
82 2282
83 3320
84 1411
85 928
86 368
87 2354
88 4163
89 3329
90 4599
91 1568
92 3087
93 4605
94 1465
95 1641
96 701
97 235
98 2406
99 2740
100 2970
101 4482
102 1313
103 1176
104 2352
105 4073
106 1309
107 4210
108 4981
109 1
110 3506
111 4424
112 2974
113 2194
114 3871
115 1277
116 917
117 2783
118 2604
119 1550
120 3215
121 1577
122 4682
123 670
124 63
125 1281
126 4105
127 494
128 233
129 283
130 4085
131 2024
132 4673
133 3406
134 4741
135 804
136 3823
137 4960
138 2100
139 2975
140 3461
141 261
142 1094
143 522
144 4661
145 1001
146 4003
147 4285
148 2127
149 3591
150 2508
151 764
152 1232
153 470
154 3355
155 803
156 3730
157 4792
158 1327
159 822
160 3004
161 4878
162 653
163 3502
164 1176
165 3643
166 1413
167 4188
168 4698
169 4529
170 4053
171 3056
172 1116
173 2967
174 214
175 3389
176 3807
177 4906
178 3303
179 2939
180 582
181 3681
182 250
183 3882
184 2097
185 4861
186 2460
187 502
188 1633
189 3451
190 509
191 2440
192 1769
193 175
194 679
195 3879
196 3933
197 3370
198 2265
199 2679
200 4152
201 4978
202 2865
203 4247
204 4077
205 2392
206 1358
207 4608
208 2940
209 2752
210 3784
211 39
212 2526
213 4773
214 4484
215 788
216 1299
217 1102
218 1253
219 364
220 787
221 20
222 2075
223 565
224 773
225 2093
226 1871
227 2303
228 4960
229 3869
230 871
231 2549
232 1366
233 1744
234 4542
235 231
236 4969
237 4008
238 1694
239 4277
240 4814
241 3540
242 3757
243 1283
244 4502
245 2890
246 161
247 2633
248 3880
249 3976
250 796
251 464
252 4849
253 3404
254 1951
255 247
256 3662
257 4275
258 4637
259 163
260 1403
261 2692
262 4341
263 2423
264 2501
265 3619
266 294
267 1165
268 2007
269 3200
270 4930
271 3255
272 2214
273 724
274 3633
275 588
276 1167
277 1062
278 236
279 4434
280 4857
281 1935
282 794
283 2625
284 2769
285 4636
286 1665
287 4502
288 1498
289 311
290 4052
291 3559
292 3018
293 4397
294 4655
295 4782
296 4905
297 1411
298 1330
299 4204
300 3452
301 4209
302 3935
303 3009
304 3323
305 4005
306 3017
307 2799
308 4084
309 3301
310 3161
311 3287
312 4183
313 2456
314 4202
315 2290
316 2125
317 216
318 3826
319 1493
320 4230
321 1449
322 3767
323 3616
324 4224
325 2327
326 1850
327 626
328 3360
329 2111
330 1567
331 4392
332 826
333 3314
334 4864
335 3388
336 371
337 597
338 4633
339 4214
340 3811
341 4912
342 447
343 2433
344 3927
345 3866
346 3636
347 2364
348 27
349 444
350 69
351 717
352 1648
353 4863
354 2348
355 571
356 570
357 1344
358 1040
359 4163
360 4018
361 3570
362 619
363 465
364 789
365 660
366 2509
367 1416
368 399
369 2435
370 2465
371 761
372 273
373 4507
374 4678
375 876
376 4399
377 1372
378 3205
379 1333
380 4938
381 3539
382 4874
383 4760
384 2439
385 3478
386 2493
387 3087
388 1195
389 2972
390 4173
391 3319
392 4098
393 4375
394 1835
395 4547
396 2905
397 2730
398 3310
399 1562
400 369
401 3470
402 4334
403 3739
404 1459
405 3209
406 4413
407 4594
408 3762
409 3242
410 4579
411 1172
412 2492
413 3133
414 2707
415 1542
416 2765
417 3315
418 1576
419 142
420 4432
421 4257
422 2047
423 4217
424 4258
425 2497
426 2032
427 3039
428 1978
429 2307
430 184
431 4631
432 3412
433 2478
434 4366
435 1654
436 3849
437 2183
438 4609
439 1494
440 3742
441 1577
442 1986
443 4697
444 3677
445 3174
446 913
447 3822
448 2035
449 834
450 1904
451 3307
452 1405
453 4042
454 4251
455 4143
456 3039
457 756
458 390
459 3121
460 2271
461 3163
462 4675
463 4252
464 1008
465 3354
466 2982
467 356
468 4385
469 1460
470 1693
471 4328
472 2869
473 2131
474 4086
475 827
476 375
477 2458
478 3073
479 4973
480 3153
481 347
482 1821
483 1650
484 4403
485 3964
486 1190
487 278
488 957
489 3965
490 3949
491 4241
492 3426
493 2849
494 4120
495 3811
496 937
497 4490
498 2342
499 3371
500 4245
501 860
502 4344
503 2158
504 222
505 821
506 4721
507 4014
508 2829
509 2758
510 4535
511 1355
512 645
513 2143
514 4175
515 135
516 758
517 2756
518 325
519 4223
520 515
521 952
522 2995
523 4225
524 359
525 1698
526 1111
527 2549
528 3450
529 1781
530 805
531 3362
532 4662
533 1696
534 4659
535 3058
536 4318
537 4986
538 4719
539 316
540 334
541 1145
542 4649
543 1362
544 3399
545 4741
546 2313
547 3604
548 4409
549 1348
550 4818
551 2633
552 228
553 2620
554 1034
555 4940
556 2066
557 2638
558 3853
559 3102
560 301
561 2819
562 3873
563 2237
564 3506
565 158
566 4872
567 4565
568 2958
569 4907
570 973
571 2046
572 735
573 1269
574 1750
575 4893
576 754
577 840
578 1351
579 2721
580 2689
581 565
582 3662
583 3839
584 1040
585 697
586 1924
587 3275
588 4759
589 1809
590 177
591 4905
592 127
593 3183
594 1970
595 3712
596 1528
597 3676
598 2100
599 872
600 2726
601 622
602 2005
603 4439
604 4635
605 4308
606 2905
607 334
608 3215
609 1277
610 3677
611 2609
612 2003
613 2905
614 2504
615 3095
616 882
617 3890
618 2494
619 3310
620 2740
621 2662
622 2487
623 1227
624 4408
625 1816
626 609
627 2895
628 2215
629 1633
630 2271
631 3616
632 2268
633 3982
634 333
635 2096
636 4932
637 2989
638 4380
639 3898
640 1746
641 1267
642 2472
643 2398
644 2871
645 4297
646 4106
647 446
648 1732
649 356
650 1994
651 91
652 813
653 2214
654 4061
655 565
656 543
657 1026
658 4928
659 3571
660 401
661 496
662 1516
663 4375
664 3386
665 1271
666 2150
667 4411
668 2150
669 813
670 2966
671 4807
672 1362
673 2739
674 2120
675 2225
676 3554
677 3217
678 192
679 1280
680 3254
681 431
682 2341
683 1276
684 2410
685 1398
686 2510
687 1715
688 4456
689 2808
690 3285
691 2329
692 4153
693 3814
694 317
695 4058
696 1818
697 2332
698 2277
699 4297
700 1488
701 267
702 137
703 1827
704 1470
705 3412
706 213
707 4325
708 942
709 3222
710 4517
711 4667
712 4133
713 4891
714 4961
715 1812
716 827
717 2190
718 4566
719 2951
720 916
721 1658
722 3287
723 3661
724 2200
725 2625
726 4919
727 255
728 643
729 2848
730 1054
731 727
732 1993
733 2941
734 2385
735 1445
736 2568
737 4028
738 663
739 652
740 714
741 1878
742 3236
743 348
744 852
745 4402
746 4268
747 3653
748 2987
749 4080
750 1311
751 4163
752 2066
753 651
754 1202
755 3631
756 3731
757 2968
758 2193
759 553
760 4335
761 1729
762 2318
763 1255
764 376
765 3136
766 3741
767 3930
768 836
769 3380
770 4184
771 549
772 2333
773 4641
774 4640
775 285
776 2648
777 22
778 1691
779 783
780 355
781 4594
782 1850
783 1539
784 3834
785 4703
786 3038
787 2128
788 1001
789 570
790 3170
791 470
792 4810
793 420
794 2903
795 3962
796 1739
797 4055
798 3840
799 1049
800 2085
801 798
802 29
803 4541
804 1400
805 1763
806 1426
807 3616
808 2543
809 4011
810 1208
811 1755
812 2518
813 1575
814 1462
815 1681
816 4356
817 1348
818 4254
819 969
820 674
821 1142
822 3768
823 3119
824 1431
825 2164
826 1802
827 4653
828 1313
829 1791
830 1968
831 4977
832 4858
833 2555
834 1502
835 1894
836 1971
837 1080
838 3911
839 1836
840 1879
841 318
842 1829
843 4500
844 1635
845 4261
846 728
847 756
848 2125
849 3084
850 3917
851 2025
852 2665
853 4481
854 1844
855 254
856 1390
857 3797
858 3844
859 4738
860 4432
861 642
862 3437
863 3939
864 1317
865 2756
866 4556
867 3982
868 3358
869 952
870 2841
871 368
872 3404
873 321
874 3990
875 4317
876 1264
877 3999
878 14
879 3176
880 4594
881 1685
882 1738
883 3623
884 2816
885 4023
886 1227
887 1119
888 4757
889 2486
890 3240
891 380
892 169
893 3291
894 3856
895 1299
896 1706
897 987
898 2826
899 4331
900 4254
901 271
902 776
903 1478
904 4076
905 457
906 681
907 4781
908 2829
909 1896
910 1577
911 3792
912 2610
913 4398
914 688
915 3198
916 2963
917 1192
918 3444
919 2335
920 696
921 2662
922 1857
923 4569
924 4529
925 2621
926 3655
927 4833
928 318
929 2928
930 2109
931 1650
932 4850
933 2379
934 2789
935 2329
936 1686
937 314
938 1105
939 4538
940 2962
941 3657
942 2940
943 330
944 3558
945 565
946 2027
947 2847
948 2494
949 721
950 4166
951 805
952 4836
953 3638
954 1726
955 907
956 1686
957 2110
958 4772
959 2869
960 3562
961 4193
962 2159
963 3577
964 4043
965 1194
966 4850
967 3405
968 4641
969 4501
970 1285
971 3481
972 3454
973 398
974 518
975 2516
976 4167
977 712
978 2248
979 1453
980 4434
981 1721
982 519
983 3470
984 4505
985 4252
986 1286
987 3878
988 111
989 143
990 1522
991 1582
992 794
993 4554
994 2052
995 600
996 1852
997 4274
998 3130
999 4956
1000 1589
1001 3497
1002 2935
1003 4151
1004 622
1005 2312
1006 2916
1007 4441
1008 2626
1009 4749
1010 4877
1011 2866
1012 1361
1013 4117
1014 4220
1015 2923
1016 4313
1017 4844
1018 2629
1019 788
1020 390
1021 4404
1022 1158
1023 4935
1024 3185
1025 1952
1026 2622
1027 4811
1028 2606
1029 2388
1030 1918
1031 3780
1032 3071
1033 4597
1034 1132
1035 2725
1036 3419
1037 4757
1038 4564
1039 301
1040 283
1041 694
1042 2315
1043 3610
1044 4831
1045 3957
1046 3056
1047 4887
1048 2922
1049 1317
1050 4984
1051 300
1052 2981
1053 2077
1054 2532
1055 1290
1056 1278
1057 4978
1058 1448
1059 4899
1060 3680
1061 3116
1062 1552
1063 1256
1064 2352
1065 4613
1066 4293
1067 4475
1068 591
1069 2461
1070 1685
1071 2504
1072 942
1073 872
1074 160
1075 147
1076 4543
1077 1991
1078 25
1079 1687
1080 2061
1081 135
1082 3370
1083 2129
1084 3044
1085 272
1086 1822
1087 2766
1088 367
1089 1703
1090 58
1091 1331
1092 3108
1093 866
1094 246
1095 3268
1096 4257
1097 2556
1098 787
1099 4317
1100 2871
1101 4238
1102 1906
1103 1964
1104 2870
1105 52
1106 2207
1107 4196
1108 2506
1109 1312
1110 4025
1111 4306
1112 2508
1113 3988
1114 1195
1115 1578
1116 2989
1117 3486
1118 459
1119 4276
1120 3047
1121 69
1122 1616
1123 2211
1124 3796
1125 3047
1126 426
1127 3978
1128 3504
1129 926
1130 3387
1131 4409
1132 3555
1133 330
1134 1348
1135 3996
1136 4943
1137 4647
1138 1132
1139 3460
1140 1713
1141 54
1142 1367
1143 4441
1144 4816
1145 1066
1146 2105
1147 1
1148 4946
1149 2500
1150 3774
1151 554
1152 3841
1153 2049
1154 315
1155 4033
1156 3109
1157 1933
1158 1180
1159 3718
1160 80
1161 2058
1162 2369
1163 2681
1164 557
1165 3144
1166 1364
1167 2816
1168 269
1169 3034
1170 1086
1171 2476
1172 3831
1173 39
1174 4373
1175 1575
1176 3338
1177 2864
1178 301
1179 996
1180 3436
1181 2213
1182 4423
1183 3258
1184 1204
1185 809
1186 4843
1187 3125
1188 2941
1189 4737
1190 3567
1191 1997
1192 1651
1193 378
1194 1645
1195 2267
1196 2689
1197 4400
1198 1025
1199 3117
1200 499
1201 4186
1202 1451
1203 4782
1204 4621
1205 4779
1206 2146
1207 1654
1208 3599
1209 2685
1210 549
1211 3335
1212 4264
1213 969
1214 915
1215 4571
1216 627
1217 1937
1218 2254
1219 1889
1220 1572
1221 4444
1222 2478
1223 3355
1224 1250
1225 2119
1226 2483
1227 4200
1228 3022
1229 2504
1230 4885
1231 3169
1232 3111
1233 4751
1234 4582
1235 3567
1236 3771
1237 3779
1238 233
1239 475
1240 2383
1241 2350
1242 2882
1243 4121
1244 3058
1245 1752
1246 237
1247 2631
1248 1828
1249 1014
1250 1178
1251 4439
1252 2591
1253 1367
1254 555
1255 4495
1256 3036
1257 1653
1258 2006
1259 3780
1260 4699
1261 208
1262 3956
1263 4312
1264 1400
1265 4029
1266 2607
1267 3889
1268 2281
1269 2249
1270 1065
1271 539
1272 3436
1273 1466
1274 2412
1275 2005
1276 3857
1277 3228
1278 1552
1279 3261
1280 413
1281 4667
1282 1804
1283 3313
1284 274
1285 4274
1286 4858
1287 1379
1288 2077
1289 2371
1290 2991
1291 1653
1292 3566
1293 2002
1294 564
1295 3724
1296 676
1297 3249
1298 2628
1299 2506
1300 728
1301 221
1302 3720
1303 898
1304 3447
1305 630
1306 4729
1307 2893
1308 3515
1309 2814
1310 825
1311 4840
1312 4306
1313 848
1314 2100
1315 690
1316 1534
1317 1578
1318 4455
1319 4265
1320 4539
1321 3104
1322 996
1323 3027
1324 4759
1325 725
1326 209
1327 4106
1328 3848
1329 2299
1330 3106
1331 3067
1332 202
1333 4430
1334 3043
1335 2359
1336 3361
1337 4054
1338 58
1339 1053
1340 3518
1341 1575
1342 3998
1343 416
1344 1141
1345 3673
1346 1111
1347 1968
1348 3887
1349 1438
1350 3624
1351 3485
1352 1548
1353 3645
1354 4999
1355 1999
1356 3754
1357 3398
1358 1163
1359 3147
1360 2761
1 131
1 2577
1 4492
1 1075
1 1303
1 379
1 4872
1 1176
1 4490
1 1662
1 203
1 2292
1 4929
1 732
1 2787
1 301
1 3971
1 1673
1 3753
1 2434
1 4682
1 2100
1 2209
1 4972
1 314
1 3724
1 3723
1 1873
1 3421
1 3449
1 2448
1 1972
1 3402
1 3749
1 3371
1 2173
1 3337
1 1473
1 3004
1 1036
1 4931
1 3900
1 2817
1 3802
1 2094
1 3240
1 3349
1 4514
1 3924
1 3714
1 3472
1 1330
1 619
1 1497
1 1642
1 3683
1 284
1 3531
1 3842
1 4026
1 608
1 4235
1 4944
1 3819
1 1885
1 4455
1 322
1 125
1 2539
1 2718
1 546
1 3934
1 4914
1 1827
1 1642
1 3766
1 3133
1 1522
1 1033
1 3833
1 313
1 3649
1 2617
1 2415
1 567
1 890
1 2649
1 4327
1 110
1 3881
1 1559
1 4799
1 3916
1 2783
1 3750
1 3454
1 2072
1 1739
1 3015
1 1081
1 1981
1 2152
1 3749
1 4986
1 790
1 1441
1 533
1 2121
1 2282
1 1543
1 1595
1 2083
1 420
1 3547
1 2208
1 4825
1 2860
1 1272
1 4990
1 930
1 4471
1 3220
1 4313
1 4632
1 420
1 1865
1 1725
1 1669
1 2717
1 4508
1 201
1 4516
1 2325
1 4023
1 2139
1 2418
1 1495
1 4398
1 4986
1 4089
1 3633
1 1724
1 1193
1 1623
1 3795
1 3103
1 862
1 2643
1 2672
1 2758
1 1962
1 3861
1 1915
1 4562
1 1417
1 4447
1 500
1 4707
1 1722
1 1042
1 1745
1 4776
1 3961
1 1275
1 2049
1 2047
1 4569
1 4726
1 3730
1 3642
1 3171
1 624
1 2333
1 3824
1 501
1 1895
1 1082
1 3951
1 4040
1 3886
1 3184
1 1952
1 4598
1 4899
1 3488
1 580
1 3345
1 730
1 2292
1 3152
1 3703
1 297
1 2210
1 640
1 2216
1 2411
1 3240
1 3930
1 3859
1 4982
1 2890
1 3182
1 4547
1 316
1 4052
1 1271
1 91
1 1773
1 1559
1 278
1 3896
1 4525
1 241
1 1592
1 3928
1 2425
1 403
1 390
1 1599
1 2548
1 2899
1 4604
1 1083
1 3035
1 372
1 3475
1 4547
1 1864
1 852
1 764
1 2894
1 2860
1 162
1 4408
1 1652
1 1478
1 3650
1 3970
1 2112
1 4710
1 2929
1 2617
1 1080
1 2714
1 1598
1 3955
1 4618
1 51
1 2668
1 3031
1 1838
1 66
1 4373
1 615
1 3626
1 933
1 4835
1 3848
1 1344
1 3012
1 1111
1 2034
1 2999
1 4166
1 920
1 4069
1 163
1 2851
1 4564
1 1736
1 2878
1 1076
1 441
1 639
1 57
1 3824
1 394
1 2888
1 2830
1 933
1 3881
1 1508
1 4608
1 2462
1 1515
1 4126
1 4821
1 1068
1 2633
1 4784
1 4092
1 3577
1 1506
1 2552
1 4653
1 2299
1 960
1 419
1 822
1 3345
1 1684
1 1447
1 1928
1 1854
1 793
1 2811
1 4915
1 3588
1 3748
1 2171
1 4239
1 795
1 984
1 2674
1 4468
1 4324
1 4491
1 1150
1 3606
1 2218
1 331
1 1811
1 1733
1 3506
1 2876
1 4933
1 3200
1 2359
1 872
1 1727
1 3679
1 2402
1 2163
1 1217
1 2287
1 3000
1 1427
1 3548
1 2211
1 2438
1 1704
1 1733
1 3097
1 1091
1 2813
1 219
1 3092
1 2977
1 2572
1 2273
1 3222
1 4785
1 4419
1 3098
1 2858
1 4272
1 416
1 3916
1 2869
1 244
1 909
1 3577
1 4524
1 1539
1 3779
1 940
1 1018
1 2260
1 4358
1 49
1 165
1 622
1 4344
1 2331
1 2649
1 3472
1 2519
1 4306
1 4250
1 1535
1 4170
1 982
1 4498
1 3774
1 1280
1 3072
1 2753
1 1731
1 4867
1 783
1 4398
1 3539
1 3903
1 2200
1 3047
1 4704
1 4812
1 4895
1 146
1 3237
1 918
1 1424
1 3611
1 2206
1 2746
1 4754
1 4138
1 4462
1 2409
1 1886
1 2328
1 473
1 2750
1 991
1 3097
1 2378
1 3312
1 2576
1 4727
1 888
1 2254
1 1751
1 3758
1 1944
1 1481
1 2853
1 755
1 377
1 4292
1 4394
1 3263
1 4104
1 2445
1 1775
1 4236
1 359
1 1841
1 2126
1 445
1 2713
1 1894
1 3909
1 2879
1 836
1 3701
1 1279
1 3643
1 4226
1 1215
1 2071
1 4931
1 1773
1 1
1 3521
1 3298
1 1009
1 2488
1 3304
1 2591
1 3979
1 955
1 3044
1 968
1 2125
1 3537
1 1458
1 4685
1 1330
1 2312
1 1241
1 2638
1 2300
1 2956
1 3999
1 1154
1 320
1 621
1 1193
1 438
1 4830
1 668
1 2648
1 1496
1 2196
1 139
1 4213
1 3816
1 3354
1 626
1 471
1 3549
1 4327
1 1205
1 4998
1 3992
1 1771
1 597
1 981
1 2888
1 2734
1 1980
1 1469
1 2976
1 3448
1 4748
1 811
1 478
1 1520
1 3444
1 3367
1 1995
1 1074
1 3607
1 2194
1 2372
1 4422
1 3369
1 3249
1 4353
1 1168
1 1709
1 1345
1 3029
1 1363
1 2897
1 264
1 4956
1 3151
1 1715
1 1767
1 2151
1 1342
1 1471
1 2157
1 824
1 640
1 4014
1 888
1 4655
1 4946
1 688
1 4243
1 2738
1 940
1 459
1 4456
1 902
1 2035
1 4595
1 4162
1 1387
1 329
1 2051
1 2661
1 2561
1 2027
1 2204
1 3433
1 2035
1 360
1 789
1 1461
1 2430
1 4869
1 4072
1 315
1 4593
1 898
1 3374
1 510
1 1456
1 3458
1 1741
1 4706
1 3665
1 4948
1 2718
1 1626
1 2790
1 3774
1 876
1 2367
1 3685
1 3607
1 214
1 4333
1 124
1 3512
1 2572
1 350
1 538
1 3237
1 939
1 2467
1 1816
1 145
1 3529
1 4751
1 591
1 2139
1 361
1 1150
1 1373
1 2711
1 1490
1 74
1 4258
1 2390
1 1023
1 105
1 3158
1 4916
1 2200
1 4383
1 1193
1 2507
1 2646
1 143
1 2255
1 1534
1 4986
1 4881
1 3923
1 3574
1 2828
1 781
1 2608
1 4745
1 3083
1 695
1 631
1 1416
1 3119
1 3993
1 401
1 3915
1 2875
1 4212
1 3100
1 3134
1 448
1 1883
1 2510
1 2755
1 1246
1 1227
1 4255
1 3782
1 4676
1 1344
1 639
1 4912
1 4107
1 2110
1 1849
1 3088
1 1369
1 1185
1 2195
1 4442
1 4
1 3231
1 2180
1 2015
1 2328
1 77
1 3080
1 4346
1 4123
1 255
1 3103
1 1406
1 2692
1 1035
1 4391
1 2448
1 609
1 3639
1 1025
1 4254
1 3626
1 479
1 4952
1 555
1 571
1 2564
1 3385
1 3618
1 1234
1 69
1 290
1 2387
1 2555
1 1065
1 356
1 1029
1 3586
1 2128
1 1535
1 162
1 3006
1 1650
1 538
1 95
1 4174
1 3461
1 2936
1 3414
1 4304
1 2935
1 1721
1 3713
1 3144
1 3005
1 1538
1 2740
1 1812
1 3135
1 4632
1 3943
1 3475
1 1805
1 2060
1 159
1 73
1 1772
1 1973
1 2514
1 1920
1 3496
1 622
1 1154
1 1207
1 3023
1 2993
1 3546
1 615
1 2635
1 1285
1 2154
1 1342
1 4479
1 4107
1 2917
1 2898
1 4640
1 1209
1 663
1 1665
1 724
1 1612
1 3317
1 159
1 2364
1 4676
1 2297
1 4865
1 1914
1 3839
1 3441
1 1665
1 3610
1 176
1 2937
1 4829
1 274
1 3648
1 2103
1 1002
1 1609
1 4519
1 2971
1 3718
1 3758
1 189
1 3920
1 2575
1 4591
1 3082
1 1212
1 3941
1 2507
1 4371
1 3703
1 1615
1 4292
1 2232
1 541
1 1611
1 3434
1 2901
1 410
1 408
1 892
1 750
1 2383
1 4527
1 2875
1 3695
1 4480
1 372
1 3597
1 904
1 3406
1 2575
1 264
1 2095
1 3171
1 4552
1 1234
1 2645
1 3524
1 3655
1 89
1 2948
1 1119
1 2310
1 1683
1 3085
1 1255
1 3202
1 2955
1 1932
1 1243
1 2520
1 4269
1 1706
1 4667
1 1407
1 102
1 4874
1 645
1 4877
1 4645
1 1061
1 3307
1 4512
1 4511
1 413
1 4875
1 3664
1 1534
1 3626
1 2937
1 3716
1 3517
1 2370
1 593
1 3449
1 3535
1 2014
1 2493
1 1445
1 4190
1 2658
1 4747
1 896
1 2745
1 2357
1 4171
1 2180
1 2276
1 562
1 3180
1 3574
1 233
1 2090
1 2822
1 4690
1 891
1 2761
1 4886
1 1060
1 1449
1 1696
1 641
1 153
1 4655
1 2422
1 2213
1 3775
1 3329
1 2169
1 1624
1 4916
1 3700
1 2220
1 753
1 3810
1 3195
1 3676
1 1922
1 4071
1 1538
1 1953
1 787
1 4039
1 1546
1 2772
1 4059
1 868
1 265
1 4520
1 1160
1 624
1 4734
1 2486
1 411
1 1802
1 4572
1 4363
1 2993
1 10
1 1170
1 96
1 596
1 2056
1 1956
1 2758
1 147
1 4896
1 1356
1 2186
1 4100
1 1588
1 2939
1 2509
1 2697
1 4179
1 4981
1 3501
1 1644
1 350
1 2764
1 3363
1 3236
1 171
1 1065
1 2567
1 1006
1 4715
1 4885
1 3044
1 3473
1 1502
1 3811
1 2552
1 1738
1 4823
1 3234
1 839
1 3552
1 537
1 3634
1 1523
1 3664
1 412
1 3790
1 1018
1 3807
1 1286
1 3257
1 524
1 4732
1 2618
1 4878
1 88
1 1597
1 2515
1 1975
1 3063
1 2512
1 3679
1 2483
1 3025
1 2449
1 2085
1 214
1 4812
1 533
1 4353
1 3294
1 4871
1 1495
1 3084
1 2748
1 273
1 4272
1 1840
1 2913
1 214
1 1959
1 3618
1 2301
1 643
1 4990
1 1720
1 1865
1 3617
1 4899
1 2616
1 1585
1 3588
1 4994
1 3986
1 829
1 47
1 2416
1 1311
1 4219
1 2309
1 3999
1 2049
1 17
1 2347
1 2539
1 1510
1 895
1 2720
1 350
1 1102
1 330
1 3139
1 4069
1 4391
1 3204
1 2156
1 1696
1 223
1 255
1 3836
1 1215
1 793
1 1077
1 342
1 1024
1 1890
1 2150
1 3692
1 3133
1 3121
1 4546
1 1461
1 311
1 1658
1 200
1 2083
1 1191
1 2099
1 4701
1 2821
1 3536
1 2517
1 1580
1 4567
1 4872
1 4535
1 3320
1 4506
1 3130
1 2276
1 3926
1 630
1 2889
1 1056
1 4303
1 1816
1 2266
1 1532
1 1468
1 2759
1 537
1 3581
1 391
1 4218
1 2394
1 3605
1 2206
1 2848
1 688
1 728
1 2959
1 4000
1 834
1 1601
1 2610
1 2416
1 4196
1 3879
1 4520
1 2105
1 822
1 4125
1 669
1 2026
1 2015
1 1363
1 4356
1 1990
1 4322
1 411
1 3464
1 1580
1 952
1 4036
1 2300
1 2341
1 438
1 3082
1 1483
1 1160
1 1419
1 3924
1 4387
1 107
1 812
1 1298
1 47
1 4829
1 4070
1 3940
1 811
1 3289
1 3728
1 123
1 3261
1 573
1 4178
1 2714
1 831
1 3556
1 4424
1 1610
1 3565
1 2736
1 632
1 2011
1 2280
1 3888
1 3194
1 2359
1 3972
1 2772
1 2447
1 1644
1 773
1 4401
1 4858
1 3986
1 1360
1 4623
1 3858
1 4549
1 4585
1 756
1 1422
1 3240
1 1877
1 2465
1 3088
1 311
1 2967
1 2632
1 4248
1 4025
1 3950
1 4526
1 623
1 2422
1 2556
1 964
1 2116
1 751
1 160
1 4149
1 4918
1 4252
1 729
1 4047
1 3198
1 4005
1 3066
1 4949
1 3176
1 119
1 4694
1 3000
1 894
1 756
1 2083
1 1990
1 653
1 3930
1 3289
1 3624
1 2323
1 2099
1 793
1 1809
1 46
1 4309
1 4727
1 2815
1 292
1 4112
1 4836
1 162
1 103
1 2816
1 4136
1 92
1 2491
1 1258
1 30
1 4904
1 3919
1 2297
1 1632
1 1440
1 2740
1 2425
1 1058
1 3220
1 2969
1 2508
1 4385
1 472
1 813
1 2358
1 3870
1 4431
1 1280
1 1672
1 2511
1 3204
1 2647
1 2945
1 4053
1 1529
1 4867
1 2317
1 4000
1 1194
1 188
1 3634
1 1439
1 2427
1 4572
1 3591
1 349
1 1947
1 2681
1 3094
1 4585
1 4204
1 1185
1 1130
1 2594
1 2951
1 2276
1 2182
1 2768
1 2497
1 2774
1 3203
1 635
1 3285
1 2391
1 706
1 4614
1 1014
1 489
1 575
1 1613
1 3817
1 3315
1 3384
1 4594
1 4126
1 1544
1 1086
1 3150
1 1547
1 609
1 3230
1 3014
1 1365
1 2677
1 1431
1 3618
1 32
1 2279
1 1092
1 3740
1 2421
1 3835
1 4522
1 3834
1 2333
1 2397
1 4100
1 1457
1 3633
1 1488
1 3007
1 1224
1 2778
1 1397
1 4973
1 2054
1 4839
1 114
1 1563
1 1288
1 1635
1 1317
1 1690
1 2093
1 3885
1 2725
1 732
1 2883
1 3009
1 314
1 241
1 1731
1 4115
1 4020
1 1600
1 3867
1 1089
1 1559
1 888
1 4242
1 4681
1 4106
1 4615
1 4243
1 895
1 186
1 1112
1 3156
1 2562
1 2436
1 3179
1 2283
1 3105
1 114
1 759
1 498
1 4077
1 3688
1 1419
1 4025
1 2948
1 2984
1 1295
1 1239
1 2983
1 2179
111 686
2551 1443
249 1027
283 1888
2076 1343
1060 2673
2503 1875
2567 137
808 3841
285 49
1520 2625
894 999
1261 2285
499 2900
1909 1639
1768 3049
1323 14
371 4250
1375 4188
1818 4317
587 4571
672 3728
1549 587
2361 485
1576 229
2511 230
785 3233
1289 3984
1288 3625
1844 3203
896 3980
213 2669
2722 3383
2338 3851
950 3288
1924 770
1988 10
930 3049
1368 2961
746 2205
1951 3686
2187 4997
834 4015
1294 1913
99 2250
2490 2988
160 1053
2562 1045
2441 4833
2345 4750
1218 1084
2529 2690
758 538
2707 4583
2102 1964
1375 347
1563 1148
2353 4878
266 4815
919 1118
1893 1339
28 1957
2442 1633
386 2582
1253 3852
2120 2938
257 1919
868 3126
1851 3045
76 543
286 1452
629 2136
2090 4128
53 1557
2024 1596
1723 4289
1839 1917
242 2279
1880 883
1000 35
791 4797
1738 754
1845 2180
1680 4677
1397 820
1277 3774
2038 1704
852 768
236 1711
2154 2900
1739 4983
440 652
1317 275
2678 4804
2094 4303
1952 3459
911 358
582 1166
1048 476
1966 318
842 875
351 573
1501 420
1171 8
2345 1697
234 735
2369 3450
1660 1020
2247 751
75 2268
42 1215
1790 474
210 99
2599 2745
178 773
1510 4164
2147 2867
2320 1536
1280 4825
238 4925
115 1224
10 2632
2794 2949
2007 2336
871 4862
2033 2983
2811 2725
275 2248
997 4083
679 1476
2604 4964
191 202
1861 3415
2747 1728
941 1383
2606 2026
1507 724
525 682
2485 1619
840 4281
2582 2302
569 4541
2355 1574
1832 2049
2101 2768
2652 4236
871 1932
2107 861
2679 2123
1826 1646
2515 4248
577 3491
1424 1925
2137 856
2360 1606
1791 1935
1331 99
694 2646
1293 4928
2688 322
1918 1407
1960 3673
2592 388
2002 3200
2458 3049
1084 4587
1552 4809
944 641
1250 4174
2211 3090
2407 3536
280 4785
2657 858
767 2705
2269 4929
2510 4334
2311 2224
2085 1638
1135 2114
754 1646
1522 989
1195 1650
653 813
1064 952
2269 1917
234 4474
2582 3394
2709 4344
2532 2125
1492 1921
171 2205
2211 320
1970 3866
308 4786
417 2793
1310 1938
182 3371
753 3254
1557 37
214 2622
1495 4546
2695 3752
1259 317
2863 3647
340 238
2568 2623
264 713
2316 2575
2449 349
2344 3609
2163 1477
1813 2396
1281 4073
1531 3767
1345 3538
2475 3440
2528 1274
1075 4757
1635 2989
1523 1983
1833 4577
2117 4376
2925 1656
964 3351
2487 2588
10 1642
143 4099
1382 3917
2908 3606
1468 3243
2510 3074
2061 4355
1306 4544
693 4891
1652 2497
1134 934
255 4059
2248 1125
1913 4270
1488 324
1360 611
642 4511
1328 1102
2058 66
1595 3975
2593 2778
2889 3706
524 3315
770 4689
305 4632
870 747
1609 4174
1976 4340
637 613
2581 561
887 800
31 3772
864 2316
2193 2452
2182 4298
2741 67
2704 710
1100 4125
250 1762
1808 1126
2876 1129
348 3251
754 2037
2571 4834
414 228
1801 3419
2552 2735
1855 3284
16 3145
147 3217
691 3546
389 526
960 835
1392 2072
1733 1229
2385 2600
999 3716
1174 2595
455 2271
2342 4416
973 160
2200 4690
1894 2614
1915 4913
2413 3587
1173 2117
296 2410
242 4781
1207 542
2454 2635
1418 44
1284 3348
273 4238
927 2294
2228 2371
2348 3447
2865 4896
2042 21
3669
1327 4412
2723 8511
83 7207
1701 6731
1986 7629
1594 8089
2988 4270
2443 4282
2292 5750
899 4734
3007 8750
1178 5848
1018 7757
2672 6334
2779 6174
2973 9977
1498 7564
16 4533
1607 6608
272 4918
753 9667
2867 9107
2838 7540
2040 3618
2506 9601
2993 3947
1295 4888
1927 4639
2202 5281
1914 9066
511 6593
1426 5302
1607 4488
2002 8415
126 3910
844 4008
1580 9714
277 6022
1677 6986
844 9777
2054 5190
2188 9770
1103 8605
2704 6935
1238 6083
2071 4959
2335 5010
1684 5300
611 4541
118 6172
2538 4538
1450 9267
1724 6038
1729 4724
642 8870
687 6667
191 6881
1375 3405
1820 3666
2559 4991
676 5924
1416 8083
746 4546
696 3774
2090 7399
390 9504
2685 6787
1324 6665
1356 8270
1545 7052
425 3399
519 8798
1679 5981
786 5092
847 6965
556 9895
1410 4078
2720 5837
933 7021
909 7546
1416 8563
624 7778
2774 6125
2993 9756
850 6003
2502 5404
1006 7623
2550 6328
1965 7331
36 8811
1961 9824
2374 9763
1874 5396
736 4915
48 4558
1637 4904
2706 7175
2299 9497
2785 3576
190 3988
1784 8045
2997 4116
1028 6167
228 5608
2537 5621
2236 7997
1076 7034
2709 9644
1140 5351
318 9409
2036 5760
2153 7532
1459 8701
2031 5630
575 5877
832 7964
1743 6850
2890 4632
2254 5396
2280 5422
1503 3417
559 7153
309 6731
303 7109
1748 6135
1742 5716
2164 8645
2961 3493
281 4475
1947 6771
1772 7992
2790 8419
2395 5419
1196 8203
54 6094
1149 5584
608 4423
1400 7629
1088 9298
1347 9956
541 8536
2404 3530
446 8189
2960 6836
2397 3991
2373 6267
1003 8054
1614 5503
2767 5257
844 8508
2687 8543
977 4563
2043 9580
2524 4428
2578 9797
787 7765
1857 9568
425 9787
2258 4805
123 6639
1054 3643
577 5080
904 4803
2375 5880
262 9803
1848 4370
2146 9635
1803 7135
570 5627
2315 5423
2586 7629
1285 7334
1158 3769
922 7770
2114 7672
1139 4698
2031 6063
958 6879
718 6654
2657 9723
2218 7446
557 3708
1952 7402
1164 5296
1049 5392
670 4770
1989 6600
2113 6311
294 9400
1067 6247
1103 7409
2120 6614
2591 4070
1389 8000
1392 7231
2608 8619
2587 9721
468 9548
2144 6863
1079 9942
2684 8636
2865 6098
590 7709
1637 5702
1138 5614
916 6498
541 4055
2555 7319
865 4750
1558 5342
462 3885
1279 3523
697 9653
1783 5482
74 4600
1138 4593
166 3624
3017 4176
259 5549
3022 8881
490 4235
2762 7637
1633 5475
2272 6636
1490 3981
2066 9688
2571 5046
1256 7839
2557 3881
2277 9438
30 6919
2935 4883
1598 3753
1723 9519
745 8792
2544 4175
2999 6296
1498 6873
125 3891
412 8143
217 9121
2758 9341
2891 7468
276 8483
1729 5093
1707 8386
1841 7336
1460 5601
2767 3707
1149 5602
2898 7473
968 8971
510 9604
1272 4725
2240 4291
2907 3552
2366 4901
2870 5098
475 4298
919 4429
2790 9245
2382 7232
1527 7988
2945 7044
746 7388
2880 7175
2624 8235
1333 9382
2905 7608
1937 4835
1738 5992
2113 4827
920 6640
2095 9940
1071 5669
105 8676
1249 4310
453 6765
2776 8128
1723 8170
323 3767
2553 9734
316 6087
2818 4077
1709 6296
2524 9351
1732 4864
1154 6773
2442 9400
1839 7986
809 5449
337 8578
2818 7154
565 4380
651 5355
2185 5280
1756 4787
2040 7478
24 4670
1293 9834
969 3850
2414 9963
2608 7015
141 7831
1653 8744
1465 5225
2740 4774
1433 3499
196 8622
1708 3756
1144 3927
603 7111
2965 5401
2886 6620
520 7060
767 4391
1659 5564
1464 9838
1468 6649
2368 6619
1445 5447
2712 7358
2824 5307
829 6916
1489 4026
805 4194
2334 5880
2062 4191
2090 8152
1360 7405
2864 5946
1351 7155
1251 3461
861 4212
2096 9108
793 5124
1848 9968
2621 5895
1470 9269
2866 9843
2529 4064
954 6711
974 4665
677 7139
199 8412
1199 5287
2926 4163
1992 8461
2688 4836
1044 6608
2189 9852
2235 5024
2917 4201
831 9818
1419 7977
1204 9180
1714 3737
733 5966
2673 8794
682 8480
2122 5734
1196 7216
1601 4012
2227 7607
1844 8194
1113 6915
1194 8077
2268 6802
445 9218
2428 9632
1774 7027
2095 9042
2558 9113
78 9010
1746 7436
2482 9444
2583 8805
1881 8178
1869 8925
2927 5528
2941 5480
2720 8089
1537 8905
2528 4382
224 4346
1032 7113
2319 5479
493 4632
625 6739
1784 6441
444 3493
2942 7070
1623 9443
61 7381
529 7155
1100 9200
990 8996
1004 9817
1389 9629
2808 9816
399 5771
1432 7304
2452 6591
2310 9387
2931 8847
151 8620
719 5122
1356 5312
577 7716
364 8961
1479 6025
2800 5861
2269 4385
2792 3489
861 7455
88 8203
2002 4439
85 5182
1190 7429
1505 4355
550 9500
1379 5355
865 4557
1177 8234
2120 7520
2933 4700
1437 6015
2585 7041
781 4949
1176 4671
509 8415
1837 9073
890 5652
727 8181
1535 3951
104 4203
1753 5272
2260 3572
2343 4664
1496 6857
2499 7631
1054 5261
761 6925
2114 8685
1092 5492
2599 7751
2443 9357
2715 5592
1278 4286
1574 6508
2813 4514
2813 8238
1425 3686
2411 7816
1922 8351
2333 6968
2177 5968
1486 6659
2977 9099
2972 8644
2863 4405
2113 4398
1991 9725
1672 6001
2694 7244
73 9455
1218 5114
1935 8011
1303 8934
2348 3642
2392 6762
2652 9675
1661 5582
286 5961
1891 9825
2724 6819
1790 7783
1866 9339
2795 5283
1463 7942
1215 7043
1001 7634
2795 9862
225 4273
617 4499
1931 6235
963 4635
2974 5389
2836 6918
1801 3798
1193 7206
2802 4450
1348 3969
1832 8638
1488 6715
2578 7791
2183 7972
132 9578
1555 4571
595 4456
695 7283
1716 6274
1510 9848
2759 4212
1395 8355
2768 3932
644 4585
456 9242
1737 7708
2461 7289
1617 3990
303 6361
2751 8327
2386 4810
2367 6327
2263 3961
2978 3688
1367 9004
2159 8333
1915 8581
2293 9982
2633 8764
2293 4423
1974 4212
2380 6861
1072 3391
1136 5999
1205 9559
1516 3859
463 9448
308 9048
2789 7451
675 7065
2903 6913
1559 6949
20 6084
2307 4863
986 9085
1373 8226
1833 4679
198 4187
976 9068
1589 7024
1349 7386
1622 4346
1104 8118
1487 5843
1697 4186
924 5110
2413 6864
2724 5373
2132 9608
1456 5353
1396 5567
815 8273
1979 6091
2809 5618
2048 7115
225 6309
2703 3413
1878 5649
2687 6851
2486 6199
855 6060
2565 4897
645 7537
1253 5134
2406 9719
815 9733
2633 4109
1808 4100
2775 3365
2333 6300
1461 7468
1674 6124
974 9746
146 9455
2615 9532
1920 9368
399 5472
965 3356
2404 5948
1648 7177
663 5469
2916 7594
1128 7335
1512 6747
1879 4710
585 9860
972 4206
2836 9226
1964 6803
807 7642
103 7121
2783 4251
1002 7591
2116 4781
563 5531
2496 3800
2013 9830
1618 5681
1642 3611
1002 8126
2879 7035
1561 3590
2715 7124
1025 5122
2872 5325
2810 9980
1701 4624
203 3582
1740 5962
762 8397
2376 9709
1729 6329
213 7827
729 4715
2620 5067
946 5304
943 4622
2267 6227
823 6588
2425 6443
155 9647
1216 4368
899 8238
1975 8601
950 8588
1597 8052
1259 8503
1767 9012
1443 4866
2913 8422
2205 4595
1575 9072
816 7541
2455 5065
864 5396
2601 8958
1335 6911
2070 9890
2293 6481
208 8665
1292 4434
594 5195
984 8395
1315 9216
1100 3528
1004 9745
169 8910
769 5838
510 6414
1503 7232
2791 6641
2157 7644
1298 6973
2643 4741
2452 5254
2782 8690
734 8430
712 7667
2570 4763
2527 9372
766 7821
1554 3809
1522 4416
2966 6859
1981 8729
2859 5162
420 5056
2078 6929
612 3628
2097 5898
2100 5130
516 3562
266 7323
2090 8581
666 4565
689 3968
969 4798
511 3370
442 8678
1111 6826
2683 4460
2835 5405
2892 7173
2026 6742
824 6933
1215 5239
104 7648
2536 7051
546 9658
306 8281
2907 3921
364 9390
308 9422
1841 4782
867 8477
2543 3616
2496 7493
2130 7587
422 5965
638 8004
864 8663
1748 7232
544 8998
2140 3453
966 9179
1481 8946
1738 9622
1736 9737
152 8855
2942 4589
1064 8592
756 5319
1555 9214
1250 4305
1650 6870
636 7355
1472 4293
2041 5567
2035 9197
2728 5854
2086 3363
2107 5041
231 7244
1270 8963
192 9093
1848 5433
1373 4573
1733 5864
658 7737
3005 9675
1316 4466
2322 3913
124 5657
809 9150
1195 9095
1843 6110
48 9936
2827 5651
1826 7921
675 7047
550 6052
193 3719
773 9096
1784 9178
596 4118
1763 7376
1812 6106
920 5946
347 7962
758 3701
2160 7020
1211 5572
1437 6286
2492 5350
557 3882
481 6727
2432 7311
1219 3387
432 5789
402 9352
326 5118
329 5855
320 5805
408 9075
343 9895
1059 5417
1960 5444
703 5966
25 8247
524 8966
866 7697
1175 6390
2974 8831
607 9483
1629 8959
2777 4028
2939 7609
197 8287
1815 6989
1320 6377
1626 4670
2799 7929
1921 4659
1626 4481
1976 5581
2167 4428
1700 4468
2832 3869
2893 7582
2530 5623
661 9375
3002 8914
617 9343
1693 4079
1422 6242
1602 8525
1678 4654
2262 6064
2172 5573
2574 5224
1407 4945
1706 4507
873 9315
2004 5712
1960 4155
1263 4025
896 8703
1511 3982
2430 5223
991 7011
1108 6796
788 8391
780 3471
2660 8496
2710 4880
1180 9789
2199 4710
1616 9822
2044 7071
979 4265
427 4270
35 8258
2414 7461
1634 5794
2137 3656
2781 8963
1319 5549
2381 9189
789 6375
1424 6779
2184 8080
2149 9907
2452 7451
185 4093
537 9258
778 6768
771 3781
829 8723
1898 8082
1998 9224
243 6303
51 3760
1281 7227
2079 9321
2819 5512
1229 8079
1769 7859
330 9958
2953 4060
1905 6216
1445 8096
2475 3843
1402 9482
1858 4346
2066 4244
2357 3885
183 6327
1131 3557
1946 9049
384 5089
1813 8259
89 3767
1395 8546
1269 6227
1688 6751
2565 5440
222 4105
4 4752
2601 3620
939 6266
152 4582
42 6169
1250 6502
1486 5526
2863 7573
694 9961
184 3407
208 6882
1412 5269
2152 9868
2179 6047
30 4701
2183 9000
321 4292
2325 4943
1632 8244
871 5342
2596 5750
2247 8075
2110 4756
2036 8462
2902 8375
2829 9729
1171 3679
2285 4183
2821 7444
188 5737
1096 6497
2472 3860
629 6029
2711 8598
615 8189
1894 4450
814 8447
1904 5564
2044 8230
1549 3933
1213 8042
1687 4517
3017 9499
567 6785
1174 7285
797 4063
69 6686
2434 5662
231 6999
2184 5244
2435 7741
887 3481
971 7625
529 5031
2002 7574
2588 5660
2395 8303
873 3628
1654 5778
112 9452
2037 7103
807 6091
1821 9466
1459 9253
513 6964
232 6743
875 9297
958 3819
1386 4372
1198 6613
1182 9513
335 7628
534 4492
1359 8850
719 5599
2970 5018
2936 8049
1066 7331
2269 9118
2005 6439
1936 9523
531 5219
2442 6604
2652 9290
718 4929
744 9614
165 5685
940 6456
1753 8360
111 4188
2924 6882
2064 5889
2265 7731
1985 9792
650 4003
1286 8118
2176 6266
2854 3872
2332 9134
153 3665
2347 9592
1513 6817
2470 4296
902 8694
1599 6095
1633 3444
1212 4239
2412 5631
416 8480
916 8525
737 4510
376 5692
2991 6471
1111 9386
1073 4553
2459 8534
517 9178
1122 4709
1753 5256
1077 4360
883 6170
2444 3562
1114 8671
1291 4715
650 7979
810 7247
1112 3954
2023 8481
749 6108
926 3998
1827 4386
678 8314
939 4511
274 7415
2577 9473
282 3945
2121 4762
63 8839
384 3656
1408 9235
1494 7870
2668 5057
835 3993
1067 6103
1347 7212
384 8156
2432 5210
2916 5425
994 5597
2363 5950
650 7479
483 3625
1004 7087
595 4120
1607 3985
2306 6578
2458 6163
2103 9237
1585 7115
351 7989
2175 3540
2343 4321
445 7741
1628 3479
1042 9148
2977 8270
859 8515
1259 5709
49 6557
2494 8693
501 7790
2784 3352
660 5131
4 3536
687 5070
60 5769
3023 3451
262 3971
2550 7975
730 6035
1571 8144
1522 3391
222 7957
494 8683
870 6570
1463 8656
276 8839
1163 4299
2962 4925
1468 5076
1103 8891
1196 9987
93 4797
185 3579
2112 6423
1125 5134
1107 5233
1092 6522
2902 7734
1107 3543
1267 9274
1074 7102
1940 9791
1843 6537
2571 6121
2570 8221
2556 7660
799 9419
964 7764
199 6953
2117 9352
2817 8438
125 9926
1494 3796
1604 8059
1459 9658
2653 7397
592 5321
2390 7146
2423 9740
1804 3382
2793 5294
352 3500
2149 3815
1459 5543
1014 5131
2297 8094
650 9404
569 6843
1678 9469
2580 8102
2831 5943
610 7316
859 4025
1951 9983
2941 9220
2279 5044
1108 7120
1158 5305
2439 3552
957 9798
1715 8147
2455 3374
2843 5615
555 6375
286 6835
2476 3821
402 4001
1326 4838
126 8850
677 9744
2248 4822
714 5479
827 8917
1237 7023
2077 5054
283 5890
3009 8573
774 4015
132 6692
1808 6384
1944 7596
1547 5799
1398 7420
2128 3747
934 7604
890 7504
2979 8043
2115 5616
287 8584
2927 4494
279 6593
2886 4535
1205 7344
1261 4938
2985 5024
1001 7865
1983 4482
33 5101
465 7838
1998 8490
2476 8317
980 3638
6 8098
968 9379
2100 7445
1477 3826
252 7935
65 7246
586 9669
518 5106
1219 4872
1641 8139
496 3971
1963 6083
1705 3562
2804 9651
202 5776
139 7219
198 4739
1724 4334
2174 8505
2426 7442
505 4535
557 5527
2414 7345
188 7471
1953 6766
174 7054
873 8067
2510 4288
1176 8662
2851 8866
2354 5223
2717 4309
871 5120
216 8861
254 4936
2312 8332
23 6614
242 6752
733 9543
2386 5521
7 6743
874 4227
2679 9387
815 6564
182 9373
835 6224
121 6826
472 3625
149 8162
529 5217
701 7234
1337 5910
2745 8666
1558 3836
1079 7482
505 5747
2893 9214
1735 8904
2596 3886
2915 8482
2181 9523
267 5231
274 7635
1495 4495
533 9100
1069 5132
2430 7786
2076 4743
648 7197
706 6616
2459 8239
1967 8286
552 7076
906 8551
2559 8230
2688 7158
1909 8572
3021 3654
555 4879
809 8530
2798 8177
936 7520
344 9679
2448 5627
2577 4277
186 4982
355 9548
639 4854
16 4009
448 5800
2817 3394
1693 8589
799 9262
1260 4784
2941 5947
2426 8174
1137 6597
2536 6670
1316 7510
548 9810
2966 8475
2772 9674
1981 7428
186 7901
2964 9650
1347 5760
1828 9492
2376 6755
2437 6742
2096 4051
1293 7589
524 8160
2702 4398
2216 8740
1288 4982
208 9872
419 4667
2010 5443
2387 6440
1506 9841
2077 8490
585 4168
2047 9357
1323 5532
56 6557
2529 9254
2346 9526
1559 6017
1569 4769
2714 8301
1624 7835
1790 9614
1556 9332
1500 6276
1587 3699
2605 9426
578 5964
805 3783
479 8307
155 4219
123 9800
1714 6851
258 9044
2186 8469
336 8979
1574 6714
2179 9463
874 3374
2519 8036
2497 6015
483 6567
1829 6226
1394 8490
1241 4658
2507 7025
2986 7967
1346 8683
1075 3353
1906 4820
806 5534
2877 9416
538 8777
1564 3384
503 7835
1584 6998
830 8291
2491 9678
2861 8952
2314 9386
1986 5947
1956 5858
1898 4511
961 6529
421 4921
1075 8367
2474 7664
2154 9184
739 5457
2277 5024
2808 4140
2169 6443
1345 9550
404 4946
2305 8282
288 8452
717 9354
2069 7106
599 8986
1610 9873
2507 3386
2013 7484
1628 5493
1219 7253
1157 7590
1045 7622
2152 6334
247 4261
2970 6709
629 3788
661 6988
1032 8096
2055 7168
2554 6187
2945 4250
1333 6831
1777 5296
477 7590
1518 5530
588 9930
344 9858
1145 7683
320 8766
1275 8423
1854 5145
2953 7516
2970 8160
2402 9504
1316 6200
2135 8747
1269 4047
1687 4794
869 7513
937 7105
2673 8749
1986 5813
156 7691
1933 4128
1391 5219
373 8141
572 7661
2158 3382
1805 8951
2963 6435
2246 3878
2794 4398
2113 4311
1981 5520
1567 6107
451 5042
558 3885
3 7123
1169 5672
1695 9564
2699 7127
1671 4835
731 4149
3023 4711
1519 4747
2588 4942
2476 5624
1863 5536
173 8433
2255 3389
1790 3721
1739 8547
2667 6242
1315 9372
2343 3540
377 7538
2874 8326
2363 6789
1619 5976
225 5604
1832 8250
2508 6480
2346 9207
2469 7620
2871 6600
467 4126
2892 7275
2421 4637
2554 6474
1749 4830
280 6745
449 8132
1668 4782
2621 9035
1918 9682
1080 8207
2637 7681
847 7138
1177 7117
363 6574
389 5499
1476 8623
1646 6730
440 5725
494 5511
304 7262
1237 6512
848 3415
2501 5240
904 7228
2497 9478
929 5602
1291 4057
1460 3994
469 4986
2022 5247
2942 7707
2492 9523
2471 6490
499 7771
510 3615
1703 5148
923 7311
2405 3417
2314 4832
1030 4295
53 8201
985 6015
1827 5646
1433 4993
653 7647
1858 5040
1135 9887
2801 5519
19 4959
470 5675
585 6344
2250 8651
2462 5336
2490 6897
1762 6221
1798 9201
2403 5288
870 3370
1930 3982
2499 9373
150 6965
2465 8885
915 5604
262 4199
2852 4632
1163 8267
306 3517
1908 7758
1996 6821
817 8207
676 6448
1220 4932
2664 9980
603 4812
2156 3766
743 7454
47 5781
2854 6476
46 9182
2290 4152
1736 6540
2175 5091
2964 3434
817 9954
2291 7659
1528 7911
150 6096
259 6685
2299 3892
209 4620
208 7338
2641 6144
1490 4337
2090 5968
57 5911
2590 5045
2149 6491
121 5967
861 5979
1058 4744
825 5481
2729 3670
2476 7815
2331 3397
2900 8062
64 9887
269 7515
1239 9996
2950 4992
1138 8319
2449 7486
1919 6419
2551 7705
2809 6814
1849 7565
2953 7936
1147 6907
192 5648
1225 8844
374 8228
345 7011
1201 7755
1134 6454
1702 8189
2378 6631
2087 7675
1698 9566
1103 4986
1195 9932
2771 4635
715 3905
435 9788
1992 4125
902 7700
871 3414
2862 4437
891 6054
339 8121
2588 7482
477 6975
2284 5430
2416 5582
1442 7869
2180 7688
2121 5699
1251 4328
67 8050
2166 6259
1025 7232
950 9320
170 5875
2364 7938
956 3682
1465 8457
862 7432
213 3573
446 7004
229 6528
2439 6213
995 4782
1927 4051
2977 7685
693 7373
1849 6097
2378 4374
723 8707
2628 9131
811 4078
2519 4935
2622 3492
1726 7342
2670 4874
1125 4180
2815 3755
2993 3388
447 8872
293 9430
2888 7522
2899 8074
2679 7535
1565 5687
2972 7526
1273 5382
2942 5242
367 7262
2571 6406
409 6784
1808 6540
404 9155
84 6889
678 4274
1853 7550
714 5634
2178 4485
1443 5621
792 7457
1645 5909
1073 6837
1316 9095
2364 9178
1195 9140
2664 7029
1650 7518
1000 7814
2997 5332
1288 8925
919 6853
692 4138
68 8407
1843 5483
1571 3959
2862 7869
2069 7714
63 8776
2669 5113
1323 9734
1569 6966
152 7050
481 6732
939 6528
2193 3855
1319 4964
787 3778
754 8050
2915 6122
271 9320
167 4171
1550 6559
26 8245
2821 5863
1440 7936
1252 9859
395 7992
2267 5545
1644 6446
2338 7205
1491 8132
1087 8365
2423 6362
2691 6788
355 8970
974 5985
2985 9509
2304 9702
2238 3479
1287 9209
632 5470
2513 7619
577 4477
2228 4117
1318 9211
1511 6465
502 7519
1585 7112
2417 8698
2231 5686
1011 8559
426 5394
170 6625
1037 3690
257 7474
3 6147
1667 8671
863 7422
868 5118
328 8675
520 6480
2849 4377
2527 9264
2117 6786
913 5886
2275 8150
1702 9778
2650 8132
849 9312
2372 9935
1245 4383
1941 8496
2161 9226
55 8323
2369 3590
3019 8984
763 4341
525 4572
1480 4429
619 7335
1927 6870
1441 6410
488 7040
679 7478
1398 6295
154 5822
2603 7152
711 6557
1525 6547
2033 6776
1360 9236
1569 5136
4 4326
46 3449
650 4679
710 3941
2708 3752
977 6179
2424 6745
2808 3916
2272 4716
580 5373
1669 9711
1146 7839
794 3423
1597 8039
2984 4073
1666 5157
1977 5267
310 7630
45 7623
2575 9735
277 9345
1300 6895
2736 7109
955 9567
975 7704
2596 9905
2560 3976
368 6019
2627 5115
664 6397
300 7219
1639 9035
28 8292
1157 3741
2715 6718
2654 4373
283 5032
2803 6294
2846 3519
2295 8607
2546 5847
2704 9526
2309 4415
795 5127
1924 8496
1199 4139
1229 8887
2144 7652
1721 3676
1574 4722
2865 4271
2606 5104
2864 6249
2349 8419
562 6877
2841 9622
2389 7544
1378 7666
1430 4831
102 8736
112 7529
2421 4449
1623 4026
1244 7072
1760 6095
1591 4553
1597 3659
680 9735
147 5202
657 6981
2744 8362
1168 7617
2687 8087
1580 6884
1579 5472
1612 7152
3013 6345
530 9303
1456 4875
1729 7918
267 5589
1713 4705
2839 7766
548 6563
1750 5166
2769 4248
1908 8255
2579 4936
421 5617
1842 5631
138 3363
401 5577
790 8273
632 6672
55 6280
379 8762
48 9900
204 3821
1696 8807
134 9253
2692 6610
296 6048
823 9292
2227 8104
1429 5205
2267 9299
1408 6475
2293 9519
1742 4611
2304 6519
123 8674
661 3631
2471 5967
625 9399
2864 9233
702 4957
2673 5483
962 7271
502 5487
1745 7718
1638 8765
1679 5545
40 3892
1696 5722
2651 5048
677 7802
2331 9519
2700 8903
1671 5558
3003 4786
2690 6660
751 3704
1315 3809
2103 4915
2711 9801
1638 9761
704 7837
1448 6345
2253 7169
720 8768
2713 9280
1843 7648
2989 5097
1872 4857
2420 8133
2591 6082
19 7640
741 7547
93 9990
255 4454
2482 8604
2085 8765
199 3950
398 5710
1185 6597
1620 8636
598 9287
2266 4709
1407 5730
1605 8355
1049 5844
2801 9774
2476 9925
1295 4385
1624 8739
1909 4060
1752 4837
1078 4730
1917 4173
4 5737
1693 7313
2921 7912
1076 9175
436 7838
2520 8674
1541 5394
1706 5529
804 5301
311 7733
196 5541
860 7132
2969 4699
4 9517
2177 6510
2797 4883
1251 5075
437 8121
1124 4096
1308 7021
2627 7796
289 7576
1254 8206
2648 9892
2956 5447
665 9666
2716 9134
129 7295
156 4034
1773 7798
2515 6868
388 3756
2043 7192
141 5033
1862 8739
2440 9528
1934 4996
1729 8259
1709 8382
765 7425
37 5825
879 5974
2277 7774
1738 5645
2634 9471
2137 7584
1433 7091
691 6785
1905 9444
2294 4141
481 5437
2505 5713
1251 6248
1540 5423
1146 4999
2092 3779
1648 4052
2371 6617
1803 5406
2791 9049
1022 9440
2158 6774
777 7072
2440 8498
655 4123
2234 9799
2802 7413
389 4111
2523 6243
2227 5457
2851 4287
2534 4126
1698 3778
2776 8344
2207 4706
1257 8128
630 3375
2755 4975
1507 9779
2700 4241
1041 4898
2257 3472
2214 7905
1296 4595
602 3337
161 5059
887 9360
812 5141
1058 5310
2872 4712
2563 5651
3009 7277
2413 5738
3007 4196
2459 8702
3016 4525
2010 5511
2968 5250
2828 5668
2341 9621
601 4940
491 5001
2665 6838
2400 7007
2857 8356
240 9306
1941 7603
1220 3758
2364 8670
137 5327
2540 7734
1366 4235
171 4565
1114 6136
611 8434
2875 5154
2370 9169
1571 5777
1452 5250
662 9976
883 4490
904 4548
1490 7191
1603 5895
1320 5402
2701 5863
358 8898
571 5630
1773 4257
367 3977
1362 5807
709 6629
1814 6015
2963 9794
454 8537
1553 5294
2494 9892
1441 9886
1029 6648
1777 3918
2483 9493
972 3803
1507 6444
2835 6120
632 5882
1055 6253
98 7398
814 5423
2003 9435
715 3702
1007 3388
694 9298
2163 5057
2054 4863
1767 3559
2040 7163
2970 8926
1316 6817
2222 3798
190 9184
2972 3601
1229 5801
2849 7594
2901 7664
2746 9490
2828 5699
979 4199
1826 8428
2676 7748
263 6532
1800 8415
2308 7095
2265 4472
1907 5724
1290 5530
202 6249
36 4273
2091 6820
2026 5889
2208 5830
2391 7921
189 8762
3010 8618
1901 5623
947 3461
2443 6682
2423 3788
2607 4379
2907 9870
2249 9976
797 4699
214 5846
1789 9695
1131 3805
2584 7981
2173 4140
1343 4065
557 4101
2138 4246
199 6569
1038 6682
2202 9158
268 7433
1637 7620
1135 7545
70 4812
2191 3400
2129 4176
1176 4306
470 7447
2722 4122
1062 9264
2304 8430
2516 8807
1886 9911
1750 8002
922 5445
1082 4211
2184 7069
1512 6464
2272 8954
239 8801
1295 3662
1929 6435
1666 6855
2836 3383
2197 8360
2319 9146
2481 3520
1458 3665
1165 3941
972 6773
660 5367
2223 4422
2691 4754
294 9556
61 5090
1754 5300
326 9587
93 7988
2582 4962
1278 6692
473 6778
2030 8622
226 4509
781 7717
2336 6654
111 8216
2506 9612
898 9853
732 6346
2091 4559
287 4211
1322 8491
1208 4627
1017 8819
1801 8072
883 6512
1715 9497
145 4035
1416 9065
1912 4235
779 4740
1520 5128
1372 5171
2310 9452
1260 7372
824 5807
1742 7598
2346 7320
2542 8838
19 8692
556 6942
2763 4215
269 6102
264 5067
2445 4975
1518 8611
2124 7911
860 5755
2212 6169
2693 8511
98 7872
1677 7521
2989 6247
564 4768
2145 3444
526 3742
241 7716
1819 3945
1331 5743
109 9504
2838 7578
1159 3939
160 7243
547 8492
1533 5790
1166 9823
2935 7240
1879 6368
2435 7588
851 8768
894 8608
3007 3656
2401 8524
849 6493
2640 9729
2012 6229
51 5597
1694 7259
1267 8844
565 5417
15 7738
1846 5869
2162 3815
1740 6387
1121 6908
1780 6650
2209 5661
2988 9098
669 4964
234 6859
650 6490
2397 4846
1946 4680
1485 7340
1484 3435
1226 9853
2210 8237
31 6539
266 3892
1549 9192
654 4971
2787 8880
2686 8905
595 8620
42 6626
138 8008
1439 7501
1106 3604
2833 5516
686 7628
1209 4676
756 6832
844 9550
450 6611
724 9632
1657 9483
2462 7829
2420 4838
422 3684
2270 6636
1660 7730
850 4170
814 9015
2412 7311
576 8837
2267 4953
1793 9888
490 5547
388 6598
2553 8045
324 6661
112 9270
666 6672
1369 7011
1343 7380
50 3825
1042 9864
1841 4450
2056 3898
1514 4186
144 5122
1336 7853
1593 8378
2437 7856
2962 5871
2395 6878
1890 5892
36 7770
1552 9813
1806 9668
2360 9767
572 9778
2630 6369
2014 6074
2520 5560
1939 4841
2231 8099
1828 9583
2387 9275
2215 9329
909 3394
2253 6113
2963 8456
2605 4551
2548 8129
1706 6940
2721 5819
2356 4955
567 4094
1005 9105
2242 5290
215 9536
502 3872
640 7538
1545 8259
517 3943
2363 7044
2454 3454
1951 3901
3007 3508
2448 7335
419 9344
42 9885
2200 9114
2385 7481
1336 7810
1848 9662
945 4899
1525 9150
2705 9453
1076 5054
1229 6166
2172 8934
727 4040
1267 4308
60 9238
2195 4944
2939 3691
735 8315
52 7863
2057 3391
2112 7128
761 8443
1221 9402
616 7320
2316 9196
1535 6355
2912 4063
1289 5556
1343 8473
1232 8851
2985 9017
1685 5146
512 5728
205 8078
1370 3631
2159 6914
2847 5386
2096 6784
989 7772
2977 6959
2253 4437
132 5668
2229 5121
1831 8945
1936 5959
42 6010
2173 5953
1821 6958
2385 4050
1626 7496
991 9423
1277 9665
841 7184
1292 3867
1477 9464
104 9721
811 4504
2158 9343
1653 5541
2067 4705
414 9960
3022 6631
15 9753
1220 4249
82 4772
1881 5852
690 9894
156 7162
2738 9942
1345 4128
2658 6467
2910 9302
1417 5689
692 4870
1270 3864
2138 5724
1353 7455
2010 4788
439 4437
224 6743
1141 8640
1485 7749
2637 7199
2353 3795
691 9883
2390 5213
1556 3535
851 4376
2084 5774
1432 5332
2619 5702
1722 6144
1898 3451
2058 8975
348 5652
30 4476
1005 9544
2791 7490
2718 4470
3004 9162
2991 7112
2336 6202
2967 4457
2938 8781
246 5376
649 4934
2265 9037
2220 6579
2563 8023
2795 7374
608 6209
976 7711
2762 5087
1824 7196
1764 9946
273 6379
821 8099
152 9250
2689 8282
1746 8745
1786 6303
691 4781
2786 6193
1430 6027
1561 3473
2383 5528
2568 7731
502 6134
1611 6743
2014 6939
958 5643
213 7211
324 7501
1687 6461
1135 5716
1756 8320
2603 9086
251 8457
2338 5302
1010 5855
248 9358
1724 3403
2701 5349
3017 8084
2369 7667
465 5852
1129 6551
1477 6746
2540 8008
532 8685
213 4075
1882 7426
1712 7964
1346 6594
5 4523
2590 5417
570 8971
1341 6227
2309 7407
1566 6455
1889 3864
357 4588
1198 7606
2811 7686
628 3696
395 5824
312 4349
730 8007
1141 5987
2190 3534
504 7633
1015 4086
2261 8689
2834 3570
2495 9317
732 7152
125 8870
1096 8028
1922 9138
1615 9323
1562 8578
1954 8922
2048 9465
2942 7762
1005 6908
2734 5309
1027 7047
764 8287
1103 9762
1378 3449
2710 3360
2650 8252
2910 4671
2985 3688
3020 8927
2702 3683
439 8377
749 5137
2311 7996
13 7174
2958 9633
2596 7673
2611 8342
2156 5448
1983 4368
1130 9170
1765 6512
2498 7088
1747 7368
1968 6358
1907 9300
149 5864
2663 9635
1261 5498
1547 5812
721 9341
2157 9752
2211 7198
175 7726
1475 4740
2633 4687
868 8266
2473 6231
2364 3807
1372 6717
2766 9813
2604 6037
2965 5639
2266 5007
835 9942
966 6246
217 9167
2572 9746
657 6832
818 8055
2663 8843
580 8549
1102 6262
2991 8506
2723 8385
1345 5986
161 7688
1738 7739
1455 4381
709 4190
2523 7824
2453 4876
1429 7717
391 4857
1438 8117
1875 7992
808 4787
2657 7921
535 7828
1613 7878
1911 8074
676 9470
769 7577
2720 9220
27 9138
1140 9128
2379 9593
128 8117
429 4460
1742 3487
2585 8921
1864 9633
95 9057
810 5370
2074 4723
570 4704
520 5592
1352 9425
740 3834
1180 8891
2051 6832
2289 4640
1479 7414
1619 6253
1659 6518
2478 6232
468 9418
2311 4502
179 8062
538 5747
555 7516
2746 6576
1087 7728
2247 3932
709 4399
2243 4546
507 8177
288 7649
715 9402
65 9916
1960 5623
166 6758
860 9735
1130 4087
1533 3737
601 4342
5 8096
321 9611
2613 7574
316 7287
303 9573
1144 9011
1294 7819
2911 8430
1914 5388
734 9407
497 5338
1441 7588
2542 7759
688 7670
2163 7336
479 9315
267 8104
2377 4988
680 7692
1543 7230
792 3778
909 4642
1356 7237
2409 9639
926 4505
703 7119
2795 8090
1235 7112
1370 5690
1396 4357
564 5936
1832 7681
2325 5815
2586 7551
1544 3724
1779 9464
3024 4980
2219 4340
2331 6798
2136 5111
1036 5389
903 9287
2033 6393
552 8481
736 6331
2570 7051
535 8331
591 4889
2289 5728
1081 7829
611 4161
714 8166
3020 9645
1051 8520
582 7194
1798 7931
633 7427
621 7463
444 7978
2033 4528
2888 9709
742 4199
1830 8975
1113 4711
2686 5963
1834 8839
416 8410
1219 7024
2115 8756
796 6750
1705 4486
1412 5385
2975 9281
2028 8940
2236 6405
981 8764
1569 3612
1030 4894
605 3422
1291 7696
2457 5090
2188 8192
177 7117
2123 8788
2400 6825
1261 9161
410 5654
2526 7787
935 9400
2187 7247
1121 5250
1509 8173
2692 4558
137 6291
609 5912
707 8963
2425 9707
2691 6985
755 7561
973 9188
2897 9533
330 3700
2547 5331
2778 6971
2753 7544
2079 8664
2133 6676
1962 5405
2586 4235
2477 6281
345 5111
321 6985
1177 7947
2685 5064
1440 5577
219 8877
565 8003
915 6587
1270 5027
534 9974
689 8863
2537 5131
2675 4803
1419 8542
153 4575
207 4166
2495 5881
182 4395
2072 8305
2458 3494
2486 9908
1431 3559
1566 4045
2949 8099
856 4346
692 5295
2950 3775
617 5359
349 4020
708 3559
458 7505
2085 6742
245 3575
1001 4632
1822 8868
2214 4805
840 9822
1437 9238
668 8842
3020 8969
2181 6032
2526 3371
979 4614
2779 8632
1176 8846
634 4086
1233 5355
202 3749
1363 4217
1601 7122
1845 9817
1638 6246
2248 5307
592 5407
220 7542
2535 5436
538 5622
2350 9119
1177 3373
1506 7637
2134 9505
495 6018
2436 6720
928 5327
1558 9362
615 3628
1060 8829
2510 6013
2685 5356
1147 6279
608 7870
186 6104
2066 5514
2072 9299
205 3766
2324 7009
1172 3411
2147 7709
62 5184
1964 6006
2973 4772
2364 8687
329 4425
127 9047
1768 7656
2710 8281
2525 6128
1981 8450
2104 6443
135 4603
2039 9380
2902 9589
2315 3964
494 9919
1931 3740
1791 7239
1155 9563
751 9876
2731 5211
1846 7593
959 9738
1940 8249
657 5492
1869 7769
2160 7436
2016 6009
423 6653
2661 4764
2329 6750
631 9821
1440 8242
2490 7975
2174 8833
1062 4181
1842 6000
2014 8590
2064 6746
543 7237
2756 6646
210 5079
1756 6176
1534 3653
162 4309
2617 7667
301 8293
681 9720
1227 3777
582 9109
1708 8351
2891 3412
2185 6324
2516 4939
661 7480
787 8271
808 3960
2327 7977
2536 8195
2815 4477
2648 9007
2326 7059
167 3876
2816 6394
1056 4145
948 6340
3016 6696
2715 3761
2308 4850
2995 6742
2152 9094
2978 6113
1443 6080
961 4223
1236 4884
1290 3986
2019 4281
964 6631
80 5738
2153 9123
1968 4898
675 9104
1966 3365
1311 8326
2926 6372
1338 8057
180 5085
301 8995
258 5508
888 6186
2399 5894
661 4533
175 5445
350 8352
770 5941
205 4981
2016 7221
2241 7944
1414 7121
2165 8862
631 4454
2343 9522
324 9807
838 5284
1306 9091
289 9503
1920 5294
1904 4651
1480 9842
2746 8211
2281 6769
2866 8399
590 9731
467 5394
841 7419
283 4723
195 7069
367 8578
491 8329
1188 6989
2127 5530
1910 3481
662 4620
406 9388
1213 5344
2098 7677
83 7331
1222 4679
1488 8873
436 4244
2000 5911
1947 5312
2329 6974
1354 9154
2611 7838
820 4662
2489 4650
2946 9689
2721 3540
1605 5543
2335 9624
1337 9054
236 4525
2014 4086
1254 4749
1470 7894
2814 5968
980 8016
61 5461
998 7084
105 9475
237 5183
1678 8113
142 9466
2810 8976
2860 9275
1851 4917
853 5526
2857 5174
1132 5142
913 3971
21 7976
2533 5948
2907 9367
1513 5159
1444 3905
931 7309
1531 5760
265 9243
2169 5785
594 4543
1837 3909
1675 4007
1808 9312
1481 4507
2055 7071
369 3600
278 8483
2989 9845
2768 8057
112 6772
60 7007
2724 7179
739 9496
380 6588
1033 9460
1546 7658
2536 7971
1204 8046
2574 5855
2730 6470
1761 4854
147 4809
378 5294
2028 5828
1592 4146
1693 5337
2900 6023
31 4677
1013 6391
1449 8295
1193 6340
891 4193
1879 4102
1991 3859
2570 5440
837 5408
86 4925
529 6403
322 8158
1822 6738
1489 4356
2538 6829
2504 4327
2410 4629
2061 8365
2691 7929
1695 9670
209 6318
1236 4456
1720 9916
2867 9077
523 4853
2931 9581
881 9242
408 5856
1724 5822
25 9820
2328 3508
2316 9606
975 5702
226 3564
2593 7317
954 9975
1525 7849
2986 8347
1715 4757
1092 4211
409 5905
1984 8905
154 7004
1728 7505
2750 3759
798 5106
2667 4318
877 8846
162 9474
664 5884
1525 7026
1005 7233
1365 7745
739 5784
478 5840
241 5399
986 9645
2400 7399
2584 3947
2179 3893
1472 8343
1544 5818
1127 5035
2949 3725
482 8251
1151 6894
1081 6396
76 4301
2702 9189
331 4112
2527 6262
2580 5735
1486 5805
884 7452
2073 9149
2366 7348
955 9460
1478 5463
960 8922
1799 7382
1980 9232
227 4394
1159 6043
28 5919
1872 4785
1790 9467
559 4257
2482 9608
971 9028
2762 8441
1540 4293
1152 9403
1791 4599
1629 8544
1698 8431
1872 4465
82 9654
1827 6716
500 4011
2797 5788
746 7787
833 8484
1983 6279
144 8846
2545 9613
2115 8029
1161 3429
2407 7521
498 3338
2227 7886
2631 7485
430 4217
235 5549
1201 6208
1016 3899
2849 9960
943 5465
2371 5932
1804 8054
2295 3762
1450 8110
694 3680
331 5136
2151 5655
1916 3962
182 4173
2731 5875
1959 5664
1676 7143
261 6775
1868 8178
2437 4763
1183 6440
2171 7804
1578 8048
2484 4811
578 5913
2977 7428
2071 7531
1972 4687
540 7972
1320 7090
2230 4462
834 4223
578 9296
1670 8737
2226 8233
1883 6921
736 8715
1491 7288
1076 7057
2928 6860
653 8877
1444 4062
203 9004
1727 4800
1847 7925
2899 6942
1063 3806
2095 5176
985 5660
355 9300
12 8491
1692 9727
657 9576
1232 9638
2642 3664
2217 7778
20 9059
1572 7402
723 9690
697 4024
1768 8480
1244 6995
2626 5200
23 6438
2949 7878
1752 7855
1521 8835
596 4404
1849 9398
2255 9363
2659 9167
1737 6613
971 9951
2607 7105
1724 9138
1506 5172
1122 9110
367 5906
1241 6790
2901 6088
1501 5740
635 6588
4 7870
337 4979
2399 6316
219 5828
658 3965
1006 3356
374 8921
187 5654
2851 3795
1087 3939
1874 6926
1914 9218
414 9343
2711 7663
2362 9829
1734 3897
1531 3519
2303 6692
2590 5801
2727 4864
1619 4653
777 7539
1459 8596
1037 4195
577 3780
1953 7206
1770 8634
2235 3562
1150 9778
2134 7691
1516 5475
706 8730
1386 4528
919 7165
1859 4671
790 8050
593 4567
2881 7259
2706 7186
2125 6134
440 5566
312 8094
1919 5348
544 8409
404 6580
2083 7536
212 8383
895 9386
2886 8140
2109 6866
680 7361
1156 6131
2261 9616
833 8339
139 8867
1064 4300
1632 7484
249 4862
172 5309
2939 8603
1510 5336
1638 8248
2905 9764
1086 9935
1495 7294
2958 4697
2668 6431
2084 5156
1916 7346
1570 4243
621 5796
477 7600
153 5485
1512 3779
2585 5099
1582 7944
278 4223
2626 4974
773 5022
2468 7316
2833 6140
2535 4432
2000 6126
2868 6752
2439 4471
907 9756
2579 8461
583 7340
2378 7628
2290 9301
1951 9730
1166 9887
1658 5889
2438 7763
715 9101
2170 5796
1010 9290
2232 7809
711 5319
2499 4728
2557 5131
302 9193
610 9396
1128 4656
2 4727
1052 3947
2950 9489
588 4880
400 8519
287 4275
815 9987
2009 8656
2756 4332
771 8640
379 3653
2720 9513
1022 8226
1088 5031
1436 7141
1348 5227
2310 6990
570 8819
2579 6345
1614 5188
860 6366
2330 4707
1213 9646
2003 5941
1308 6747
2098 7190
852 7957
1841 9913
254 7062
761 7184
2476 6467
343 5259
107 4245
1053 6267
1357 9639
1194 9252
2247 5413
1118 5332
895 7179
1814 3390
1298 8899
1211 7288
1376 4025
2978 3584
2499 7865
111 5111
1265 8542
736 4258
1862 8120
2883 8480
2584 7345
1560 4541
782 8426
140 6312
2250 7179
2057 3733
134 6472
2364 9326
1619 8670
276 8759
1364 3534
2494 3594
1116 4754
1687 4010
2090 6252
1001 9910
245 7787
2644 3723
438 7479
2537 4682
2287 5339
50 7473
2158 3878
2986 3979
1255 9889
1381 3333
866 7317
261 6851
2812 9081
2074 3855
2229 8548
1425 6187
25 5383
2976 3708
821 3694
559 3836
1357 9875
2685 5239
66 6135
667 5660
2149 7678
3012 3785
1165 8660
1493 9261
2174 5031
30 9900
1263 7019
790 8068
1448 6351
2280 8372
1280 7856
1873 4571
1633 6658
109 5465
2461 5100
2549 6140
99 7192
213 3466
684 5380
525 7988
1520 5119
752 7296
1867 8664
212 7503
452 4505
1787 6968
277 6730
1813 8819
299 6625
1880 5650
2293 9433
2032 8049
2542 4386
1761 5119
2336 7543
2375 7586
2401 4962
1651 9036
1222 3929
988 8788
2089 4070
1482 5660
1154 9194
398 9831
2736 9494
236 6569
2670 7390
1212 7853
1584 3517
434 6986
972 3343
1766 7321
960 6073
2575 4401
1505 9646
99 5086
96 3980
2558 6993
681 3757
1085 6381
2072 5453
2781 3778
403 6267
2303 9726
251 4826
165 6395
871 6612
3000 7328
2914 3685
387 8640
2482 5936
1065 3661
16 3617
1853 3423
588 7489
1064 8494
2358 4630
383 7618
519 4009
2450 9503
2652 5544
2132 9613
867 5502
1978 7203
1134 4118
2606 3536
131 9039
1298 3639
2130 4164
2558 6166
2556 5784
2920 8062
1456 7092
1755 7834
724 6499
2581 8337
2859 8309
464 6460
2456 3824
2969 3835
2018 9571
1237 6697
2904 4170
2643 7811
245 9324
23 6675
445 3865
2768 5637
76 3719
1623 7459
2759 4778
23 8156
1532 7613
152 3811
551 7411
725 3949
2649 7732
1969 7167
489 5177
2750 7355
14 3754
2622 5063
1862 6068
2723 7608
422 5432
632 7280
2805 6332
1555 9041
2648 9497
1752 9006
2462 4183
2616 6956
2159 7458
2112 8402
2765 7961
2437 7772
2158 6258
1696 4193
85 9281
1821 7699
2079 3478
996 7139
2892 4000
2362 7409
2279 5577
1896 4961
2476 9032
1410 3535
809 7744
2544 6567
1970 7330
2776 4596
1564 7897
873 9965
649 7981
130 7287
45 5162
368 8638
2402 9137
1927 7687
2904 7302
1518 3592
2671 8871
2626 6245
511 6451
757 8761
1377 4292
1817 5344
290 8274
1349 5538
2455 7358
1250 6182
1141 3473
2774 9755
2840 5224
2692 7237
1715 7655
2337 4197
1697 6583
2191 8156
1792 5593
276 4576
237 4402
1145 7226
3005 4229
2509 5239
566 4211
2482 8731
2061 6906
2962 5889
2769 8517
1991 8713
1863 7048
1008 8008
795 9729
2062 9574
763 5563
88 9277
517 5784
2100 9232
61 6313
2184 6044
2143 7007
2062 6137
2162 5114
727 5045
626 8204
130 5786
2980 3350
1069 4274
775 9419
761 7867
2107 6486
2184 6424
446 6309
2633 4071
82 5516
2890 5258
663 3554
100 6105
644 6426
2743 3629
1261 9575
2521 3808
1756 8047
202 4738
110 8357
763 4397
413 8195
2197 4697
2442 8578
676 9772
1791 6990
329 7081
2873 7507
1597 3663
2129 5675
1645 8933
1761 7837
941 9194
2429 3548
2262 8885
1021 6064
1770 6169
925 4381
1762 6805
1598 9448
1411 5114
1527 3383
928 4384
2190 7749
1771 4637
1500 5676
95 7477
2700 8725
2593 6457
2477 5640
1876 9269
2139 5807
2064 3843
1180 6216
158 4781
2401 6335
2694 7962
1336 6202
1593 8056
1599 6307
1363 8112
1062 5209
2776 9820
2399 6449
65 3752
264 4225
666 3838
986 4270
1863 8986
2358 9355
136 6226
1401 7253
389 4999
242 8874
1848 8087
1096 6554
2467 8550
2896 8133
1225 4077
2726 5369
2571 5947
1872 8109
1284 7246
39 7868
2783 3532

