345
2 1
3 2
4 2
5 2
6 1
7 5
8 1
9 7
10 1
11 9
12 4
13 7
14 3
15 9
16 10
17 7
18 14
19 17
20 14
21 3
22 10
23 2
24 16
25 23
26 10
27 14
28 13
29 10
30 1
31 18
32 30
33 31
34 1
35 34
36 23
37 32
38 2
39 6
40 4
41 7
42 14
43 34
44 26
45 35
46 45
47 19
48 16
49 2
50 48
51 28
52 7
53 20
54 25
55 52
56 18
57 40
58 10
59 32
60 23
61 60
62 32
63 59
64 32
65 16
66 30
67 51
68 38
69 43
70 38
71 5
72 66
73 3
74 70
75 22
76 25
77 62
78 33
79 57
80 74
81 55
82 76
83 41
84 11
85 3
86 85
87 19
88 3
89 13
90 67
91 53
92 22
93 24
94 15
95 37
96 48
97 46
98 83
99 80
100 26
101 86
102 37
103 95
104 61
105 84
106 47
107 45
108 35
109 49
110 95
111 105
112 29
113 97
114 2
115 78
116 105
117 66
118 98
119 114
120 22
121 117
122 86
123 2
124 95
125 7
126 90
127 72
128 91
129 68
130 50
131 24
132 131
133 43
134 4
135 41
136 37
137 21
138 60
139 76
140 82
141 117
142 49
143 70
144 135
145 133
146 43
147 49
148 125
149 41
150 68
151 18
152 69
153 1
154 39
155 55
156 105
157 81
158 149
159 47
160 74
161 109
162 140
163 51
164 104
165 29
166 103
167 158
168 93
169 13
170 156
171 43
172 68
173 40
174 156
175 30
176 108
177 151
178 125
179 40
180 59
181 151
182 79
183 121
184 130
185 70
186 28
187 182
188 62
189 7
190 129
191 43
192 81
193 161
194 134
195 33
196 153
197 29
198 71
199 117
200 136
201 8
202 98
203 52
204 7
205 37
206 24
207 196
208 46
209 185
210 46
211 117
212 90
213 134
214 153
215 116
216 58
217 7
218 118
219 54
220 107
221 215
222 122
223 68
224 147
225 73
226 184
227 214
228 59
229 16
230 55
231 62
232 65
233 94
234 85
235 128
236 102
237 225
238 197
239 209
240 186
241 2
242 224
243 66
244 25
245 116
246 178
247 95
248 124
249 28
250 83
251 225
252 57
253 35
254 237
255 130
256 105
257 1
258 227
259 78
260 150
261 173
262 193
263 191
264 179
265 239
266 54
267 14
268 255
269 145
270 136
271 188
272 139
273 128
274 156
275 84
276 20
277 207
278 152
279 47
280 157
281 235
282 9
283 121
284 13
285 168
286 6
287 114
288 120
289 282
290 279
291 268
292 189
293 207
294 21
295 264
296 97
297 118
298 143
299 57
300 248
301 90
302 16
303 183
304 160
305 264
306 160
307 163
308 235
309 237
310 240
311 139
312 150
313 228
314 51
315 25
316 121
317 282
318 135
319 211
320 46
321 228
322 309
323 317
324 89
325 124
326 35
327 322
328 251
329 239
330 126
331 72
332 301
333 142
334 208
335 274
336 316
337 329
338 61
339 58
340 10
341 38
342 240
343 209
344 320
345 128
7
1 2
2 3
3 4
4 5
5 6
6 7
8886644
