1000
1 2
1 3
1 4
3 5
4 6
4 7
4 8
6 9
2 10
3 11
3 12
8 13
11 14
1 15
9 16
16 17
16 18
14 19
13 20
19 21
14 22
3 23
4 24
24 25
18 26
21 27
20 28
11 29
8 30
21 31
9 32
16 33
9 34
19 35
5 36
12 37
35 38
8 39
33 40
7 41
19 42
21 43
29 44
41 45
29 46
28 47
44 48
31 49
48 50
3 51
45 52
52 53
38 54
28 55
13 56
45 57
8 58
49 59
53 60
9 61
34 62
26 63
34 64
61 65
44 66
53 67
26 68
11 69
26 70
39 71
30 72
11 73
66 74
5 75
3 76
30 77
70 78
33 79
26 80
75 81
16 82
28 83
75 84
20 85
40 86
52 87
75 88
58 89
28 90
79 91
87 92
15 93
58 94
47 95
70 96
43 97
16 98
33 99
48 100
56 101
85 102
58 103
62 104
67 105
77 106
97 107
54 108
104 109
72 110
52 111
38 112
45 113
82 114
83 115
67 116
46 117
97 118
111 119
75 120
86 121
42 122
55 123
112 124
106 125
111 126
49 127
58 128
98 129
65 130
79 131
110 132
12 133
106 134
72 135
107 136
30 137
65 138
79 139
108 140
74 141
47 142
133 143
79 144
123 145
136 146
126 147
134 148
110 149
108 150
103 151
111 152
10 153
60 154
87 155
10 156
65 157
52 158
138 159
157 160
74 161
69 162
124 163
58 164
11 165
43 166
55 167
36 168
84 169
157 170
71 171
6 172
80 173
111 174
32 175
147 176
160 177
154 178
142 179
178 180
168 181
135 182
113 183
163 184
36 185
183 186
153 187
69 188
20 189
57 190
136 191
131 192
12 193
17 194
18 195
81 196
175 197
144 198
79 199
50 200
13 201
168 202
102 203
135 204
174 205
49 206
201 207
54 208
161 209
152 210
26 211
131 212
25 213
163 214
62 215
119 216
198 217
46 218
110 219
64 220
3 221
153 222
69 223
25 224
47 225
189 226
21 227
46 228
102 229
176 230
156 231
35 232
34 233
69 234
114 235
53 236
177 237
79 238
82 239
166 240
88 241
238 242
66 243
242 244
172 245
138 246
90 247
234 248
152 249
120 250
129 251
187 252
195 253
70 254
186 255
13 256
60 257
101 258
122 259
105 260
35 261
130 262
117 263
44 264
162 265
60 266
113 267
136 268
200 269
217 270
266 271
147 272
252 273
115 274
96 275
223 276
225 277
83 278
211 279
23 280
184 281
51 282
24 283
183 284
115 285
30 286
259 287
248 288
121 289
48 290
6 291
13 292
251 293
158 294
117 295
128 296
29 297
277 298
136 299
169 300
123 301
56 302
112 303
50 304
69 305
262 306
158 307
72 308
37 309
73 310
47 311
190 312
128 313
158 314
133 315
78 316
296 317
126 318
118 319
76 320
305 321
281 322
129 323
219 324
288 325
225 326
145 327
306 328
244 329
243 330
13 331
168 332
175 333
237 334
322 335
49 336
252 337
171 338
205 339
181 340
191 341
109 342
63 343
98 344
216 345
281 346
200 347
196 348
232 349
190 350
258 351
166 352
265 353
152 354
321 355
106 356
216 357
154 358
214 359
200 360
126 361
356 362
255 363
74 364
154 365
23 366
160 367
10 368
248 369
103 370
20 371
329 372
263 373
184 374
213 375
239 376
54 377
46 378
154 379
129 380
26 381
334 382
115 383
276 384
43 385
116 386
115 387
354 388
351 389
95 390
265 391
111 392
27 393
89 394
373 395
181 396
147 397
192 398
341 399
8 400
257 401
316 402
255 403
291 404
221 405
294 406
185 407
248 408
12 409
236 410
230 411
176 412
211 413
12 414
20 415
263 416
94 417
121 418
149 419
259 420
200 421
198 422
299 423
59 424
83 425
371 426
68 427
412 428
287 429
344 430
345 431
414 432
32 433
331 434
30 435
275 436
182 437
126 438
192 439
140 440
338 441
29 442
28 443
60 444
205 445
403 446
328 447
411 448
170 449
325 450
321 451
276 452
203 453
320 454
427 455
231 456
303 457
21 458
202 459
282 460
280 461
216 462
258 463
200 464
156 465
239 466
323 467
73 468
245 469
24 470
249 471
205 472
238 473
236 474
406 475
373 476
411 477
156 478
222 479
398 480
408 481
475 482
247 483
460 484
416 485
476 486
258 487
92 488
55 489
379 490
51 491
67 492
41 493
269 494
206 495
393 496
253 497
66 498
137 499
415 500
71 501
58 502
348 503
84 504
122 505
86 506
308 507
460 508
17 509
509 510
136 511
314 512
302 513
497 514
510 515
450 516
216 517
21 518
284 519
145 520
249 521
321 522
357 523
416 524
447 525
138 526
294 527
170 528
92 529
523 530
436 531
121 532
15 533
428 534
357 535
17 536
501 537
352 538
469 539
539 540
404 541
284 542
398 543
398 544
311 545
38 546
401 547
302 548
122 549
383 550
305 551
263 552
239 553
309 554
244 555
381 556
377 557
451 558
305 559
165 560
256 561
65 562
512 563
54 564
125 565
430 566
129 567
171 568
24 569
275 570
515 571
179 572
255 573
517 574
208 575
108 576
56 577
85 578
16 579
407 580
490 581
356 582
218 583
470 584
296 585
260 586
288 587
43 588
167 589
290 590
263 591
114 592
401 593
208 594
38 595
134 596
393 597
271 598
562 599
412 600
9 601
533 602
72 603
468 604
526 605
381 606
404 607
457 608
123 609
602 610
7 611
598 612
352 613
145 614
551 615
409 616
453 617
412 618
507 619
362 620
109 621
504 622
210 623
212 624
184 625
600 626
92 627
148 628
60 629
612 630
52 631
564 632
234 633
452 634
217 635
568 636
281 637
597 638
134 639
146 640
199 641
195 642
8 643
284 644
253 645
512 646
408 647
314 648
284 649
286 650
224 651
449 652
536 653
273 654
572 655
550 656
507 657
550 658
163 659
311 660
101 661
155 662
555 663
293 664
443 665
302 666
132 667
398 668
545 669
617 670
526 671
370 672
101 673
666 674
432 675
510 676
229 677
194 678
674 679
595 680
175 681
103 682
356 683
396 684
279 685
518 686
528 687
34 688
565 689
209 690
5 691
263 692
325 693
317 694
288 695
175 696
531 697
614 698
630 699
3 700
142 701
119 702
27 703
299 704
540 705
57 706
609 707
181 708
86 709
406 710
597 711
204 712
110 713
451 714
81 715
622 716
70 717
549 718
304 719
331 720
139 721
580 722
718 723
514 724
614 725
59 726
548 727
97 728
42 729
572 730
77 731
198 732
342 733
732 734
596 735
521 736
468 737
574 738
357 739
321 740
10 741
723 742
238 743
444 744
151 745
137 746
81 747
215 748
502 749
11 750
366 751
99 752
247 753
495 754
263 755
468 756
450 757
134 758
611 759
730 760
8 761
581 762
689 763
194 764
351 765
467 766
325 767
758 768
629 769
55 770
489 771
208 772
328 773
603 774
461 775
293 776
28 777
324 778
269 779
323 780
730 781
655 782
97 783
475 784
624 785
593 786
226 787
123 788
29 789
265 790
687 791
49 792
334 793
289 794
483 795
180 796
116 797
57 798
570 799
469 800
520 801
697 802
388 803
765 804
261 805
773 806
390 807
420 808
189 809
735 810
329 811
436 812
722 813
440 814
602 815
729 816
638 817
198 818
748 819
162 820
21 821
113 822
532 823
600 824
27 825
13 826
497 827
480 828
510 829
457 830
40 831
535 832
468 833
303 834
580 835
586 836
667 837
270 838
82 839
145 840
440 841
80 842
153 843
818 844
663 845
754 846
313 847
628 848
762 849
386 850
401 851
147 852
636 853
438 854
111 855
158 856
7 857
271 858
516 859
108 860
563 861
325 862
457 863
720 864
65 865
522 866
315 867
201 868
572 869
87 870
101 871
836 872
87 873
272 874
736 875
49 876
788 877
572 878
316 879
12 880
75 881
339 882
21 883
433 884
285 885
551 886
136 887
488 888
259 889
213 890
818 891
193 892
749 893
883 894
437 895
201 896
56 897
1 898
318 899
462 900
200 901
307 902
399 903
572 904
178 905
478 906
728 907
522 908
513 909
272 910
266 911
798 912
313 913
697 914
537 915
692 916
589 917
150 918
411 919
63 920
61 921
733 922
543 923
87 924
780 925
834 926
15 927
66 928
896 929
34 930
769 931
677 932
58 933
485 934
417 935
785 936
607 937
883 938
13 939
539 940
367 941
597 942
269 943
711 944
861 945
889 946
475 947
906 948
175 949
418 950
763 951
123 952
832 953
825 954
582 955
95 956
815 957
487 958
897 959
69 960
737 961
142 962
104 963
107 964
146 965
247 966
863 967
556 968
200 969
369 970
814 971
836 972
604 973
728 974
659 975
588 976
222 977
287 978
238 979
973 980
299 981
559 982
422 983
139 984
809 985
855 986
263 987
403 988
866 989
529 990
709 991
271 992
612 993
605 994
741 995
696 996
644 997
608 998
31 999
434 1000
