1
1000 1193
4527
186 525 2
925 903 7
717 591 3
730 454 1
177 556 1
692 482 6
365 226 4
84 853 6
522 525 7
414 87 1
922 797 7
542 603 2
512 978 1
860 579 5
546 683 5
725 595 8
762 801 7
16 362 3
937 859 10
233 606 4
25 277 11
539 436 2
836 854 5
85 496 2
887 133 7
884 110 4
249 64 8
83 344 1
768 418 4
481 64 11
82 323 7
739 403 6
882 282 1
540 295 4
551 458 5
540 9 3
753 615 2
307 103 7
161 483 4
28 978 1
50 396 7
212 993 1
933 984 1
419 352 11
122 428 2
336 663 9
222 807 7
822 614 6
402 940 2
417 827 8
248 598 4
797 756 5
480 346 5
781 742 9
139 962 8
348 9 3
500 351 3
917 635 8
213 253 4
355 926 4
277 470 6
956 340 5
544 622 4
414 871 3
403 523 5
709 459 1
134 428 7
495 253 9
419 130 11
967 809 8
122 346 4
503 57 3
300 294 11
271 895 8
998 142 6
974 267 2
966 250 6
123 233 2
658 258 8
368 134 1
728 700 8
225 950 2
277 701 1
333 254 6
314 134 8
542 293 1
772 490 7
873 17 7
887 389 5
458 848 4
272 240 8
115 685 6
390 593 4
603 790 3
872 249 1
391 280 6
307 54 8
603 346 2
310 62 4
124 255 6
821 551 8
375 399 6
946 812 5
54 760 7
444 123 10
683 458 4
724 888 6
441 1000 6
44 595 4
272 274 2
148 433 2
194 409 6
804 471 8
740 736 6
290 367 6
22 802 2
430 824 4
156 828 6
144 262 1
773 960 3
566 772 11
759 561 5
491 36 5
712 799 5
824 444 3
303 582 4
235 297 2
666 852 7
9 670 1
632 750 6
328 541 7
305 194 4
508 970 6
774 285 8
257 450 6
944 685 5
807 248 3
616 182 3
179 452 6
68 764 1
925 928 5
106 671 1
173 67 10
82 132 10
256 33 6
968 733 6
209 164 9
36 800 2
322 802 1
595 978 1
429 611 2
913 867 5
385 366 8
71 435 3
931 774 6
877 804 4
864 607 3
531 428 5
344 639 2
348 468 3
751 551 4
479 319 6
833 192 5
428 282 7
901 326 3
387 147 4
920 754 3
247 233 9
690 167 4
494 862 3
450 98 4
265 383 3
342 751 2
731 688 5
665 908 7
913 183 5
626 135 11
891 887 9
670 629 4
102 762 8
158 406 7
47 62 2
685 562 8
993 504 6
42 812 8
982 703 11
97 135 3
942 180 6
1 763 7
237 27 6
327 450 2
808 647 8
471 196 8
17 976 3
9 800 8
911 812 5
209 775 8
48 638 4
861 221 1
221 673 8
967 478 4
603 634 5
178 670 11
84 307 9
729 211 1
581 470 11
118 958 2
722 337 1
726 779 7
738 572 2
383 473 10
64 442 7
463 925 7
357 517 2
507 22 2
90 489 4
271 243 6
135 78 5
840 149 5
139 361 3
51 19 1
711 351 8
421 358 11
215 587 1
726 160 9
975 694 8
616 35 10
95 462 9
315 104 6
756 153 6
943 464 5
474 167 8
147 134 1
165 346 3
346 967 5
126 44 9
909 787 8
206 230 6
187 736 11
685 652 4
90 458 6
816 649 6
896 527 4
155 139 1
627 502 3
229 314 3
989 532 5
496 449 3
932 501 8
778 201 6
768 685 7
442 658 3
3 98 9
269 275 3
545 590 5
89 972 10
320 300 6
760 10 4
568 419 6
519 164 1
704 18 1
688 920 4
173 141 1
452 624 1
625 925 8
185 890 9
772 548 7
401 347 5
912 457 1
826 865 6
434 24 9
898 982 8
105 731 11
497 560 3
919 368 4
197 513 8
386 134 8
922 961 8
751 923 6
661 587 6
191 593 11
705 452 8
970 557 4
497 57 4
570 376 5
608 834 4
457 953 4
986 531 8
200 979 1
50 605 3
440 942 6
626 895 4
678 57 9
792 587 6
676 301 8
446 292 8
500 827 8
634 780 3
22 67 7
986 999 9
652 341 8
306 487 5
332 403 5
291 427 5
274 874 1
889 937 4
772 397 8
332 157 10
288 77 4
293 666 9
405 798 3
177 565 7
594 530 4
529 381 7
235 268 7
841 560 7
508 37 5
805 737 1
341 636 7
564 908 9
197 101 6
651 31 5
829 943 2
274 415 4
720 603 3
354 570 5
187 266 5
861 188 5
43 923 7
372 295 5
525 704 6
460 317 5
462 224 4
793 563 5
190 955 9
898 761 6
264 165 7
217 322 3
687 75 8
413 823 4
938 34 6
263 125 6
307 79 2
271 474 6
781 901 2
518 216 8
307 252 4
201 112 2
159 222 6
509 114 1
449 490 3
928 20 2
430 165 5
204 97 6
319 279 3
965 413 10
439 952 3
413 232 10
345 529 4
531 95 10
178 564 6
368 774 8
282 796 6
943 280 3
225 486 5
716 208 2
444 780 5
173 377 8
83 948 8
670 22 11
102 957 8
660 25 4
350 111 1
867 379 2
449 870 2
870 1000 5
284 998 6
101 558 7
16 32 7
924 601 5
645 606 3
485 959 3
260 325 3
978 845 7
100 679 1
376 55 7
242 324 5
45 930 7
646 529 4
696 904 7
575 855 4
92 410 3
860 495 4
996 335 4
949 542 5
715 30 1
566 470 8
901 722 4
176 779 2
630 398 8
333 636 1
501 933 1
901 73 1
453 301 6
549 619 7
35 845 3
622 842 4
992 168 6
527 888 5
113 977 2
142 753 8
435 956 4
318 276 6
405 2 2
405 987 3
775 172 8
581 568 7
321 473 8
61 164 8
409 995 7
232 612 4
417 412 7
304 855 8
836 88 3
986 553 4
650 807 6
252 467 8
854 341 9
843 121 8
61 990 1
951 516 5
628 77 8
271 354 9
856 601 7
152 649 7
398 645 9
521 121 1
883 779 4
716 139 1
172 960 4
199 159 8
269 843 7
691 765 8
143 880 5
527 610 5
911 837 1
655 193 8
636 399 9
890 511 1
408 955 7
941 578 7
419 13 1
298 351 5
232 850 2
945 851 6
513 730 8
814 730 4
803 925 6
111 272 1
210 926 7
31 786 11
272 7 2
271 373 8
198 747 7
185 474 4
786 388 8
826 732 1
445 119 1
200 62 6
860 24 3
187 274 3
593 165 2
458 31 11
468 875 4
657 581 7
3 46 4
604 286 2
630 238 2
67 129 2
514 242 9
382 614 3
135 74 7
937 970 10
729 257 10
740 699 1
804 994 6
568 554 3
531 646 8
86 501 3
288 801 5
492 295 8
692 686 6
827 21 2
682 860 4
772 603 1
909 651 5
484 116 7
544 878 8
301 976 5
450 359 5
883 5 2
292 53 8
651 836 4
932 964 5
534 649 3
736 967 4
788 644 2
929 990 11
554 25 5
544 597 8
813 265 7
613 653 5
906 430 4
846 716 1
436 867 8
117 232 1
9 58 5
657 188 8
771 317 8
243 30 2
211 16 1
787 66 11
293 440 8
425 49 5
322 387 9
126 980 10
930 700 7
122 419 4
655 181 3
15 47 4
145 827 2
454 209 10
341 810 8
274 283 3
932 711 10
971 115 2
586 461 8
287 945 3
262 927 11
57 26 4
619 766 6
935 459 8
629 833 9
604 102 8
99 903 7
730 943 7
847 532 3
681 14 2
419 917 8
302 772 5
686 102 1
456 754 3
314 999 7
523 588 1
861 670 11
52 152 5
536 929 4
668 74 8
451 545 8
802 363 3
292 701 2
178 684 3
384 302 11
395 885 8
58 738 5
508 587 2
324 420 7
105 981 2
40 956 2
538 338 8
466 513 3
423 178 4
917 614 8
745 633 2
175 879 5
226 998 1
421 70 8
542 29 2
511 153 9
348 828 4
877 245 7
327 466 2
384 695 5
23 878 3
568 106 8
369 505 4
123 339 3
577 340 7
670 600 5
855 427 8
952 591 6
683 217 2
744 876 1
637 62 5
840 455 3
396 140 2
384 123 1
440 12 10
611 648 8
960 86 8
233 457 5
826 904 3
556 988 3
333 851 1
271 659 3
119 434 6
172 307 3
953 81 5
750 170 5
340 738 2
371 472 4
475 477 4
443 705 7
591 307 3
178 431 3
85 552 1
619 299 8
852 899 2
782 124 11
934 550 7
96 733 3
143 422 5
911 623 5
182 834 1
693 434 8
80 134 4
293 360 7
456 543 9
264 292 11
246 371 8
617 582 3
993 883 8
619 72 3
143 975 11
203 642 8
772 158 8
400 686 8
849 286 8
837 82 7
234 738 7
926 327 8
560 590 11
430 927 8
39 358 8
580 369 3
171 937 4
358 446 8
309 508 6
563 252 10
573 582 5
371 154 7
770 895 6
459 122 2
755 262 4
894 643 7
810 72 1
976 751 6
977 205 9
389 66 8
827 178 11
957 432 7
826 849 3
102 458 2
114 21 8
488 472 5
928 801 4
205 719 5
898 899 4
938 661 4
714 112 1
559 327 8
924 710 7
606 880 4
558 434 2
744 561 7
173 947 11
498 813 6
715 820 7
392 958 8
91 161 6
458 9 4
508 776 3
576 100 8
126 708 1
768 349 3
866 350 5
902 444 5
379 129 10
41 592 6
122 861 1
164 676 5
753 738 6
757 942 9
623 410 2
212 897 8
246 89 4
844 176 5
157 163 5
684 905 3
937 394 1
311 509 7
1000 289 6
100 109 1
681 152 2
106 237 6
454 557 8
294 12 7
155 493 10
112 959 5
980 675 4
228 342 2
804 669 2
497 11 3
438 335 6
336 542 1
354 99 3
781 567 5
419 701 3
176 521 2
613 932 9
411 77 3
743 814 1
124 466 2
22 641 1
130 701 11
333 82 2
786 100 1
157 43 7
921 839 4
354 530 6
452 939 4
131 731 5
686 992 4
963 171 7
760 275 10
526 925 2
537 225 1
820 113 9
371 662 5
861 8 5
411 263 4
134 506 1
114 913 1
331 816 1
681 189 5
63 948 4
540 803 10
825 141 7
189 134 6
920 58 7
54 329 5
270 791 2
233 97 3
48 189 6
518 579 8
940 456 4
776 239 9
34 320 10
414 925 6
274 276 4
564 955 5
349 371 3
840 171 5
203 640 4
817 937 8
915 853 5
593 76 5
333 6 8
981 339 5
921 335 6
999 897 8
729 648 7
3 228 1
853 386 5
786 95 8
323 679 8
545 678 2
802 39 3
385 223 6
960 510 7
600 493 4
544 801 7
101 890 3
891 428 3
301 863 7
652 184 6
132 183 2
416 494 1
613 633 3
746 973 4
285 777 2
52 651 11
662 217 9
832 931 4
481 913 8
487 222 7
321 978 3
506 368 11
708 430 6
110 494 5
101 670 4
728 748 11
461 345 5
305 727 8
783 56 5
9 122 1
613 774 6
22 827 1
823 506 5
146 937 4
900 61 6
556 3 7
31 202 2
957 186 2
176 938 1
974 765 11
221 166 2
12 550 2
218 273 4
630 282 7
929 86 2
760 623 9
777 823 5
624 211 7
670 848 10
423 141 11
819 613 4
981 35 8
371 388 1
251 492 9
116 194 6
262 801 4
625 654 1
653 665 8
609 388 8
375 420 3
211 815 2
70 333 5
9 887 4
531 893 5
465 424 7
367 243 4
544 312 5
986 94 7
368 647 3
885 261 4
920 608 2
313 372 3
22 438 8
343 960 3
400 797 7
446 558 4
578 528 4
542 571 6
368 718 3
363 675 4
322 972 5
278 722 4
165 744 1
970 599 6
747 228 4
386 998 4
575 162 6
374 340 5
930 762 1
179 967 5
533 990 2
707 827 3
219 618 7
514 256 4
947 786 8
22 794 2
932 943 4
12 114 2
22 178 1
449 181 1
542 426 2
958 799 8
917 706 8
241 47 5
587 860 2
499 57 8
364 819 11
38 327 3
243 719 9
748 371 4
259 513 4
531 274 2
771 602 11
234 983 6
594 476 2
37 838 1
205 939 9
195 403 6
71 390 9
585 633 1
56 274 2
861 781 3
228 914 6
920 995 10
9 194 4
259 742 2
868 337 7
358 21 2
308 556 7
60 978 3
293 358 4
419 223 7
701 127 1
145 430 4
427 978 8
517 447 1
955 404 1
803 785 6
767 403 1
447 901 5
354 988 3
108 517 4
923 519 4
568 932 8
223 994 5
599 689 11
325 262 8
852 138 4
195 265 2
782 9 8
434 128 7
609 549 4
193 166 8
983 317 9
735 675 5
333 112 4
323 224 7
206 105 5
573 943 5
916 923 4
957 243 2
795 737 7
691 827 7
127 817 6
330 468 4
16 737 2
203 953 8
530 883 6
589 314 6
247 264 3
563 744 8
460 633 5
454 62 11
369 795 11
569 344 3
192 64 7
526 213 9
191 25 4
392 591 1
174 452 2
520 861 3
606 772 6
22 888 6
258 469 5
885 370 5
17 737 2
909 396 5
869 395 8
122 22 1
9 129 7
791 515 7
174 842 11
219 68 5
573 663 1
332 974 8
685 102 10
449 134 5
1 858 5
750 42 6
941 325 6
672 372 6
368 322 8
719 899 1
674 281 6
702 233 7
741 164 8
422 850 10
6 848 8
114 881 5
239 801 7
117 721 8
723 540 4
4 869 2
32 835 7
836 407 7
93 824 6
259 644 3
811 378 5
943 250 8
827 965 6
631 20 8
371 112 6
218 718 5
192 114 5
358 41 1
251 506 7
371 551 7
190 86 3
222 529 2
909 721 5
195 281 7
325 82 10
789 651 5
315 651 4
356 25 1
733 161 8
997 95 3
145 791 8
799 296 8
680 80 5
856 763 5
513 757 1
387 697 2
830 616 1
274 855 5
138 192 8
907 148 6
214 5 6
741 639 8
411 797 7
213 791 6
824 831 3
792 712 2
102 727 3
278 151 4
334 269 1
526 879 4
741 272 11
752 997 2
502 925 3
346 664 8
458 157 6
148 576 8
622 220 1
700 198 2
601 351 4
647 973 5
888 508 2
607 738 2
538 721 1
285 907 11
817 985 5
352 21 2
926 116 3
713 197 6
993 380 4
617 801 9
971 806 8
39 137 6
268 194 8
922 928 6
583 438 9
603 689 8
373 537 3
405 437 7
767 818 8
602 873 1
59 993 1
859 355 1
49 116 5
653 23 7
806 194 4
268 733 3
428 758 3
498 596 9
262 227 9
497 670 6
781 977 1
506 801 6
271 885 8
145 428 2
119 862 8
453 703 7
316 684 4
405 172 7
899 524 2
984 501 11
971 697 8
543 614 5
555 857 3
160 106 2
354 736 4
41 918 8
969 545 6
451 33 7
975 827 8
842 846 11
988 826 5
472 565 6
178 641 11
312 114 10
860 244 3
328 778 7
807 906 11
1 262 8
907 801 8
686 98 10
734 233 2
262 245 5
553 596 6
632 500 5
259 479 4
444 800 11
991 176 1
608 700 3
811 400 3
653 169 7
69 250 7
909 749 2
850 380 8
490 564 10
95 555 3
917 962 5
886 506 5
64 668 8
173 730 3
469 737 9
640 22 3
171 477 4
221 764 7
529 898 7
440 347 11
346 532 5
574 508 5
774 195 1
966 766 8
424 675 8
387 236 2
364 665 5
142 207 4
492 936 7
443 398 7
420 999 6
320 784 7
347 65 8
68 150 3
628 369 5
516 4 6
174 448 3
892 675 7
172 772 5
140 954 4
981 860 9
731 698 8
187 153 7
384 388 7
641 769 5
25 41 7
621 983 4
688 269 6
910 639 5
581 687 9
687 534 6
344 658 10
620 806 5
951 300 3
120 324 7
469 332 7
649 228 6
458 909 5
951 962 1
522 673 8
151 893 10
23 643 8
143 583 1
608 656 3
547 672 2
110 123 6
354 494 5
581 667 5
179 590 6
677 880 4
347 994 3
136 700 1
231 684 1
393 209 5
919 584 3
602 795 7
582 633 8
295 353 2
200 459 7
417 227 7
107 662 4
129 130 6
535 960 7
19 314 4
568 63 1
