100
2 1
3 1
4 1
5 1
6 5
7 2
8 5
9 1
10 5
11 9
12 6
13 1
14 11
15 3
16 4
17 11
18 15
19 9
20 2
21 12
22 19
23 22
24 10
25 6
26 16
27 22
28 5
29 1
30 12
31 9
32 8
33 16
34 5
35 6
36 8
37 33
38 6
39 19
40 12
41 15
42 19
43 4
44 12
45 7
46 27
47 21
48 30
49 1
50 42
51 13
52 4
53 13
54 21
55 37
56 27
57 30
58 43
59 10
60 10
61 29
62 27
63 37
64 61
65 17
66 59
67 15
68 8
69 13
70 3
71 2
72 21
73 2
74 5
75 6
76 1
77 51
78 22
79 59
80 20
81 14
82 72
83 8
84 32
85 34
86 4
87 60
88 60
89 22
90 79
91 4
92 83
93 23
94 57
95 30
96 78
97 12
98 25
99 81
100 94
