38
286650021 697159708
143592542 879166949
269817633 435753766
127029503 211614684
178933462 604211513
274211449 789920074
90289829 368786736
85638572 552205090
15646470 799795083
26204620 586889927
93242840 648775196
215722923 432084525
233212949 516596925
263171406 327153308
176089998 290258178
15990357 959379414
222710669 325328540
89735388 963414523
168597996 234104048
124951760 674364245
289901174 463001806
88906912 302771542
202989988 254088123
295548791 613247238
98815004 288045437
123095558 496485645
206664161 829653890
177290388 435221080
115138594 869880423
277922467 822129899
120488485 925997353
150214064 992445458
81532189 732291382
58516995 975107524
54365319 573124931
3066823 16501511
103675562 553965155
94941976 423239498
