299
24 3649
1767 5376
2043 4357
2487 3435
1334 5114
672 7688
1675 3527
2724 8685
1899 7257
126 5824
3138 5253
464 6696
350 9967
1265 6083
1174 3829
2681 2974
795 2908
2730 5292
2498 7411
742 1223
2897 5695
508 5326
326 3064
2011 3898
1628 4921
1756 7410
311 4416
1925 4193
1783 9795
1114 2423
2110 7582
1857 6440
791 2714
538 8101
1419 4218
2209 6577
1776 7928
566 5038
2682 4128
678 3280
27 7586
2296 8011
99 7106
2290 9115
3038 7258
1504 5520
1269 9256
270 1260
2537 6503
1748 5256
2856 8205
1362 9571
1881 2824
1756 8233
2320 5471
1429 7120
1055 6189
1874 7722
2378 6952
2167 3043
1704 7324
1125 5554
3088 4291
2 4016
426 5516
2836 5953
2560 8156
2890 3751
525 3213
1117 6103
1097 4807
2962 5556
942 5913
2133 4736
1897 5599
2731 9090
3073 6430
1059 4776
2540 3688
1190 5335
2851 9596
2343 3496
3288 9531
2986 3916
1872 2345
534 2781
191 7997
3058 7456
1254 8622
2062 6910
826 9272
636 3448
392 8373
1775 2552
1217 5943
3063 4855
2222 6784
1230 9298
1777 7611
2025 3123
3161 6763
3063 9418
416 7115
743 4541
2636 4898
2723 6128
80 8317
943 3738
609 6819
2814 3060
421 4162
2017 6438
1310 2307
1679 9101
21 7612
21 1362
3193 5437
1328 7373
2091 2452
2787 7905
3022 8065
2167 5166
287 2447
2959 8840
2852 8318
3131 5085
1089 6494
23 7940
1951 5871
94 9709
2178 5046
932 1755
89 6136
2464 9805
1677 3252
22 3979
1283 9506
1970 5764
162 1808
434 1368
601 8930
2170 5792
2603 2611
1251 4931
754 8712
2290 8507
838 6101
928 5580
2607 8750
213 8946
1472 8367
781 9000
2737 9389
1577 8964
2008 3775
1746 8328
1368 1508
506 3127
663 4228
1849 8076
1135 8317
1828 6053
2823 8814
2882 9255
2196 4687
1785 7069
1279 1693
220 9158
1777 1779
1575 7647
1993 9092
3250 6107
1632 2539
3179 3397
3131 8601
2528 6089
1304 5126
1338 7558
1693 4704
419 5489
2198 9028
3224 7377
1997 6502
2181 8329
2070 4854
400 1262
1465 6649
3023 7095
566 7547
942 8448
2943 7979
555 3864
3320 3545
3301 4283
2374 3342
1340 2084
2999 9988
661 3752
1932 7810
2102 9953
502 8994
3037 9191
988 2466
2571 8177
3047 6444
2865 6561
1477 4420
208 6798
803 6809
1950 8813
3328 3509
2971 8026
563 8605
3129 7078
966 1367
1769 7735
2827 5556
2348 4091
2513 8561
495 7286
1158 2208
3096 9346
1100 8337
1612 8074
1318 5130
1880 6516
1656 2455
1625 9175
2630 4248
574 2931
1260 7564
1378 4360
2040 3576
2855 7694
2413 8652
434 2521
3238 9476
1417 8962
145 5733
508 548
3156 5805
2023 5523
263 8935
1913 7207
3208 9887
448 726
1459 9576
1830 9918
1074 9082
2222 3535
2882 6411
1554 3600
316 8103
2530 7538
1713 3108
1845 4367
3317 9936
1723 2032
1919 5991
3077 9115
1418 5216
1010 7842
2986 6154
1893 6381
1914 9686
2365 6355
529 5001
658 9263
358 1150
1817 3705
2964 3202
3088 5757
965 5418
3226 7168
774 4515
1305 5160
2405 7856
2888 3085
2828 8362
2639 3880
197 7987
1472 4430
2961 7913
1569 8616
2047 9771
3304 8581
1614 2097
190 723
340 6825
1429 5442
349 9503
1513 2139
1159 2667
1259 9007
217 6219
1412 5228
114 3662
3116 9104
22 6727
