322301340
546663478
37024756
276481542
39611273
396233751
0
261725686
757772013
867227624
0
837837691
165210659
921630792
329071134
843337203
649101360
495431950
422592899
0
430317936
292654533
730363617
72213690
448895206
138388134
813670853
788318263
645661069
755994534
91279570
0
0
893584200
14577807
615484270
717952045
0
859621943
396954998
0
0
881867210
605722411
538928727
0
432396754
659705441
991103513
53672387
944458486
236173804
521413592
265007983
469224670
644240044
389324965
565303187
368355360
860855564
163999362
0
342169985
712475678
912354535
0
582829388
49830564
825972806
536752752
990151797
0
681734731
234121217
0
598833033
0
453449623
771501343
182582398
0
794518180
706492543
540056949
0
107297721
560455748
972517815
0
38298233
497084474
0
607070182
626838605
55342029
635951447
259527059
247369498
264995838
185645731
594932557
980486254
46356428
685862524
538745093
0
540254417
942619515
884150258
324011165
374901189
128903235
977910058
643622530
531388842
194379934
829799825
711808126
345024094
42218674
151199484
506032441
387904688
696996738
720657774
622709226
740810405
414963897
533785144
226649378
169701541
874377856
22899406
481255170
728422967
602640421
131759870
620969942
351242527
546992969
265202535
521708589
472432359
291775031
971230629
294530138
431181362
526537733
310883244
61903572
302481722
323929572
0
460109310
668492465
927853498
553483048
422565448
0
143403944
0
543785692
366215004
366068489
991688208
918398032
0
932958475
54931171
962397889
546764502
697382250
715676172
89400129
0
33364696
946688368
903132385
0
756871417
544224294
649553768
174548299
45893666
471022886
737382553
10455652
645818838
616524610
612982833
204184913
757778129
994390859
385316389
917023665
729541623
0
0
602668173
170179209
552071848
403510407
344612846
612394130
177831037
138206723
193819364
694665886
171145769
491511121
111135153
143801325
593187159
325850947
0
0
683587626
571789107
102817422
459050310
831902338
0
0
635302758
767782343
294561678
771115404
0
198166547
0
47667404
716911052
633168393
230702330
233737373
965016623
815159559
443336429
0
79403860
287865170
330132665
750289333
621529634
836384238
716016817
224738584
0
318216259
916536606
692998729
742961144
548098995
469650846
649630656
288601744
161300469
809302584
356792377
880399098
317952757
262387389
645314675
0
781730469
0
0
396340081
793930665
0
628450105
915992249
747319256
0
574403681
911258694
696112580
0
0
0
220971896
657586433
919709501
0
300031133
931467952
86359135
481245968
996744211
0
0
169701541
787724826
0
795837109
0
0
731146520
285998551
419431656
767252474
961384328
0
31941675
575166609
178524459
670529378
371096757
31502292
0
803306265
770089447
0
617401913
0
138018429
372503431
313259811
484471292
116818892
703950427
0
293817978
217097125
219739014
420075079
177887233
489411259
0
0
935749914
0
750543116
898630486
148837329
686120641
906448765
864959587
830297827
568507611
635199976
196937263
862735061
92962779
134808436
245857641
141747208
894795016
258025485
772185943
470289939
0
32654572
500069908
492174693
187974236
883943585
403768125
56262384
434854540
528733560
191879254
442152413
807845144
839594801
431874269
877618058
429706167
0
791362445
617603117
562464050
0
250143585
924379820
401105606
211300589
690276952
834047545
111332525
546573925
327582664
513476471
600772012
826535287
0
60914841
165612175
566809477
599249577
708495707
882089797
662662468
246993118
169622622
725854377
985988770
85064573
0
0
195630745
140748144
385701825
735845120
128594147
18485204
0
442374436
183209872
875623693
520920658
470233699
855100164
152731387
759252698
922219615
148859018
0
0
458908275
48646156
787845802
439904267
773860683
0
495016500
372422869
8597974
925773213
0
105477111
64617679
77220340
114562669
0
246530438
0
0
0
0
331520918
616167732
886625986
478125659
263608587
298329094
932252508
0
634692540
613701723
191467687
0
0
856280755
813521463
849282004
772222430
587813581
0
727022116
852900858
364548996
48232251
581484353
0
726507298
690472256
0
169701541
544163750
749530214
912202146
347567912
0
351814675
487930106
0
140362969
421080713
928206354
88928502
370365050
927580729
755246458
700702696
713481335
596682846
568996975
418385398
0
0
317951814
208831433
355259590
0
62706725
611179679
237362572
161533244
19051899
0
854012324
0
413522714
430478451
620743160
627880957
102265340
73892259
420803457
943869129
276530555
0
390476612
745746797
902841405
0
901424204
318447420
351795027
190336931
414448638
566446219
759092800
259574509
726025947
450738648
169701541
925855612
0
765877089
91828147
641158548
758186426
885047810
673619125
52048885
909013134
421955442
304242643
357247081
22634375
855385560
874368725
0
88099070
358198888
0
0
0
844167094
959543788
227457638
668882029
549538631
0
117334887
412040667
0
608262787
0
334469128
146463621
437361003
784667851
0
313448770
0
754496366
298138799
647921956
239907523
0
664039459
145167907
778973411
908903637
174209488
724898936
299084918
0
402030912
46659332
492466710
592030317
20336688
0
269226585
142621821
986369837
497799735
0
264250852
673781173
704820595
246427945
398600105
0
596589932
996720396
256039345
195928307
97264797
569042141
477089963
735653816
60623222
217999389
634494588
585940451
984117402
792966328
791214801
388355855
293085593
0
24612131
0
645538949
0
23833288
433287626
0
753631413
399334099
0
743051883
506036056
0
0
179067271
0
501315080
0
281210197
0
0
934117499
0
997570289
389489568
0
705461844
228265021
607848823
914392314
0
414701096
390847020
836346200
593319283
206584951
685740415
0
246399595
532095432
0
459518473
614795148
193842260
747341084
395496108
910902895
0
602774287
34691057
361912178
0
0
0
372489443
546816265
41076394
0
74646352
169701541
792537117
429484693
996336785
926195122
706562983
542064308
0
910733767
926087276
985870614
171999775
300518955
0
850838472
272415319
167858531
942919484
254573210
54375826
657205235
943412100
0
532147213
895172591
923059747
332119297
0
414696632
534055372
0
738753138
43820719
405866862
593036203
0
912428622
351654539
49220639
123380836
92565632
438971606
0
369206562
774758439
773631463
880208102
284232789
518453380
799248350
394500967
0
566279251
263198135
951102656
212689099
953823761
557307102
34764677
789726458
163881082
303578829
0
162270955
905366757
832220480
755752808
551276792
648097302
470726885
0
0
12272736
118560056
581324333
394476388
0
645474245
0
95641718
164488389
806936289
236964640
816920695
0
567676300
137858311
555785039
862788783
0
743305008
0
706930684
776751515
32850643
378634066
212542413
250337820
943370412
671751539
367732551
800448246
0
848817191
628736296
195333193
517268238
187372861
708047915
866563335
385358474
757888431
554843190
830941729
40001149
821815301
362060850
537613646
487997319
0
0
881888767
908288030
366538809
827828194
862804907
901106397
0
790010211
233908614
119930669
507254499
34106713
500912017
129998390
691513061
639380814
0
898173546
767714652
20159102
767215964
965858004
803546855
364792163
872804704
304775801
735056001
212574028
430204715
0
940259224
186139537
973690724
842421183
388250368
322488301
0
936579877
184200003
835481685
533441082
133428209
449375012
204882994
665420417
0
50219719
9371941
0
241108745
0
247961738
186107837
0
0
242450383
891319826
509102017
523461457
845704695
3512363
953156439
9779199
19725775
639136600
0
0
162344600
233177471
468775818
841891097
140781850
820468305
434103949
169033671
0
481182398
270566183
339963794
144204633
376927549
284241739
532441327
838860190
458123378
0
70612357
190311468
0
195572166
546474497
0
234923767
0
960376799
498823205
326581815
657717678
700833486
729195384
0
169016181
819078211
122867205
241496417
782309115
488093907
709034076
207992373
922886010
633874928
550415782
0
934773869
588541271
0
0
759182084
315357639
907171928
55941260
20453018
395469530
849335068
49936996
541797075
474745607
0
841662974
36195342
208697450
416388673
756054695
976209653
18606217
548813333
379519152
316529792
121257172
80936245
93852245
340566484
980559610
556474362
0
238162933
0
56853118
976455042
594124984
271175207
118992687
240021407
0
343461860
0
117689832
0
0
786539191
106742656
0
519633472
658061454
0
947678675
0
11292208
0
184614871
231330911
0
878236453
661462641
971805470
775356079
111913146
923302503
285945668
865291370
147690713
219055766
316409469
89098125
636580424
0
684950560
905795015
0
77607384
449572891
153615842
0
922487689
0
148266531
692797710
389743164
769402107
443642095
671921359
0
386929349
558180729
