10474
9348
11248
13040
8430
12515
9146
7722
11489
11484
10266
8671
10101
10776
9834
15736
12058
9704
13574
8717
9576
11521
8635
10560
11848
11604
8870
10200
11450
11542
9716
12792
8632
12049
9018
9491
8747
9740
7617
8710
11819
10811
9797
8669
10918
13060
10369
9808
11487
11110
10368
11085
11981
9108
9690
12749
9492
8510
10809
12692
9454
8972
8944
8102
10723
9625
7111
12053
12780
9523
8670
9110
9540
12042
9462
10524
11808
9515
11170
20855
11488
9386
13215
10332
10639
8569
7917
10516
10618
10640
9963
9832
8533
11553
11859
12584
11171
10210
8544
12474
8620
9113
8502
9715
8544
14222
12554
11844
11617
13464
11097
11347
11094
10268
8733
13046
9839
10272
9348
11230
7990
12786
9725
9397
11446
10165
13085
10842
8066
8784
11475
12862
8844
13041
11182
9748
10533
12617
12626
12611
9804
10570
10187
10538
12875
8601
10484
11857
11169
13800
6625
8028
11336
10654
10288
11939
11476
12582
11255
8968
9736
9129
9392
13050
8380
10732
10799
11204
10826
9704
9489
11633
9723
7599
11047
13095
10562
9072
10112
10924
15033
10699
13727
10663
11858
12033
13782
8626
7898
7896
10141
9864
12834
11449
13636
9126
13836
12001
12835
9366
7818
9002
9781
10563
11601
9707
11474
8404
9738
10466
8805
10098
10586
13981
11884
9268
11036
9350
11468
8901
10486
12896
11580
11515
11710
10320
11720
11686
13630
10145
12846
10808
13046
12484
9384
11482
9725
8607
12877
10973
8687
10816
10913
12052
11208
15554
8064
9939
10858
8425
6972
8805
13831
11870
10666
12656
9499
10533
8807
11616
10130
13086
11120
13093
13079
9773
10888
8984
13037
8586
12162
9533
7408
10633
11017
10304
12749
10629
10126
10830
13637
15759
7975
10496
6806
7106
10067
10699
8691
14040
13461
9990
10802
10350
12647
10725
11609
8626
10477
7764
9534
10902
12869
10586
10492
12486
8590
9776
10492
10504
12475
10580
10907
8383
12351
8873
11351
13049
10076
11860
10685
9750
9155
9737
15721
10240
11818
8380
8354
11466
10926
11697
8549
10886
13047
11168
10062
11512
12759
12756
13038
11603
9709
11042
10822
10086
8785
13466
14361
12327
11801
11879
9112
10875
12982
9085
11722
7773
7544
11616
10630
10512
17941
9341
9358
9622
9775
11828
12505
12566
9965
7550
9512
14720
10599
10876
10734
9564
10541
12221
9797
12110
12600
9710
9124
9746
9305
10500
11800
10822
12035
9495
11692
9386
11566
9786
11363
10536
10483
10735
10805
9735
10458
9339
7972
8757
12490
9119
10571
9342
10452
9964
10356
13246
7618
10839
12496
9580
10083
12678
10568
11722
10769
9954
10354
13192
9496
8624
11484
10468
9577
12937
7099
14036
11297
8777
10488
9737
8352
7617
7414
10818
12885
8705
11125
9669
8713
10532
11693
11248
9371
10518
10140
13684
10928
8114
9498
8617
10164
5836
13017
11887
13327
10953
10565
8647
11059
12664
9790
7110
10710
10495
9850
11811
9964
11559
11180
7587
9749
9137
11814
9611
7116
10889
10667
11314
9865
7796
11475
11979
11518
9770
10902
7341
7589
10461
10613
12492
9148
7580
8827
8760
10793
10458
12249
13291
10162
10716
12770
8882
13140
10621
8075
7064
9347
13089
13454
9159
25550
10109
10816
12778
12999
8584
10771
9791
10801
12222
8371
8932
9134
10586
12619
11178
7601
9498
8447
7548
11486
9678
10107
29381
13761
8714
10465
7564
11493
12115
10086
12749
11664
14735
11807
11790
10245
8775
11802
7106
9967
12042
10957
7784
8326
9458
9613
9710
10172
12052
10840
8541
10588
11167
8531
9889
8931
10126
8687
11880
10124
13690
7407
9508
11492
11778
9090
8593
10027
8063
10485
11527
6736
9694
12836
13039
7577
9688
13540
11914
8704
11774
9870
12152
10641
11660
8583
10717
14746
13052
11617
8898
9689
11651
11052
13110
9779
8547
10559
10873
13044
9963
10169
12650
9514
11490
8778
9965
9516
7785
10484
14812
10366
12054
8763
7641
10750
11454
8821
9132
10585
12125
8390
23718
11481
11841
7102
10565
11711
9386
10617
8746
12848
8598
8415
8768
12774
9200
12085
9624
8408
10760
9276
10464
8023
11161
9845
9324
13085
13729
12453
12040
9644
7532
7724
13727
7122
10983
12613
10606
9504
6653
10925
8110
7642
11280
8726
13527
9720
13734
10757
11773
14029
12616
7619
11043
10968
7110
11614
9900
10588
10561
9719
9495
6410
10387
9529
10506
13727
9436
8477
9369
11786
9130
9904
11649
9719
9273
13757
8543
9610
11757
11659
10982
13780
7585
12292
9778
9407
8774
9655
7109
12453
10029
9720
10839
9377
8378
5850
6801
6788
9115
10459
8578
10532
8103
9057
8631
10041
14048
8756
13830
8620
12746
10124
14758
10828
12695
12878
12068
9887
9124
10672
10488
10900
10106
12842
7390
10176
8029
9746
9133
8734
10304
9621
11428
8723
12786
10662
11516
9518
8133
10012
10492
9496
10085
15827
10934
13426
11773
8531
10172
7644
7770
9603
10704
9576
10905
10983
9713
11773
11487
10255
10602
7644
9797
8729
11762
8754
11228
10309
8738
10599
10978
10966
9800
14033
8390
9706
8610
7912
14463
10830
8906
11238
10062
8769
11840
11800
9110
9526
12542
10159
12084
10482
12378
8753
10085
12795
12797
6734
11752
9652
6821
11811
9563
9107
11800
9517
11612
13631
11594
10640
13064
10374
8089
9629
8758
11895
10664
9093
13746
8358
9381
11575
13054
9804
12820
9741
11687
9663
7317
8700
9462
9356
12799
8047
14036
13834
8594
9967
8442
15793
10584
9909
13038
10044
7785
9866
11745
11906
9811
7794
10901
14569
10432
8764
9585
8519
11466
13711
10744
11079
10599
9634
10687
9114
11869
10122
8325
14464
9071
10769
9060
13808
12632
11251
9074
8927
9598
10822
9493
11835
11545
9979
8660
13783
10309
11786
10490
9709
11989
9740
9715
10982
11800
12469
10126
11567
10077
9474
10708
11658
9864
9069
11789
10288
8968
8912
8686
8681
13034
13048
10744
14071
10374
7114
11579
10910
8132
7418
10811
10163
9704
10324
7618
10887
11694
11874
9657
9892
11902
9967
14938
10725
10932
9004
7746
9746
10447
11678
11495
11842
12056
9578
10256
10605
7621
11520
15727
9408
14785
11298
9742
9991
12053
13890
10327
9889
7812
11170
8760
