1000 1000
390 467 245
467 660 26
390 778 973
778 715 510
390 374 373
715 431 519
715 337 973
390 695 50
337 661 888
660 89 653
661 148 459
89 211 927
715 737 870
695 792 827
715 38 347
431 833 652
337 245 360
374 497 645
737 719 735
89 351 734
38 701 669
695 138 423
778 770 42
701 274 328
695 422 465
661 590 381
390 288 197
715 196 16
351 498 573
497 983 225
138 353 232
422 45 66
431 509 61
719 125 528
196 776 776
792 562 631
38 821 927
833 575 102
196 238 959
833 553 727
431 955 562
553 879 418
770 252 68
337 861 679
562 617 955
211 868 469
770 972 450
879 187 347
431 591 6
983 232 513
701 844 87
45 256 718
232 841 735
252 992 365
715 97 244
97 3 831
833 212 528
422 250 164
992 6 510
374 495 256
390 895 525
288 581 402
274 226 990
992 400 896
256 981 136
390 411 430
3 336 442
252 241 325
337 440 536
288 542 50
431 663 883
992 985 24
337 209 334
591 674 81
879 151 198
617 549 297
985 609 225
895 857 673
661 911 373
972 746 849
778 659 167
553 956 102
497 338 25
400 364 726
364 24 418
238 473 872
956 192 74
985 670 990
955 312 966
581 380 683
440 608 209
659 18 928
338 763 409
844 966 888
380 386 872
252 651 927
617 814 645
386 837 320
861 352 81
192 567 398
38 491 844
431 750 245
211 96 677
660 419 465
45 377 381
337 225 435
763 163 373
211 164 295
386 733 754
24 58 515
911 316 17
833 535 368
879 326 167
336 989 886
422 424 87
661 513 951
983 82 973
250 880 472
125 540 435
400 855 390
861 103 102
238 805 50
211 786 10
380 448 138
422 634 442
380 802 50
535 40 694
390 705 968
467 457 573
138 856 629
567 885 726
411 720 334
989 630 10
326 114 904
225 714 988
778 511 783
337 624 653
663 490 329
250 834 423
337 524 421
966 884 263
513 629 728
575 460 373
18 450 396
40 423 536
250 60 180
705 298 388
336 600 645
792 655 16
3 37 814
630 633 179
490 977 591
792 85 76
989 578 68
629 393 398
364 534 726
578 81 320
58 428 758
880 647 653
353 477 978
114 917 167
377 197 525
911 142 855
467 157 883
460 14 17
609 848 966
192 313 6
138 999 347
956 79 53
24 641 285
241 912 609
985 99 50
880 122 150
298 968 267
197 664 844
419 710 442
821 631 849
337 287 486
985 779 883
821 319 915
992 949 951
575 66 796
163 106 912
81 589 365
495 614 959
549 563 406
524 756 76
125 913 683
313 867 37
634 169 513
719 113 465
511 134 265
3 757 368
24 978 84
600 801 187
629 518 61
82 565 442
490 677 622
232 355 1000
856 167 459
241 333 26
148 246 827
750 698 128
999 466 493
89 109 108
212 929 42
750 882 432
912 963 459
511 538 904
719 267 128
538 566 402
423 248 272
18 552 180
549 177 963
250 478 606
540 830 555
495 672 645
351 249 542
746 721 84
660 548 26
316 221 978
18 632 402
981 806 255
677 145 555
400 550 320
963 261 228
985 321 823
3 119 573
466 67 17
977 881 679
929 811 904
672 381 870
911 376 645
567 394 763
66 531 634
157 700 297
880 387 440
664 919 686
550 257 763
641 642 66
352 924 873
542 228 776
746 195 849
917 227 302
567 174 272
60 808 513
833 291 288
535 683 368
256 748 418
655 604 827
60 131 977
776 426 328
24 754 230
841 637 362
608 716 6
630 887 886
770 517 602
450 373 48
972 384 646
746 415 149
756 118 611
291 942 656
85 190 365
884 417 128
552 254 992
119 986 976
719 940 555
448 205 954
518 382 195
79 706 399
830 366 288
540 10 40
663 843 870
548 447 283
821 507 61
250 108 347
226 927 615
490 175 951
779 596 515
604 515 138
924 310 937
776 969 669
377 886 726
917 178 104
79 28 302
274 958 108
387 69 708
45 70 511
134 916 48
919 481 954
940 277 614
565 49 917
841 281 314
660 832 656
779 909 831
710 317 396
238 804 435
670 269 901
269 57 823
256 275 493
384 818 914
167 154 188
631 653 68
478 71 859
337 558 870
919 675 679
770 220 768
151 268 20
912 184 694
174 796 42
473 334 951
750 290 228
316 888 943
252 388 859
977 301 25
763 606 192
756 764 267
298 273 75
911 667 896
114 557 667
634 405 17
770 579 587
833 480 178
252 995 587
802 788 38
677 787 10
220 282 386
715 652 450
719 694 249
843 407 992
407 571 982
911 743 179
131 847 554
498 330 314
353 26 107
366 215 573
855 53 314
698 486 515
177 599 75
553 828 81
513 102 742
868 302 295
566 150 75
390 464 912
82 107 362
716 320 132
832 920 396
336 444 225
18 283 568
154 266 162
212 375 686
535 446 319
888 724 355
495 48 650
312 149 61
337 593 462
770 105 423
706 896 128
381 396 26
606 914 293
855 31 592
886 936 663
122 638 372
632 412 553
211 168 917
31 173 267
832 646 373
856 117 101
336 707 639
515 574 922
498 693 922
992 671 856
301 166 904
700 11 901
929 170 37
96 304 646
376 56 459
466 601 742
942 794 297
157 816 528
857 111 554
53 369 844
267 874 646
114 793 683
256 668 849
390 761 162
761 12 362
574 223 717
887 658 42
69 799 788
337 371 943
841 9 38
14 29 329
882 456 38
867 243 228
45 110 763
698 136 768
949 842 536
184 83 622
879 639 395
89 530 104
701 242 476
963 894 611
924 918 531
355 717 886
11 962 393
788 555 124
794 413 976
647 619 74
118 5 304
390 603 167
981 365 562
639 740 650
530 30 436
721 627 656
369 810 149
882 900 973
422 612 669
480 952 192
304 643 267
187 435 75
683 988 20
291 610 959
914 592 100
122 783 730
698 899 272
509 747 108
927 941 971
721 493 88
108 272 107
830 349 768
653 307 40
818 432 440
192 27 536
316 345 302
659 235 472
245 43 393
608 893 592
763 165 421
671 315 42
225 937 663
435 510 754
927 718 267
169 434 44
837 61 304
108 572 314
419 904 235
60 278 968
718 94 430
861 183 513
530 324 436
82 194 38
509 465 138
770 370 677
119 171 230
387 258 138
855 785 849
106 186 104
700 543 872
927 789 58
748 564 199
298 827 137
66 998 757
192 870 606
667 626 976
747 979 386
29 410 303
61 713 225
134 54 288
705 144 362
879 33 66
581 496 922
955 408 26
606 587 100
637 479 674
843 41 66
592 308 386
382 230 41
634 216 462
737 568 476
196 234 25
12 305 41
313 825 856
82 17 409
102 991 37
770 399 112
450 379 611
792 662 856
672 890 53
589 970 493
828 439 388
171 181 903
243 598 562
390 876 164
267 279 199
85 813 915
552 251 40
881 201 136
747 229 727
874 666 990
175 453 796
11 244 442
173 980 150
785 52 513
5 939 399
530 644 37
376 340 630
879 545 39
334 458 990
252 577 677
802 533 973
175 469 505
249 616 253
507 570 58
456 358 209
48 64 901
785 299 630
810 762 329
999 471 728
589 975 180
776 820 373
978 623 50
918 233 150
450 403 738
477 595 396
789 263 245
572 769 342
818 735 255
715 957 301
31 193 814
258 544 969
543 925 328
507 709 923
298 708 50
110 759 372
45 191 232
145 398 308
498 525 81
867 406 263
43 993 319
571 512 923
190 583 591
453 573 776
913 416 770
456 836 920
315 185 16
629 1 734
936 303 977
431 863 293
917 217 429
834 294 766
595 20 591
217 676 629
993 526 465
345 859 426
653 264 772
778 372 430
173 139 730
709 51 726
413 967 188
269 55 519
217 854 542
507 462 329
880 691 823
369 445 611
683 271 249
583 74 630
51 711 38
166 739 50
279 207 421
661 284 172
486 767 297
573 944 225
533 297 179
565 536 462
552 906 488
366 964 770
610 744 372
66 921 629
794 933 272
117 77 653
446 116 915
896 758 677
544 494 289
183 527 472
507 341 409
49 86 505
317 32 963
321 441 199
138 615 675
769 926 669
495 129 308
424 622 493
587 866 76
374 255 914
693 678 244
515 673 272
874 93 639
334 903 615
248 459 734
917 797 465
82 625 421
993 414 683
272 323 440
927 910 896
893 934 178
868 329 410
82 551 24
805 576 652
435 350 653
334 391 653
377 506 209
785 930 935
816 520 513
175 22 646
37 922 766
939 368 738
643 1000 462
30 649 614
941 954 611
89 891 506
258 809 758
641 607 768
989 339 334
372 514 432
495 773 230
116 849 347
916 521 306
77 753 24
193 872 977
17 960 683
345 665 295
577 807 179
676 385 328
301 947 968
651 4 58
634 875 679
119 203 758
527 429 107
136 401 794
797 556 76
273 898 423
277 325 112
428 84 76
939 159 485
243 292 766
196 454 493
807 877 329
272 727 167
462 285 198
884 484 472
641 519 629
600 346 602
281 270 41
524 613 742
593 182 329
936 852 760
494 438 256
805 726 386
557 932 398
287 508 993
513 474 609
17 463 52
308 265 506
609 798 293
567 59 935
414 135 138
223 860 390
384 723 84
626 130 393
466 378 1000
196 669 917
254 703 306
854 907 329
969 965 328
629 582 649
54 443 442
122 80 108
291 824 724
84 803 267
336 35 42
543 172 124
268 846 255
305 87 275
135 95 429
406 101 486
393 147 329
986 504 66
674 153 896
408 897 883
275 296 199
171 442 399
940 838 536
947 777 235
525 42 393
380 679 256
261 602 827
394 219 387
9 680 536
958 541 24
612 200 162
615 973 472
365 347 988
899 516 554
28 702 256
900 997 988
340 146 38
148 425 903
574 850 465
330 901 630
854 262 304
677 766 568
919 862 783
30 158 555
232 293 667
391 499 964
733 650 320
413 289 172
847 559 372
228 115 785
509 488 532
134 8 735
804 987 573
244 65 609
445 682 783
233 468 430
816 696 84
693 687 199
434 383 629
299 455 606
439 845 197
985 784 673
283 560 859
683 208 646
384 392 10
462 44 26
748 476 738
478 121 20
444 729 61
602 34 295
720 210 856
797 618 976
48 889 955
390 206 963
995 309 488
683 971 951
524 492 199
504 869 288
834 959 52
860 892 267
1 389 629
425 179 347
673 569 263
463 689 536
538 765 360
44 771 542
909 92 155
709 280 852
191 502 686
319 782 675
401 858 273
435 50 104
562 501 856
346 795 855
827 88 393
993 335 963
944 72 788
612 774 993
843 780 555
114 768 677
147 864 25
716 657 188
217 635 788
153 120 388
694 25 263
371 198 472
280 645 923
785 421 964
79 75 963
105 741 409
715 433 232
172 404 132
320 188 172
720 704 978
97 224 128
553 295 199
719 722 423
615 436 886
978 76 245
60 90 197
629 420 432
552 692 16
818 104 50
828 605 866
478 13 766
74 46 53
83 621 964
934 699 794
969 945 873
72 160 904
10 485 104
573 951 592
683 628 859
696 990 365
550 98 334
267 839 993
560 214 244
147 636 187
104 68 58
455 328 494
77 697 724
291 137 776
896 871 26
305 409 53
705 141 39
661 537 584
179 276 187
517 16 249
167 500 611
717 437 519
846 915 44
591 775 372
967 161 912
612 982 566
607 539 436
46 354 283
302 236 917
696 961 232
591 529 199
895 586 172
574 162 399
612 873 763
700 546 922
927 189 625
506 240 387
991 684 683
693 742 993
335 815 396
135 656 712
518 430 198
148 361 486
666 831 408
154 348 136
473 367 488
181 588 609
497 482 44
796 620 679
366 554 249
72 260 42
407 751 542
252 523 430
328 823 629
535 239 369
458 418 757
71 749 694
201 327 831
507 585 963
960 522 61
511 427 167
350 905 409
16 222 992
288 36 990
885 483 112
805 953 615
711 532 872
401 950 253
524 790 667
439 685 306
241 822 515
887 738 712
44 363 369
79 140 738
740 359 459
619 231 138
774 835 896
86 984 513
971 155 273
417 580 768
443 100 273
108 829 510
910 452 138
515 451 52
937 487 629
544 996 823
711 800 971
367 343 513
488 156 462
68 561 763
809 143 476
570 755 993
538 397 245
265 126 650
511 928 155
257 745 1000
115 318 584
231 91 76
952 342 854
575 344 459
598 654 308
368 976 669
863 851 172
550 202 573
939 62 859
527 132 734
54 736 68
400 865 506
141 23 609
410 584 101
526 948 763
285 817 462
409 395 198
745 133 235
426 253 306
262 594 52
333 772 639
431 356 874
482 923 645
970 791 472
315 935 301
881 247 856
880 730 373
436 974 788
330 2 306
66 878 955
481 402 273
801 611 255
850 943 381
74 812 303
244 218 93
564 461 510
651 686 852
244 840 531
916 180 943
76 300 388
200 819 6
511 470 849
784 332 37
886 306 244
516 128 235
600 19 58
164 213 912
795 39 592
944 21 66
105 781 763
366 946 855
827 489 606
440 690 343
120 78 814
737 204 573
542 331 915
82 547 207
347 47 760
131 826 381
759 152 528
842 640 977
876 362 937
309 123 757
478 73 295
833 648 928
78 449 683
703 938 197
219 259 630
90 127 873
153 475 256
865 472 472
850 752 993
399 732 39
217 7 734
342 760 519
385 199 770
363 908 460
938 124 758
660 725 652
645 311 155
385 931 396
910 853 197
533 357 505
934 314 817
636 63 966
920 734 440
168 360 462
768 883 137
456 681 195
552 286 976
635 688 230
75 712 436
118 994 724
307 176 988
917 15 844
35 731 75
260 728 855
747 902 634
265 528 817
895 112 674
19 597 386
823 503 460
210 237 922
567 322 104
529 505 917
1000
730 28
807 943
166 113
623 193
312 122
559 779
344 49
18 632
806 237
936 185
766 41
631 449
550 176
164 528
945 53
931 273
174 985
190 551
970 199
450 624
764 686
806 478
43 478
691 606
177 211
430 175
615 175
986 497
638 537
939 468
617 570
86 568
937 481
930 246
828 886
478 92
995 661
906 893
225 858
634 524
768 703
547 472
26 31
631 207
317 844
445 172
358 102
286 977
146 362
257 673
997 83
413 839
673 983
460 286
41 97
687 205
376 93
648 45
625 730
124 662
912 604
129 398
879 575
112 812
595 959
600 527
206 811
930 584
227 102
110 771
274 115
273 308
222 576
193 872
880 141
981 244
9 556
824 661
332 27
759 422
127 409
136 776
21 146
639 89
335 756
384 600
514 629
179 218
51 815
346 385
890 80
667 663
746 376
135 375
304 574
589 526
441 599
842 116
781 925
559 699
690 262
239 407
384 878
501 123
781 500
260 774
656 432
59 975
363 247
481 95
257 459
128 354
413 319
766 897
662 702
810 188
326 722
766 891
686 65
573 236
255 835
932 206
254 345
149 80
638 662
670 237
161 152
114 816
542 494
916 677
847 817
219 212
983 699
623 50
441 938
913 612
197 589
908 554
263 75
954 787
965 924
1 495
315 523
345 509
758 36
634 549
991 356
158 664
332 358
308 441
337 580
581 798
950 820
346 761
766 9
712 843
847 34
926 709
935 802
828 601
839 244
952 276
902 277
428 991
674 218
214 947
346 659
640 632
551 363
190 551
376 669
795 797
379 791
861 149
24 962
584 476
526 397
708 824
14 1
961 838
803 926
703 176
854 95
264 734
32 623
978 99
635 122
608 334
497 415
497 662
550 419
920 596
796 75
80 451
943 236
952 427
620 329
281 18
592 619
686 260
701 211
614 308
436 298
502 108
795 214
190 421
619 102
408 350
367 559
1 633
89 864
794 752
5 538
1000 274
359 189
677 851
845 291
456 392
638 363
983 85
886 568
915 281
887 442
365 832
699 567
145 334
753 477
574 414
63 238
550 828
866 823
324 610
428 443
303 588
505 359
724 686
906 969
282 664
915 873
28 608
242 908
17 458
870 353
988 418
185 718
454 454
542 181
79 352
317 933
465 542
467 454
969 647
101 964
50 576
541 340
162 83
415 370
991 301
820 549
363 23
865 952
133 762
760 652
584 432
980 986
253 862
140 327
295 801
534 139
612 976
57 327
474 748
356 395
994 298
962 43
963 522
687 290
401 855
865 219
606 976
752 858
199 77
457 815
959 771
695 28
876 471
855 726
207 534
182 562
539 372
72 581
696 509
644 279
836 646
954 365
595 222
718 341
198 279
131 767
538 155
110 391
706 347
905 64
132 430
959 64
461 383
424 64
211 852
56 891
668 372
864 283
819 817
962 271
490 226
213 661
725 680
894 153
139 195
364 22
825 409
416 614
973 740
610 148
286 411
931 160
453 707
960 971
290 436
523 658
389 951
244 450
563 65
732 517
140 206
139 894
441 149
855 370
276 325
850 573
42 485
623 87
188 518
286 644
318 904
625 913
87 322
8 419
862 738
752 879
621 527
49 155
846 121
111 795
268 239
270 380
40 149
20 957
776 817
105 561
941 461
310 334
627 626
147 778
136 568
900 270
487 801
180 850
587 791
864 301
92 114
890 421
220 996
60 29
385 777
339 327
313 30
100 736
118 819
627 74
944 438
109 546
745 636
468 834
839 115
929 751
521 772
977 187
104 69
360 269
644 747
978 123
478 907
938 209
902 961
815 687
253 445
166 861
759 636
829 194
154 102
551 165
379 969
730 782
6 515
495 202
566 923
926 637
824 421
934 132
807 669
387 61
890 185
997 127
72 304
440 86
601 440
347 443
893 532
423 339
580 260
335 372
697 937
548 901
520 439
358 354
607 291
60 179
336 870
430 823
420 189
716 948
86 79
761 73
300 56
261 925
937 157
73 902
973 754
651 287
593 764
356 391
293 743
46 581
940 714
760 875
344 250
119 550
759 991
177 520
201 775
486 315
432 49
342 317
354 379
990 528
362 759
721 209
714 378
839 38
715 242
871 705
702 62
34 29
396 129
335 640
492 267
244 377
569 319
351 83
206 840
500 982
748 541
987 575
717 476
439 451
936 5
798 71
591 336
726 92
400 619
649 899
487 137
464 408
140 176
10 412
512 7
351 608
234 90
769 889
357 156
727 693
965 599
962 388
663 682
399 612
518 662
275 785
461 349
952 84
661 578
805 861
714 217
442 629
387 368
327 767
21 478
865 939
500 1000
42 888
338 228
455 709
731 596
581 369
288 247
899 546
155 223
481 303
879 737
883 883
865 665
355 815
42 260
437 377
612 950
164 790
530 239
17 113
944 371
290 185
816 47
828 380
429 576
311 872
472 509
245 362
60 363
488 830
579 361
146 928
782 34
489 999
262 917
676 272
694 178
387 672
220 895
130 218
967 269
87 159
797 155
869 200
791 567
281 915
158 642
743 467
820 479
176 175
895 381
64 512
58 799
324 377
776 768
241 103
880 690
982 419
839 115
99 878
971 65
606 626
16 137
429 877
596 599
284 521
79 442
956 315
342 665
242 800
896 840
811 144
943 308
863 555
743 560
68 488
525 272
228 634
634 105
679 394
36 771
278 954
365 874
38 451
540 184
866 900
642 230
220 631
527 313
976 327
218 382
844 895
525 410
710 281
769 38
657 550
588 210
634 767
214 576
791 524
139 611
771 953
879 37
764 226
366 63
683 739
872 167
351 57
781 975
759 518
435 982
445 726
381 1000
321 897
162 371
723 201
936 210
397 899
890 771
392 967
234 858
888 26
385 316
681 847
193 921
765 762
287 653
974 557
638 50
85 453
375 185
429 775
459 411
775 451
510 510
859 817
174 2
761 685
526 829
697 707
156 235
729 791
615 900
544 737
790 826
523 562
566 249
178 970
671 697
754 543
707 848
312 636
498 752
677 236
518 758
719 661
596 235
109 58
41 738
161 476
635 150
55 288
299 286
600 677
661 755
3 530
854 601
464 201
788 926
263 318
132 231
474 342
337 589
962 721
362 825
287 77
551 956
612 18
481 802
117 271
7 57
498 198
447 451
539 682
954 47
287 375
683 155
740 134
603 329
718 500
639 115
578 891
981 31
379 767
834 149
431 749
681 543
102 12
626 350
854 848
822 24
388 18
4 54
941 911
344 83
33 363
588 484
412 514
677 817
1000 523
250 153
600 853
499 955
484 361
396 949
1000 445
661 119
602 180
211 159
136 634
283 190
986 685
876 185
636 872
546 861
560 421
163 195
4 376
674 161
715 401
372 432
737 809
23 74
691 901
756 247
759 938
586 561
295 85
714 995
115 255
682 7
566 465
101 873
613 355
656 535
342 726
385 136
606 817
124 512
871 829
978 533
639 541
239 304
541 525
991 176
268 643
550 566
243 363
663 190
170 844
581 817
726 339
708 187
615 282
963 522
707 765
258 689
856 103
932 508
285 66
152 251
425 73
586 544
605 419
340 754
142 820
423 730
199 664
244 353
143 133
135 581
537 373
784 479
624 269
568 206
924 834
814 295
764 331
962 596
925 316
286 254
563 187
806 457
469 545
657 609
524 530
211 315
940 268
329 206
662 918
573 165
744 659
353 528
339 318
396 76
962 81
109 150
539 622
465 741
585 53
608 261
497 283
438 96
355 28
879 368
413 238
855 332
969 712
394 52
281 23
400 622
70 541
159 891
530 326
628 183
582 350
449 745
283 868
87 1000
86 303
86 468
38 597
330 6
462 269
372 711
616 538
118 891
228 85
649 865
425 597
910 988
860 476
188 445
759 245
445 410
836 805
144 52
462 55
566 990
65 216
504 774
210 441
618 204
882 26
407 31
188 772
519 69
109 628
437 436
716 18
74 476
924 85
411 821
757 81
4 927
136 382
522 582
514 490
539 459
259 873
352 340
605 814
851 419
126 375
434 488
543 229
519 638
639 256
538 542
920 946
177 565
359 651
341 985
669 201
172 603
791 712
364 114
615 981
774 688
250 305
847 691
943 299
974 486
413 824
339 825
35 164
264 169
942 526
717 460
865 69
843 165
402 539
228 850
868 358
283 89
943 377
311 846
166 418
708 91
816 433
924 577
841 740
667 699
281 135
152 549
64 355
274 933
556 104
184 1000
360 504
104 438
838 584
50 540
117 411
167 877
533 869
616 104
926 691
811 873
948 996
364 563
880 645
207 789
349 502
904 811
228 365
557 129
766 69
48 27
338 746
319 865
844 866
428 838
155 325
100 658
943 490
772 301
705 136
81 815
435 51
480 362
863 463
547 325
609 930
617 852
772 469
225 964
706 752
938 922
896 229
203 361
545 28
846 676
889 176
654 134
666 14
961 632
672 530
792 885
436 909
647 603
176 347
130 1000
394 350
58 960
982 129
881 869
346 95
422 254
68 136
594 402
229 184
262 966
261 650
412 609
890 173
988 835
598 308
670 18
151 687
669 677
269 426
916 637
