284 223 1
4 233
262 140
39 281
225 221
234 143
29 253
251 13
29 105
153 126
174 139
186 59
127 257
205 137
197 103
225 51
234 147
105 139
165 137
5 193
247 124
197 35
259 215
21 133
93 253
65 145
256 121
121 21
162 121
198 198
197 35
199 13
267 1
61 142
57 97
194 145
176 128
267 232
129 199
271 252
171 273
243 249
243 201
43 279
109 127
91 87
101 153
101 5
103 1
217 68
181 219
231 157
207 61
124 201
153 197
194 14
261 253
81 37
5 117
162 165
280 160
4 20
1 113
5 13
49 27
61 233
131 73
217 217
165 21
213 213
59 93
2 253
197 143
55 229
5 265
167 226
191 213
81 117
265 109
87 245
137 85
240 269
21 13
272 265
153 271
78 44
1 265
147 157
87 29
231 195
193 181
107 202
141 194
179 169
73 201
115 54
89 129
208 218
75 106
33 175
69 225
276 218
181 205
235 93
136 103
21 91
121 169
35 127
121 283
209 145
133 132
171 105
73 37
244 231
249 277
49 269
20 107
21 211
281 269
181 233
247 97
241 245
187 60
223 103
165 113
210 207
241 271
197 67
149 85
269 105
101 12
5 227
136 69
241 201
211 51
280 251
141 63
60 53
89 157
20 17
139 205
179 173
145 142
75 87
21 21
98 263
84 261
1 87
53 10
229 229
137 36
123 180
66 105
41 271
146 89
85 117
186 11
29 233
280 129
129 225
72 68
99 149
5 69
277 243
53 186
24 53
219 47
241 53
277 67
74 282
91 210
150 9
105 138
119 51
45 163
193 199
105 284
119 7
219 181
211 101
197 157
1 55
177 117
57 181
101 257
45 251
101 63
157 146
72 259
221 223
189 63
109 257
273 57
191 133
169 241
236 99
114 253
17 25
284 214
55 43
181 209
169 172
281 166
169 199
243 207
106 93
202 151
155 203
82 75
129 13
5 265
11 47
65 216
73 281
93 7
9 150
49 125
139 245
184 177
259 193
101 52
174 231
30 241
94 141
