484041
271035
3552
28235
9260
132987
776
394357
26872
6251
211969
210569
427682
326853
44256
91882
8656
5857
63782
242947
119051
305790
171893
318843
97480
224
69918
59264
9
234190
79716
11322
106178
349799
374779
17595
33740
35103
87116
120800
311
26524
1816
1431
1046
5642
319244
73241
81870
86368
120711
258553
58558
57410
21268
76048
1079
1895
749931
28076
1967
515121
515
4874
265000
44827
9
182276
9
8867
431642
44827
44437
12664
37668
60781
9863
238731
72978
57528
53012
4304
4521
164161
327191
2873
335
470666
9717
1111
316013
510974
729
216341
431399
12286
789
8279
148165
69820
10882
4260
112428
344482
34290
17714
27885
419619
32292
30
31482
14627
2689
9
379213
20348
39249
2903
9767
163312
151
139759
63917
41174
3276
93583
148155
333708
41702
88422
8674
29605
632043
131709
29351
271304
590
76097
216
30478
5107
5667
1033
9
235697
390997
54447
882
9
56161
77420
12590
23080
42424
8134
55615
92397
275833
78527
151
545102
32929
39251
150755
10308
21914
427112
22703
397548
126453
151096
77863
28661
146981
58
42968
18088
59820
44037
12011
1520
36168
168499
32413
402818
13290
30
59144
56
134615
479124
1136
10836
63960
195277
176844
498
488857
158
9834
100
80614
16589
28467
3191
9399
52063
385
181471
7666
612485
88277
2873
10935
137017
28011
435429
596
66223
17012
39768
308720
18741
