5576210
3220873
2469143
414047
1669569
575214
686520
7710192
713762
69927
10844
1386152
2372895
3183374
5310148
1817972
1943364
33867
149861
710962
716638
2110801
4181097
3095215
264299
2742997
3280732
483069
4435505
48823
6414183
9614244
1262117
3650291
1795630
1337070
1777574
591
28703
413872
3053274
124594
1176220
2028724
1552352
892896
7884143
4358615
6061408
23740
538547
4840242
3791003
504849
202297
4152171
4747553
11772
2619118
745378
398448
235099
70
250461
91613
728561
44908
509021
3212277
418738
55664
405672
17442
1969913
4900652
108972
249015
1208371
432468
2696741
74820
6825806
221
4922
844036
104492
3172045
3072532
2559598
645891
3417363
1212917
177606
1280191
1630929
142476
1133403
34469
2459211
4251102
321728
11144016
819091
966166
188712
4259206
2254897
5628799
680839
890030
42222
498830
1637813
69651
292642
1440836
4975242
1593065
749801
17663
648913
825272
851
394120
2309874
1305614
4331550
67109
8966237
860
950738
5599025
684631
1019370
57730
2075753
36172
742093
1355322
3774551
1244107
1090882
27086
16334
27295
2898374
1449679
466948
8877
1374501
3799917
356228
3334377
965635
4941738
1182
4746202
204285
29258
3864231
99843
371646
2898435
204228
1334601
2007391
2172438
3112518
155630
315699
673887
1340602
1229375
175
2211766
1084281
14766
3893078
851747
1144415
3000727
303640
4984090
113409
572295
97079
757282
34286
1052342
3565992
1523500
255261
1811756
109358
53896
534338
4866305
1354744
65365
2508203
996808
4500836
170017
2112321
3256
6575280
2937266
116061
6266429
8047047
5399555
3484802
202939
1289405
27100
5278834
29273
216928
2326960
3166395
166210
1272641
68938
64625
269161
2115
127757
47420
1319523
1376251
179655
2626126
1052331
174828
77512
497882
374906
1319747
717825
340
502694
5662691
165022
7982116
1716091
2018866
3317356
2380
1176858
2335585
4402320
1594296
41880
1070603
5104
5815095
4403355
6972996
687994
5718390
454328
1090281
1302864
2258519
3925307
1535006
1620051
55056
3755448
8991248
714123
160543
2040
53189
1752
272258
974310
375102
1401668
2508026
1523412
6228686
4806714
1635051
1968973
2037940
1147952
271871
55955
1588494
13682
192270
103520
1206
3304319
6454011
615812
4637518
660744
1811756
137081
2232818
46041
7827
1228293
5801092
1426
7824998
4273194
837956
758
3766400
861160
1237075
2568747
5845806
1544688
2337711
1118983
3434234
2649280
7579654
4406925
484667
6378043
1429
364866
292587
147507
2202244
5642824
1491162
806629
3741963
465698
3982139
355513
3426
56135
3556
57485
6357728
1153344
2141557
1143508
852343
5215304
448006
1303434
31462
5650606
84095
3969512
1585258
22518
227352
6286666
114586
10819424
91247
2353160
5785325
3253398
66465
828216
1482215
1876
402924
29547
21017
290658
41076
1893137
1544215
726334
1257
140985
790707
870156
608720
1213395
5563942
51865
3144973
319000
275818
2370695
83803
268194
724403
955913
1304827
454298
2465581
272293
144444
14179
726311
3152396
5060537
2202830
428998
95187
190729
4168800
972354
5974391
370306
5182021
2977750
412917
9397
1596812
1674836
392747
7411409
7147123
2140091
2628348
5816363
59801
3929482
4276645
199314
318655
470107
1855307
127156
5216228
2733590
4916153
1236448
320309
4370978
2741935
210426
1213038
289754
1817979
3365488
405966
593371
57501
111288
5176769
728561
5850206
1289903
733920
102083
5846
31234
818474
278423
19220
971704
566535
5479
297142
1439829
4792402
9599
25912
1692447
49657
49041
5868945
25212
2115939
548734
986881
89526
4116883
40745
6089340
4177614
2256070
1312715
1403334
805452
720644
1369770
1503797
3147665
553340
626
1736753
3944576
2887628
2756
1143947
869774
895451
18233
3948908
1968259
6611174
908291
3267236
6202802
195592
1879336
739227
809206
2189510
120272
168833
5576557
3409387
333321
748027
7841980
629886
398378
6913711
2088249
326930
513668
3489604
2725541
1177030
56036
81397
1293303
6758790
381227
61763
340
18561
1398791
1353611
584713
5527278
22149
1436410
7462852
2378
3607857
1075716
129353
7704316
758688
537105
36188
252410
4424448
350643
1284976
588642
2000081
5981866
6987134
789225
4036402
1442447
1607472
1920431
116557
2127016
350135
238416
497636
4242128
1223
276335
118681
1729286
65068
2608331
2543325
54368
113455
1108868
2010745
40617
118413
1140638
128660
4029566
2511524
2752437
5028795
2930
760284
304640
240478
1651066
1815459
915436
37
17557
404955
1843052
516963
46188
4747439
14701
107383
21099
267538
31806
66982
8227026
916289
1747790
510880
1754945
326333
1252438
2542870
25425
18545
548653
261766
1588389
287290
3857244
105085
2702326
2928294
40337
3765630
5193167
1091251
342664
2143821
2069021
54595
2294209
285561
32454
43152
444354
4950542
27433
780594
6356558
4465183
4460434
39638
228957
1221068
293463
8075823
207048
998360
1452106
360399
600862
812000
217671
578856
179224
581956
1336950
1432054
5818700
68785
191018
3272779
1159219
4658
738679
2383080
1632018
1264452
4893541
1494060
12081
1223
7313824
833532
356427
4101358
719107
710252
101128
117607
47698
6082
262
2509965
1146886
2810527
1827565
401731
226340
1932899
109890
1026
966321
4229019
5371982
379878
11507
181
641665
833100
7945327
4636
1016644
338485
211291
18467
145646
7201867
19754
311165
18213
943274
98880
9099545
3090932
9258440
1995171
2234010
961543
249232
92448
770749
7391978
110525
1152927
346620
1560144
768463
6253690
551921
611964
5420034
140645
2493104
407441
103624
2118254
3278117
11539
7817090
9117030
857034
1499469
3173305
211184
872
191018
2933811
434631
68651
10883
843948
354242
135174
3222
3393793
179263
516693
2839280
1570247
1290691
4989711
292423
2270793
50026
390790
352
994
281699
4943573
227932
89337
7006113
2185670
10444965
1324423
2275969
1386811
1416606
40648
1474463
203970
91093
3320724
1178040
5675607
193746
3913206
380633
133352
26737
296896
2235200
74867
972736
176809
3140456
4558742
361230
3571333
13265
2621174
3509637
9773
5156132
348778
138988
5435
1636
649228
696260
352161
1107274
127462
1093683
2177525
1819065
422181
132192
3437737
24216
372954
7125934
4732074
151193
32
1818647
1677339
1909259
223852
9912
3391863
1710943
792887
4977638
6024333
1182491
4659473
1806271
5903550
1630389
10831
2190919
827328
820565
6905
574400
7520
74536
28738
2877717
505230
7270723
8503514
1324440
272089
196116
1672475
98875
2018134
3681
647753
535540
3237257
5126001
1660285
102748
2744819
3964
3315
79187
68
88888
5595130
960967
9511
421617
1006086
868004
4153856
397706
4834593
22697
6886
3000186
1840255
4203195
71485
179
2614114
593733
545190
7540879
348119
366769
