980 893 1
92 786
899 349
581 71
897 220
33 661
110 263
80 851
395 741
727 977
913 21
78 98
621 193
913 417
769 706
743 949
93 571
570 85
366 680
61 191
129 911
36 721
193 545
393 769
361 687
617 345
161 731
201 727
323 426
795 438
169 211
279 5
51 99
264 907
838 293
501 897
128 866
966 393
442 386
893 695
116 300
531 43
947 556
961 661
354 205
601 449
393 109
50 209
311 171
491 729
741 561
408 131
561 382
666 8
300 526
401 512
565 959
484 871
420 321
393 921
411 133
83 833
285 633
731 549
641 801
470 434
201 961
742 801
785 561
363 681
546 766
855 811
597 363
720 525
81 701
871 31
640 621
133 101
891 716
273 96
865 275
439 456
545 889
153 149
321 361
842 29
194 809
821 372
229 316
881 338
529 311
843 365
909 271
661 541
522 946
441 567
626 761
9 926
774 169
801 295
588 817
817 636
938 953
646 446
824 585
681 861
596 802
9 724
836 141
537 281
307 899
238 865
735 442
188 526
417 478
162 23
507 854
897 710
21 939
823 568
598 635
949 684
906 656
617 639
561 974
584 69
491 593
7 609
267 375
491 578
295 301
172 533
1 356
537 788
885 1
402 532
921 589
476 410
241 901
117 651
79 728
477 99
40 361
651 367
205 281
221 277
441 952
617 141
19 379
93 60
501 581
761 876
711 261
183 516
393 614
603 926
689 653
597 215
901 821
197 259
93 495
26 386
233 425
255 727
496 690
9 744
281 816
171 361
805 225
713 841
285 429
697 954
709 933
29 925
865 861
511 929
82 274
21 239
394 1
129 491
655 837
77 593
792 681
457 151
911 539
109 385
841 690
967 129
673 736
701 345
41 729
351 765
421 11
196 345
61 393
373 291
393 365
421 735
471 827
73 165
710 57
821 197
162 449
539 341
833 353
273 381
549 826
600 421
568 681
337 951
776 673
244 537
107 529
701 589
357 909
765 693
341 753
512 729
481 379
869 364
277 774
558 929
673 39
221 176
97 53
568 666
125 77
921 57
140 197
951 19
781 176
124 261
321 949
731 896
197 93
337 681
121 326
323 641
681 36
396 833
709 715
431 143
365 66
859 731
953 533
561 163
951 259
169 726
804 852
578 141
681 253
6 671
106 743
696 771
966 364
46 54
29 301
158 521
821 581
381 547
485 207
561 305
348 27
113 713
863 285
733 131
61 839
673 113
179 193
781 333
27 143
825 561
541 671
173 221
857 788
503 389
1 344
71 279
141 971
421 827
322 877
81 729
293 961
160 373
873 491
609 83
373 967
100 685
39 886
673 750
925 501
853 829
624 775
719 601
485 281
569 197
945 201
853 577
497 884
568 317
953 20
261 435
805 358
181 269
767 721
941 1
518 785
148 851
673 401
457 89
869 189
372 381
190 753
765 477
139 505
133 747
785 99
809 592
737 179
829 139
321 244
269 245
565 869
729 369
589 311
874 634
272 293
729 792
795 583
941 547
441 915
83 825
272 701
277 99
836 477
31 227
126 756
911 585
29 1
241 37
309 448
229 181
301 540
709 81
408 949
949 321
811 561
161 637
36 805
766 361
152 349
783 485
337 753
350 729
901 281
864 855
528 699
966 231
229 855
105 77
873 25
489 829
553 827
188 632
32 247
611 377
253 601
205 252
897 856
367 337
145 162
81 237
779 155
21 736
341 174
47 789
783 771
449 331
81 876
526 302
161 960
763 377
132 491
509 425
138 321
76 249
217 1
861 256
489 330
545 379
871 51
648 931
149 841
937 169
73 615
909 224
301 437
426 337
21 271
434 881
267 636
182 747
965 204
322 289
511 356
877 722
261 757
81 846
975 512
231 281
404 954
916 153
835 241
701 50
295 959
825 755
281 82
328 605
799 505
558 194
148 388
737 595
637 1
421 793
441 265
477 701
736 905
732 23
347 463
325 9
141 669
589 948
957 736
925 43
411 881
143 741
111 131
395 69
111 827
283 857
52 521
953 227
925 654
717 701
383 717
521 503
897 249
365 659
289 937
590 261
749 661
151 173
705 645
871 589
365 600
397 479
901 33
241 486
1 491
363 477
485 520
14 693
99 945
411 465
69 765
913 967
155 85
932 365
547 751
680 244
551 771
729 779
246 151
226 541
693 761
945 689
353 701
469 923
934 709
1 427
28 261
813 529
51 725
181 513
868 341
25 305
209 201
446 73
537 897
40 547
669 755
516 193
501 213
505 21
711 657
845 709
118 941
644 617
651 882
805 271
305 63
134 113
84 668
344 84
33 866
657 167
71 201
942 41
479 253
473 617
965 781
281 13
344 189
347 76
167 921
449 660
697 870
765 553
1 225
939 93
257 786
301 603
606 545
737 645
957 593
850 631
952 253
21 186
587 589
51 193
715 816
953 333
861 589
266 557
518 603
146 256
332 610
721 738
274 961
860 31
731 849
419 221
769 501
421 332
785 849
814 141
227 637
441 766
543 156
220 953
325 178
362 101
400 193
499 223
771 640
320 211
167 550
533 105
285 141
813 347
497 9
767 795
96 257
741 135
481 493
180 478
401 482
1 717
821 897
922 436
194 301
9 91
183 293
963 287
213 551
442 586
39 85
476 584
513 397
664 793
697 176
45 575
901 730
742 753
861 591
597 441
873 5
840 314
676 218
461 53
737 736
791 890
111 337
477 921
926 697
39 233
681 47
421 79
281 689
27 77
165 281
821 881
456 415
257 589
736 901
11 761
331 426
976 273
197 401
596 253
113 589
795 853
555 758
503 543
37 331
217 653
927 181
533 902
239 789
132 877
720 267
853 145
161 737
483 581
784 81
141 71
801 490
431 99
399 509
957 435
604 437
897 962
631 560
701 621
483 167
146 106
351 589
662 897
218 895
9 685
701 739
518 736
258 81
527 336
753 601
630 437
931 767
297 853
350 31
674 401
969 138
511 341
694 581
185 33
691 423
573 851
81 482
163 435
413 311
6 155
491 45
792 141
91 99
597 285
221 711
308 191
979 82
316 628
154 709
583 701
391 499
883 561
538 771
785 979
465 953
754 974
911 657
261 446
336 449
344 481
106 1
290 281
863 377
764 417
397 877
477 918
866 181
406 381
1 631
521 693
692 341
346 43
961 85
721 495
939 155
880 861
169 165
431 833
648 930
105 971
701 645
645 976
75 284
701 509
407 453
661 536
757 561
945 29
129 464
291 333
685 401
413 311
31 134
201 711
101 5
821 157
121 585
261 235
632 486
141 239
244 965
805 611
771 191
439 237
41 771
295 718
123 843
22 301
349 71
691 454
635 851
9 871
785 505
651 503
716 596
645 231
183 723
950 925
141 849
731 881
155 637
17 695
120 516
861 705
371 393
246 121
812 241
16 794
226 265
211 311
691 100
393 197
33 169
309 281
674 883
245 108
114 895
811 301
661 77
941 201
31 345
65 809
954 391
549 447
805 639
649 655
267 256
455 301
501 696
256 591
155 57
138 896
329 651
329 381
201 361
517 61
625 217
25 949
853 793
183 295
473 329
113 141
326 928
956 737
1 281
614 288
88 705
751 559
596 705
181 785
7 341
191 637
85 48
251 863
783 905
595 21
573 164
149 86
781 681
589 551
241 737
256 831
371 337
115 778
183 873
313 179
631 601
419 413
477 645
105 356
281 484
711 901
69 201
888 571
475 918
49 523
85 167
743 326
285 963
177 228
301 571
751 551
853 483
767 633
642 645
144 615
579 973
316 833
97 265
247 209
281 841
795 641
325 601
170 365
197 505
456 833
649 801
325 248
194 461
656 23
901 953
64 512
362 83
697 337
392 405
161 917
611 513
736 357
269 709
311 781
337 49
701 637
29 409
193 597
539 836
329 474
883 421
61 421
281 705
106 7
964 254
841 941
393 821
445 228
741 106
1 153
671 189
241 287
487 467
776 876
963 961
281 507
211 524
741 439
537 491
351 97
533 374
968 694
62 667
688 445
1 861
172 225
582 933
432 864
522 211
513 374
91 386
477 473
29 546
33 831
405 253
605 383
241 437
545 353
