10 50
(11,4) (0,1) (15,5) (3,1) (13,3) (12,0) (19,2) (14,3) (7,1) (3,1)
(13,3) (9,0) (5,5) (0,1) (8,4) (16,4) (11,0) (13,2) (15,4) (13,4)
(8,2) (17,4) (10,1) (6,5) (14,1) (6,4) (17,5) (11,0) (19,4) (18,2)
(11,0) (9,3) (14,4) (19,5) (15,2) (14,4) (1,0) (4,3) (2,1) (6,5)
(2,4) (7,2) (4,1) (10,0) (17,4) (16,0) (16,2) (19,2) (17,0) (12,4)
(12,1) (5,5) (11,3) (14,1) (18,5) (5,3) (1,3) (0,0) (4,5) (12,5)
(0,3) (2,0) (11,3) (18,3) (19,5) (11,2) (7,0) (2,0) (0,2) (4,3)
(17,3) (14,0) (9,5) (18,5) (13,0) (2,2) (13,1) (10,3) (1,3) (12,5)
(9,3) (3,1) (10,1) (11,0) (12,1) (3,4) (14,0) (12,4) (2,2) (18,4)
(5,5) (0,2) (9,1) (8,0) (8,3) (8,5) (16,5) (8,2) (4,5) (6,5)
