14 70
(19,2) (18,4) (3,1) (16,4) (4,4) (17,4) (10,1) (9,3) (6,5) (5,5) (7,0) (3,5) (9,2) (18,4)
(0,3) (17,4) (13,0) (1,4) (5,2) (9,3) (1,5) (2,0) (8,0) (11,1) (8,1) (2,1) (7,2) (10,0)
(4,4) (8,1) (1,3) (3,4) (7,1) (2,3) (18,2) (2,4) (8,3) (8,1) (8,0) (0,2) (10,2) (2,3)
(11,1) (11,3) (8,1) (2,3) (10,4) (5,0) (10,1) (15,1) (6,2) (4,4) (1,2) (11,3) (19,2) (0,0)
(13,2) (11,0) (9,4) (10,5) (10,3) (6,5) (8,4) (16,1) (19,5) (16,2) (16,1) (17,2) (12,2) (15,3)
(18,1) (2,0) (13,4) (1,3) (4,5) (13,5) (16,5) (3,5) (8,1) (14,5) (11,0) (18,0) (18,2) (16,2)
(14,1) (17,1) (15,3) (9,1) (16,2) (7,1) (7,0) (17,4) (18,3) (5,2) (6,4) (14,4) (16,1) (2,3)
(3,2) (8,5) (7,1) (17,5) (18,5) (16,4) (15,5) (19,3) (4,4) (14,2) (2,5) (7,5) (8,1) (16,1)
(17,5) (2,1) (15,3) (0,5) (18,0) (7,0) (12,0) (13,5) (6,1) (5,5) (4,0) (5,2) (16,0) (6,4)
(4,2) (18,0) (1,1) (17,0) (17,4) (15,2) (10,3) (8,4) (7,5) (5,0) (15,2) (4,4) (1,4) (17,1)
(6,5) (8,4) (16,1) (0,5) (8,2) (6,1) (15,5) (16,2) (6,2) (12,3) (2,2) (13,4) (14,4) (7,1)
(18,3) (9,3) (7,2) (5,2) (8,0) (15,1) (7,5) (17,0) (0,4) (18,1) (0,4) (6,5) (0,0) (1,0)
(6,5) (0,5) (18,2) (6,1) (3,3) (11,3) (3,0) (0,5) (7,5) (16,1) (8,5) (9,3) (9,0) (17,1)
(1,2) (0,4) (1,3) (11,5) (12,2) (6,1) (8,1) (6,5) (11,4) (2,1) (2,4) (14,2) (10,3) (18,4)
