10000000 10000000 1000000
100 200
0 1
1 2
2 3
1 4
0 5
4 6
1 7
4 8
3 9
0 10
1 11
8 12
4 13
13 14
1 15
2 16
7 17
12 18
3 19
6 20
20 21
17 22
12 23
17 24
3 25
0 26
11 27
18 28
1 29
13 30
25 31
12 32
16 33
10 34
13 35
18 36
36 37
2 38
8 39
21 40
22 41
2 42
9 43
4 44
0 45
5 46
7 47
31 48
9 49
38 50
5 51
47 52
18 53
33 54
28 55
3 56
53 57
14 58
10 59
22 60
11 61
18 62
54 63
15 64
16 65
39 66
31 67
50 68
63 69
6 70
23 71
56 72
36 73
36 74
9 75
14 76
23 77
56 78
57 79
57 80
39 81
17 82
14 83
48 84
74 85
50 86
66 87
81 88
42 89
60 90
0 91
87 92
75 93
79 94
84 95
61 96
40 97
24 98
26 99
49 51
54 96
61 89
65 88
20 62
3 12
18 34
30 42
85 94
0 99
36 38
68 73
71 73
48 51
26 94
60 89
37 55
38 55
5 42
45 97
43 65
35 67
28 76
48 87
40 76
86 99
26 36
66 98
2 15
67 86
75 87
6 89
55 69
42 74
28 61
24 87
18 71
35 70
48 76
0 36
16 48
8 95
20 56
20 28
0 9
62 66
67 76
42 96
41 58
20 99
23 90
44 92
10 71
54 71
75 90
28 67
47 59
32 80
51 84
19 74
24 95
18 57
12 67
26 27
78 95
1 77
33 69
9 76
58 76
86 94
38 96
15 71
3 76
33 53
34 85
29 35
35 68
43 45
36 89
40 70
34 82
27 43
54 67
41 56
38 83
32 74
46 92
27 32
11 37
66 70
63 89
28 38
15 38
55 95
13 93
22 84
23 99
49 94
54 79
30 84
17 35
