10000000 10000000 1000000
1000 999
0 1
1 2
2 3
4 0
4 5
6 3
7 6
8 5
0 9
10 5
5 11
0 12
10 13
11 14
10 15
14 16
6 17
18 6
11 19
15 20
21 6
22 14
11 23
24 18
25 0
21 26
14 27
28 22
28 29
30 15
21 31
11 32
18 33
34 7
16 35
36 8
27 37
38 20
2 39
16 40
41 6
27 42
9 43
23 44
26 45
35 46
24 47
42 48
49 6
50 42
51 28
17 52
1 53
7 54
16 55
9 56
21 57
58 5
24 59
20 60
51 61
35 62
42 63
64 42
65 53
66 23
67 34
17 68
69 23
70 37
21 71
72 0
41 73
69 74
12 75
10 76
77 63
78 57
79 72
66 80
77 81
2 82
49 83
84 20
46 85
86 17
87 9
23 88
5 89
31 90
70 91
92 10
93 53
89 94
95 16
39 96
97 14
93 98
99 20
2 100
13 101
85 102
33 103
99 104
105 14
77 106
69 107
108 71
109 26
110 31
64 111
37 112
113 64
18 114
36 115
106 116
83 117
66 118
119 43
120 5
47 121
122 65
123 89
25 124
61 125
126 95
127 115
128 60
49 129
3 130
131 121
132 122
133 64
134 89
135 30
34 136
137 70
37 138
139 74
58 140
74 141
8 142
143 120
144 18
145 133
68 146
47 147
148 58
149 125
131 150
1 151
133 152
12 153
108 154
22 155
3 156
41 157
158 156
87 159
158 160
97 161
162 116
163 45
159 164
165 4
166 130
167 117
168 61
85 169
170 99
91 171
24 172
59 173
113 174
175 70
176 44
50 177
178 135
113 179
110 180
23 181
121 182
183 93
184 40
185 103
119 186
187 172
84 188
189 175
190 92
135 191
106 192
193 20
194 104
13 195
196 24
14 197
198 118
108 199
200 134
2 201
163 202
203 72
204 43
205 117
155 206
84 207
199 208
32 209
210 191
211 96
33 212
213 170
21 214
162 215
92 216
161 217
218 165
219 157
204 220
221 56
222 202
223 197
224 129
219 225
223 226
227 90
228 49
229 196
1 230
231 213
188 232
233 150
234 112
235 78
98 236
237 235
192 238
179 239
42 240
241 3
84 242
52 243
244 181
41 245
246 130
21 247
28 248
249 204
250 79
46 251
252 207
253 208
254 28
255 243
141 256
257 37
159 258
259 25
260 198
215 261
262 125
263 254
264 164
210 265
77 266
201 267
130 268
269 128
208 270
221 271
272 0
261 273
217 274
152 275
276 7
63 277
74 278
34 279
280 216
191 281
130 282
282 283
284 144
285 143
286 105
109 287
288 90
289 200
142 290
254 291
292 39
293 281
74 294
7 295
296 103
297 261
298 28
299 292
300 181
69 301
302 79
303 1
118 304
230 305
306 282
292 307
308 297
252 309
295 310
240 311
312 176
44 313
171 314
296 315
232 316
84 317
318 8
24 319
320 42
321 90
225 322
105 323
120 324
325 269
326 92
213 327
328 25
329 254
330 148
88 331
49 332
333 87
97 334
37 335
336 64
337 39
253 338
257 339
106 340
341 243
142 342
343 199
243 344
247 345
245 346
145 347
348 82
349 305
102 350
149 351
352 326
87 353
135 354
355 341
335 356
357 8
358 16
359 311
360 179
361 265
260 362
363 156
343 364
365 197
366 202
367 232
285 368
369 193
370 313
371 16
277 372
373 354
374 116
260 375
376 133
73 377
171 378
379 55
204 380
381 103
309 382
383 173
82 384
365 385
256 386
387 231
290 388
389 23
348 390
135 391
392 193
334 393
394 45
395 37
251 396
397 322
305 398
381 399
400 365
401 1
402 337
2 403
404 170
40 405
320 406
402 407
408 269
409 373
410 54
329 411
269 412
114 413
414 12
414 415
416 259
417 56
418 173
44 419
420 376
100 421
325 422
423 35
424 32
425 82
426 414
427 132
428 133
360 429
359 430
431 191
432 398
433 390
141 434
435 73
436 293
437 225
438 130
265 439
440 274
441 413
277 442
443 251
444 256
378 445
446 286
137 447
448 151
449 421
355 450
451 155
169 452
441 453
160 454
241 455
10 456
172 457
458 297
459 67
460 21
433 461
64 462
463 12
464 26
465 238
142 466
467 426
319 468
469 268
176 470
397 471
472 468
60 473
458 474
293 475
476 88
164 477
399 478
190 479
480 216
481 445
337 482
192 483
484 322
485 423
486 7
487 402
488 469
167 489
19 490
46 491
123 492
493 279
332 494
495 258
169 496
394 497
498 264
499 42
500 464
105 501
84 502
376 503
63 504
163 505
161 506
273 507
230 508
328 509
332 510
341 511
512 354
290 513
514 103
89 515
516 502
502 517
150 518
519 402
333 520
521 167
522 212
26 523
365 524
444 525
526 415
527 92
200 528
203 529
530 526
531 484
532 163
134 533
534 452
535 29
239 536
537 515
538 344
181 539
364 540
541 370
542 479
481 543
544 320
545 176
546 111
547 189
548 24
549 460
443 550
465 551
552 534
500 553
554 447
555 420
556 532
557 253
558 506
110 559
295 560
164 561
562 493
563 404
555 564
565 526
352 566
567 429
413 568
442 569
133 570
391 571
247 572
226 573
44 574
575 34
24 576
577 112
578 223
579 409
580 147
189 581
582 551
339 583
584 162
323 585
340 586
469 587
195 588
48 589
530 590
112 591
580 592
17 593
226 594
595 9
279 596
597 28
147 598
599 378
389 600
53 601
5 602
603 112
604 600
53 605
249 606
607 276
608 578
513 609
570 610
254 611
395 612
613 509
451 614
615 180
573 616
617 481
618 102
619 62
620 179
621 263
38 622
623 190
624 309
58 625
626 341
164 627
628 72
629 186
275 630
631 466
632 115
633 474
156 634
635 266
636 596
637 352
426 638
369 639
143 640
617 641
642 101
427 643
644 82
645 600
464 646
559 647
239 648
649 1
650 6
651 23
652 45
136 653
564 654
655 567
444 656
657 195
658 317
369 659
660 9
635 661
611 662
663 487
605 664
665 222
666 232
667 131
56 668
669 395
653 670
671 304
243 672
673 141
674 148
675 158
359 676
677 647
678 87
18 679
156 680
47 681
682 221
142 683
333 684
685 484
686 351
687 299
553 688
689 439
690 112
46 691
692 571
693 18
167 694
695 83
696 269
697 166
698 672
311 699
700 671
701 385
339 702
703 373
601 704
705 182
706 307
334 707
450 708
179 709
261 710
679 711
342 712
713 690
385 714
715 355
654 716
333 717
483 718
719 660
423 720
8 721
722 109
723 452
724 428
725 499
726 497
261 727
728 473
729 380
40 730
731 506
732 211
733 244
734 586
735 199
736 595
373 737
738 33
322 739
445 740
55 741
742 344
743 735
135 744
745 593
746 549
3 747
682 748
100 749
300 750
321 751
752 122
753 343
754 505
755 151
756 415
757 598
604 758
759 508
760 293
702 761
762 649
328 763
699 764
765 13
766 96
466 767
452 768
761 769
26 770
375 771
490 772
773 279
774 339
775 59
43 776
777 191
66 778
424 779
770 780
781 726
349 782
783 366
784 616
527 785
786 732
248 787
144 788
518 789
790 381
791 431
792 393
793 789
174 794
310 795
796 279
797 674
317 798
799 183
626 800
670 801
132 802
803 90
804 542
78 805
806 270
807 612
808 6
222 809
546 810
811 169
550 812
743 813
814 790
747 815
816 551
342 817
818 147
819 372
779 820
821 36
822 449
596 823
635 824
825 373
826 764
827 331
402 828
550 829
830 287
647 831
705 832
26 833
834 287
835 62
836 479
837 334
838 474
839 572
840 246
316 841
261 842
329 843
844 784
845 21
846 727
847 480
848 249
849 325
850 716
127 851
26 852
853 72
854 434
855 419
856 270
857 307
213 858
525 859
860 488
58 861
862 639
428 863
737 864
426 865
124 866
867 853
318 868
57 869
734 870
350 871
839 872
746 873
874 676
616 875
876 763
281 877
878 106
879 433
880 857
434 881
882 606
883 873
884 267
885 731
886 92
73 887
888 289
610 889
14 890
497 891
892 162
670 893
268 894
244 895
896 565
897 308
464 898
15 899
781 900
729 901
841 902
591 903
542 904
700 905
906 596
907 119
908 414
490 909
910 27
911 807
525 912
547 913
717 914
915 652
721 916
447 917
41 918
105 919
920 420
549 921
922 44
923 279
924 204
925 312
926 65
415 927
102 928
929 242
679 930
931 352
932 279
522 933
711 934
487 935
20 936
340 937
938 711
112 939
940 776
941 481
761 942
943 724
944 467
945 351
690 946
542 947
281 948
614 949
950 590
951 358
952 925
712 953
954 339
955 413
956 782
1 957
958 644
887 959
307 960
944 961
962 17
858 963
213 964
965 78
966 410
967 107
968 669
951 969
970 576
436 971
766 972
603 973
974 157
423 975
850 976
977 270
77 978
284 979
83 980
981 497
982 841
162 983
984 790
985 190
176 986
987 10
988 767
966 989
990 226
991 31
992 352
993 222
742 994
1 995
338 996
737 997
998 145
157 999
