3000 3869 3
1004 7
1070 2697
2179 261
2804 2281
975 2010
3 2372
2797 340
1141 252
12 760
993 2122
2456 1872
1435 1796
2354 2343
2156 124
517 2560
1988 1676
2442 459
107 1645
1656 350
55 911
1985 239
1953 2509
1844 1712
2103 1994
387 674
1981 2263
20 2519
2231 2593
2774 2737
2054 2635
1222 308
553 639
245 1131
389 1388
698 2136
1071 2389
1265 1939
478 876
1568 1932
2869 407
685 682
1970 2623
1733 2655
1253 2182
1026 1433
1613 1301
2247 1351
1423 633
122 2910
265 1246
665 2546
2591 106
664 678
2914 1055
1836 2048
941 2112
1934 504
1449 359
696 1341
2451 1878
499 1968
873 2441
2990 662
171 2476
2404 2858
988 2138
20 1549
1148 1515
974 2860
54 1908
2400 123
1820 2393
1231 1140
716 2383
1378 427
1126 2079
1458 1625
1625 631
2397 1417
2087 1559
2425 33
1537 2749
142 1706
1839 1895
1285 2712
1552 776
34 1541
1238 2262
401 1337
1353 943
1836 2936
924 770
869 1338
1381 945
708 54
423 287
1133 2507
2742 695
2432 2508
262 2405
913 1892
1075 39
1788 66
2199 1022
2975 723
1406 1799
2607 722
2978 411
1798 450
779 2235
2796 382
173 2873
1581 2488
2164 1411
1816 458
2830 1260
771 1324
1853 2028
2546 265
2152 388
418 1065
2296 743
52 887
1401 724
2737 358
1076 1544
2628 1074
966 2021
1188 2063
247 363
50 1328
1621 1058
2084 1089
1292 1356
325 1132
1000 1944
320 1466
586 1628
110 212
2520 2728
1066 2846
721 1001
2682 2568
2338 83
266 300
905 696
2324 412
1054 2169
1763 1263
2589 2580
217 1653
892 1606
1898 309
2309 1314
2022 35
855 1214
244 671
242 108
2459 1275
1290 1965
2161 22
1550 2601
1267 2267
580 1320
2094 605
2332 71
1682 49
1252 1942
2472 295
1768 883
2905 111
575 1595
1170 947
572 1354
2743 2516
198 1860
2571 336
2652 814
1245 761
1830 57
2578 1171
2119 2378
173 506
1279 377
1258 1424
1748 2668
1834 1456
2035 569
2254 1453
281 2318
2774 834
337 750
554 1985
1300 2691
1721 484
2426 2348
2511 897
992 2331
1585 459
1837 1321
734 1027
2312 1946
1704 658
2237 1007
1467 290
1767 2159
1666 1961
1918 1353
658 584
31 525
2232 631
2250 655
2127 606
400 1580
1407 2326
2857 160
2739 669
1639 845
1654 331
1712 1650
1429 2348
1532 882
416 1260
1302 221
2559 1693
233 1630
1359 871
1232 1775
624 2893
1276 2851
503 2462
739 1061
864 2560
2705 2291
1584 2334
2492 93
2875 1711
207 1677
355 1044
739 1017
2313 109
2792 2463
2389 1287
63 364
400 2738
2970 611
236 250
2599 2293
1472 1950
2296 1032
3000 191
226 294
920 431
381 2077
2068 720
875 454
1995 103
2790 2898
2 1840
81 830
2975 1379
798 2911
2282 759
550 307
2506 716
1855 1064
1238 694
1002 773
2349 1706
21 821
868 219
1576 90
2641 1779
2235 2641
2345 2695
2988 2191
2770 1688
1495 1009
2660 141
2131 2444
1192 361
2633 2349
1576 2588
1661 1358
2955 1765
679 2970
577 1889
2602 328
1427 1631
208 2327
1811 1350
1071 635
2615 2973
2048 1429
2495 1255
1067 1298
339 1475
722 324
1812 806
1293 1523
848 2227
156 816
2553 813
2268 2174
1414 2561
2619 2408
1568 319
246 1451
2869 1594
1626 894
1184 2428
654 1540
2437 560
1628 503
236 878
1055 841
1033 669
526 1854
157 2061
688 2319
1005 1666
1391 78
1095 1317
1592 2981
1001 1156
1377 2124
1100 2829
1516 1161
623 1731
2046 952
2971 1571
2173 392
1307 2942
1723 1714
1397 2816
2839 653
855 154
489 2111
981 2531
1869 149
12 1182
346 748
1867 2300
640 1805
1000 982
1216 723
867 1079
422 2612
554 1949
1575 750
1124 308
2264 1787
1242 292
1578 727
848 1954
1837 2263
2991 1951
1006 834
2445 1209
2922 1468
2109 1996
1438 2088
2087 713
848 1986
304 2121
112 1504
2149 2086
1049 188
1859 823
2493 659
192 1883
216 2769
1273 139
1211 998
1812 1256
2358 629
70 1339
1175 395
473 1252
2117 1187
2443 744
1665 1161
1308 1256
48 2521
672 602
2758 886
1062 2513
48 2108
2680 246
245 465
1781 1517
1402 1020
2441 158
1674 1700
240 2351
867 2464
1181 1595
2662 2931
2627 1215
1254 2438
620 2690
1118 254
1016 429
1512 496
1422 2018
1638 2286
605 706
1531 833
2882 1537
949 1854
422 2554
2275 1953
2585 2678
2091 1270
225 2535
1468 2485
1493 2131
1231 2442
337 1169
1476 622
642 1856
2190 1246
545 296
488 1313
652 1103
1699 1274
1961 332
2701 2806
106 553
2789 51
563 2375
626 1871
2068 2365
29 2012
2855 1221
2669 1076
1776 2026
1735 742
1899 2207
2725 2542
1895 83
505 942
164 1586
2479 1927
799 2453
157 514
1392 1134
1330 451
2140 2081
1553 1326
1221 28
2671 1905
588 2867
226 2293
707 1345
1661 1475
702 2233
736 524
2330 198
368 95
137 2057
1286 536
2703 361
273 452
1682 798
1249 75
1017 311
602 2101
929 2841
2718 2147
659 999
751 1193
1065 818
2518 641
2496 901
17 38
918 371
303 2483
327 1986
19 10
2113 2164
962 1555
2876 94
1048 1191
2770 1695
621 673
1998 346
2506 2552
299 1870
1405 1243
1587 1627
2871 1543
2537 236
2236 811
251 2311
1614 2569
667 608
1928 1560
2539 1646
1313 2604
1129 916
1567 2627
2701 2420
2220 2455
1364 2543
630 2324
1803 1818
1707 788
1438 1098
1271 2856
2879 2149
2454 1352
870 1075
2099 2366
2041 1974
115 1216
2446 360
948 1998
978 1389
2321 1976
2203 1724
2407 2045
1569 2494
2866 875
2345 447
2494 341
497 1810
2576 755
340 972
235 134
1992 582
2820 2904
2215 1822
1783 1654
161 428
1557 2037
1641 2207
2198 2784
2391 1826
1388 482
746 108
1419 2005
2253 1036
1129 2181
2227 177
604 402
1337 2963
2240 1764
1494 1947
1088 1620
131 531
7 2892
925 272
259 989
511 2102
1204 2365
2793 1917
731 1821
1847 518
645 1817
2331 1762
1165 2608
652 1203
1895 18
2629 2262
2495 580
917 2246
1107 148
2072 1119
2798 1655
25 2243
873 1010
2362 1300
1743 1019
1137 543
2852 680
1619 711
290 1280
2076 186
1558 2072
581 2900
2735 1172
2300 2237
62 2661
1469 1444
269 1684
578 2998
167 2394
2094 2650
2431 2322
1080 924
2124 612
595 1447
1622 1706
2588 1321
1961 31
258 1572
1083 1204
1890 538
2752 1880
1740 914
38 2382
124 1530
1589 1264
1681 2338
749 1845
372 1511
818 2962
2759 380
1399 565
1531 2905
1336 2500
1315 2570
2850 211
2034 247
1603 466
54 2394
2935 634
904 233
2337 1770
260 2352
389 2980
164 1403
1021 2446
909 1185
638 717
2118 1459
2881 2334
1868 2670
2129 582
815 2147
2634 2388
279 2536
1919 2557
653 400
2824 2638
65 1253
2756 2584
424 1463
792 1042
1095 2073
2082 149
276 1438
1301 649
827 2904
2010 852
1382 1019
1678 2894
2261 2727
807 856
1514 2448
1728 2981
885 2956
822 2442
2042 952
1515 1792
286 1850
2350 66
144 1660
1519 706
2491 976
961 2265
2657 2640
1993 390
1437 1147
1189 1577
1442 1734
1299 797
987 2902
2529 2817
267 391
2895 1881
2773 27
1742 38
1119 1538
2532 1586
2381 403
2664 2284
2046 1668
1577 1593
74 721
604 1452
128 1279
1655 185
2549 126
2306 1652
853 618
2016 159
1597 376
796 2421
309 1852
1149 1993
1390 371
1094 1344
1412 1640
1361 1938
232 2706
1044 1959
2947 1200
2663 2772
2357 870
1606 307
395 2810
634 2949
2581 243
1288 457
2199 176
1897 150
1303 2297
249 2224
1916 191
2858 2177
1579 1199
703 832
775 884
2341 1716
1888 217
2452 2499
1415 1718
1097 2802
301 2385
2630 1318
2347 2518
274 99
1520 895
342 1906
2771 2800
859 805
1479 920
2062 1293
1623 1250
69 2819
1280 953
2572 2850
438 2889
761 2482
1649 2779
1514 196
1301 1326
1130 501
2467 2189
366 2621
2239 971
2064 1120
2848 324
1418 2502
2184 372
1045 2114
2154 1781
1431 2087
2673 790
2517 2069
385 908
2787 179
1312 2881
1879 2314
1882 1502
2692 362
1100 348
2836 1569
2501 2376
2872 393
726 1596
1258 2355
24 2561
1743 1930
259 1618
2333 2258
392 846
169 593
2976 1178
1257 613
703 839
1162 842
2137 616
1617 2126
1524 180
1662 636
2001 1739
49 2294
603 2948
246 998
2449 369
2574 2755
1698 1072
2029 2593
387 691
2699 2007
2213 1622
708 1086
185 2685
683 2843
55 2114
1271 1506
2733 1995
2857 1302
364 1381
2815 2565
2693 2704
2536 2767
199 289
685 229
1411 1419
1343 2059
1520 1790
1214 1709
612 469
2615 2409
2668 460
2978 155
2496 2788
2109 1393
1265 2739
2521 1070
2373 1897
2261 126
45 412
2163 2044
2130 2596
2421 2942
352 1162
2045 51
1155 270
2093 829
2504 720
1890 463
2582 2854
1910 2875
2296 2910
1665 1117
2731 2305
170 1723
592 1565
2901 68
1876 2549
824 1371
548 407
1498 533
2601 312
1049 116
2739 2379
768 2238
2809 2202
2283 132
931 2358
561 1353
924 157
1856 2554
394 2177
1803 556
2045 476
161 2480
2223 1458
1496 2378
1746 1497
1009 1482
1409 481
2116 1280
1299 2547
2646 1272
1709 1103
2783 1609
2350 769
247 93
2866 1981
2222 738
1462 1677
1973 664
614 2043
1542 737
1669 2889
1225 1926
2576 1681
2198 970
2741 1955
867 1
1962 1970
1935 164
1501 2603
2356 1293
413 1691
2191 1916
2531 1425
426 2736
1632 131
794 2764
447 2603
1983 1084
1606 1096
1861 1821
2683 232
1332 240
863 1241
1920 2920
27 2548
832 2058
418 838
2787 1502
2137 1080
62 2024
2701 2476
2590 1643
100 2532
2259 1789
1647 1094
656 50
1736 2519
1151 1744
666 1539
2929 541
271 1444
2945 879
63 783
2306 1968
2175 2492
2195 642
1412 2799
402 864
2392 2397
606 2788
1732 2413
1901 290
2211 2676
2618 2470
169 23
722 1563
2271 1696
2230 1220
889 990
1780 649
2623 1139
2520 1708
2022 2165
1957 726
2706 2824
2322 2478
1612 638
1651 238
2685 1883
1722 936
1164 2896
1633 1102
2625 1975
1924 2700
1435 1915
1885 1470
889 2148
2085 1233
2216 1594
167 2996
1013 1643
1600 1541
1247 356
2275 383
1374 704
1422 1482
1681 809
2060 928
1394 2771
2592 1496
2493 991
1380 1040
1691 2886
1819 2765
413 1273
2893 2127
890 2916
833 2248
1063 938
1061 1374
2208 787
1545 2324
2023 1561
1642 1058
2010 2477
117 1448
1042 2240
216 725
1837 1028
2707 1269
1707 9
277 1399
2114 2119
931 951
4 2263
1997 970
1053 2756
2625 1630
1683 2038
2460 56
1464 2073
135 2678
27 2129
973 591
2510 2553
1113 1209
737 318
2071 1370
226 522
793 488
2319 1696
1317 250
1190 902
1982 929
2919 169
2776 2840
583 2125
879 1052
2499 1090
2196 1296
2965 1439
1929 870
2620 2555
1907 342
2071 2973
2646 351
96 864
2972 1396
2745 2280
773 57
2838 1670
2954 2503
505 2276
863 1635
1908 2996
285 345
795 1434
2034 741
1430 286
1294 1152
129 2769
2050 391
1393 2862
2416 1434
2847 2281
343 1946
2906 94
2711 861
2260 283
2233 2849
1705 596
1752 2195
92 1104
1803 90
1762 2386
1567 2200
1143 2031
614 283
1147 858
2189 56
1517 2073
2049 1242
1833 1146
715 261
680 2585
2922 41
2976 673
2250 313
874 2975
2429 2375
2355 2342
1697 2874
2666 1779
1010 1625
723 2812
2941 1843
1218 556
508 636
2558 2141
201 2710
1692 2551
527 1846
1006 2672
1611 2691
1051 1692
1476 942
2342 2959
526 2753
1451 2434
1348 746
2092 1711
1584 2617
1588 790
861 1417
2184 2205
2919 1334
416 2638
2969 2716
2287 2080
443 2126
692 2373
2712 445
617 969
305 629
896 2503
1952 1749
2528 1782
1663 1496
292 1254
762 2709
2515 1570
2881 1445
1938 2024
850 1123
492 1955
486 2935
2666 759
1375 1068
87 1637
2019 1846
895 1203
117 2469
215 457
184 2762
1398 1459
1164 1013
623 831
1224 275
2840 831
1602 1917
2655 743
828 533
1006 749
1320 713
1150 2098
610 755
890 2538
811 483
1360 816
958 578
85 913
2860 1566
1985 1037
2108 8
112 747
2135 1797
2830 396
147 2313
1776 2902
1802 2870
32 2751
1743 2236
1156 1909
529 570
5 1222
1257 1406
1925 2995
1981 2279
501 2712
925 1910
2644 1875
2826 618
1907 1832
983 454
1122 795
1648 103
1954 1904
1360 819
1117 756
669 324
179 2202
1865 962
1509 2077
1729 2877
538 2419
2803 424
1410 219
1960 360
1964 2381
2482 516
1086 1015
967 947
48 700
2285 1015
690 125
2009 1454
950 1824
231 1170
2753 932
1314 596
488 922
643 1859
2490 1179
2033 2822
272 279
2625 2913
1423 215
2169 222
45 1123
2286 183
623 2734
892 2931
2121 2182
2687 730
19 1202
1703 651
861 1460
162 2555
2597 2545
1239 2850
153 1810
2146 904
1867 1727
681 532
661 1169
2353 594
2329 1585
691 2347
1923 812
1248 2477
321 2937
1828 1759
1862 1744
2991 2224
2320 2466
1202 1342
2614 2040
1008 428
560 548
163 2594
2152 690
417 39
446 2767
190 2369
278 184
2816 1703
2678 2370
534 930
2572 2984
1531 510
781 2039
1758 1087
1011 2407
619 2634
1832 1015
985 1269
1240 1391
439 1578
1509 2600
2453 2724
622 2912
1761 1925
21 2032
1012 2998
1367 1952
2924 2532
527 923
412 2415
975 326
2551 449
2402 810
2294 2759
2562 2391
860 926
1671 2226
2006 1777
104 2190
2878 528
145 2990
130 1389
2346 471
1902 2541
1701 1188
1132 224
1652 499
295 2272
2974 2681
2241 1403
2299 34
2269 443
1082 1040
781 2575
817 1091
2491 2972
1724 2084
132 386
2689 329
2003 1899
497 2288
1667 2941
1089 717
2430 588
2093 1477
83 1583
1084 2415
1649 897
2964 1736
1402 855
1426 1520
570 2445
1402 1439
1550 1763
1031 789
1701 1534
2305 1889
2364 51
1852 284
33 2580
1676 542
2833 2821
1092 579
2061 13
2537 532
2429 2121
2402 2354
1210 2822
2238 1122
2163 941
1832 708
1715 2304
2811 2008
2405 2979
1495 912
352 2346
687 2825
445 329
1714 2514
2410 2519
1841 1507
2522 36
1784 2979
156 1180
1775 2054
2714 757
2946 1033
1840 2966
2598 1987
2278 919
1872 2615
1157 467
2105 2420
2178 523
1267 1077
1206 1118
1283 2434
2034 2136
671 1748
274 1771
1346 2273
2728 1183
768 1390
915 1827
2497 1566
826 2029
2202 1359
481 2067
2036 2363
2673 2568
341 1563
939 2168
941 548
497 692
278 2853
1722 1754
1356 369
2217 2665
1451 1947
2230 2808
665 1503
2692 102
2667 1343
2548 2468
1099 2616
1226 204
2186 1113
712 123
2505 2210
2440 950
1488 1032
1643 127
2083 207
2422 862
2320 660
460 576
1920 1536
1699 2534
950 2926
171 854
178 2812
2227 2421
1911 960
1776 1266
1197 2610
1115 1177
1886 498
1629 2647
2797 2310
1327 2605
1676 2592
1311 2461
558 2509
82 1605
860 2484
2448 397
1420 609
1991 1346
2436 1527
2142 1730
1395 1159
2803 2159
3 432
1596 597
2212 1876
2123 690
705 1283
1535 168
1714 1559
2798 2939
2543 1479
2925 965
2467 1782
1641 369
2892 1117
778 2733
154 779
2342 2597
1823 641
2632 1937
2255 2732
1647 2250
2596 655
1184 611
2356 385
1309 2169
1333 158
2822 170
1005 2920
1873 1366
1875 74
399 2357
1943 2497
1098 2103
2287 916
1831 1358
2177 2838
1385 2244
964 411
625 671
2645 206
461 2762
1523 230
911 2512
1031 2754
2979 2305
1176 1418
452 455
1450 1168
2499 206
2361 2283
1892 307
782 2663
2777 1199
2521 2146
2673 1524
2187 2461
347 1884
2009 992
266 2938
1456 1800
1588 2944
1461 962
1685 698
2496 2400
2786 1137
1870 1725
493 1146
1220 1183
2405 2093
2700 2766
213 2360
797 2210
2024 2987
835 1081
928 2961
2791 2524
2218 2719
2173 2549
1833 137
182 2037
1762 1802
2173 982
240 2094
70 256
801 741
29 2689
1891 2183
1368 241
2702 201
1246 1348
544 213
1227 1845
1823 691
865 2366
2642 1763
1962 2611
141 742
2825 1488
1877 1449
2151 1369
1357 1716
907 135
2818 2513
2066 2044
1680 2380
1066 729
1339 2831
1192 2995
1863 1176
2314 75
540 774
2539 2579
118 1747
1180 1879
2908 1394
1769 1587
2735 2
2212 2261
1092 2929
2584 2696
1119 440
901 1312
1697 2636
862 752
1011 600
2234 783
2014 547
1848 1400
943 2079
2883 2052
1375 653
434 1948
875 523
1695 2199
2950 1523
15 2832
2331 1688
101 2015
2436 289
611 1693
1786 1436
1598 2426
2205 2657
670 322
1458 353
2890 1194
2953 100
1778 2470
159 2171
1553 24
162 1669
402 1085
1022 1284
2665 2738
1637 2063
682 665
477 2622
790 2509
776 309
1108 89
439 332
1345 1284
2821 1150
2688 2747
987 2994
594 2508
823 643
1745 1211
1506 2856
744 510
1577 2809
693 238
1413 2272
1057 2120
1964 1715
2285 167
1041 2703
68 108
934 912
595 1634
1490 1828
2209 1629
1127 415
963 1455
1501 2630
2326 2297
2637 1442
1562 2755
2649 2104
181 2853
382 819
1297 1668
836 2982
2233 1457
684 2012
2781 987
581 1218
212 1596
597 695
932 954
904 2721
2117 891
530 1915
1799 1012
2172 73
846 2797
1417 1872
990 1793
2273 268
1952 79
107 2216
2423 1717
2574 2017
144 2888
40 1120
1230 2013
1250 2067
2806 1913
1196 1351
857 2376
394 1461
1963 340
814 1785
79 542
1094 603
1857 2959
31 2259
1138 2790
2487 147
512 2750
1816 2765
511 575
2956 330
2858 1017
976 1806
40 1366
491 2992
1383 791
1862 1604
686 546
333 2264
1974 2219
1603 2162
2157 1113
2241 427
296 984
786 1011
1031 1387
2274 683
640 2179
2080 1922
89 225
1323 1818
1665 2740
2565 1342
199 139
2906 1125
1708 707
2709 219
2403 410
2238 2934
375 1710
379 849
1133 2968
2834 1975
370 2551
2748 786
45 1479
1749 2592
2995 1591
194 142
991 1642
1641 836
1729 2835
1034 2014
480 61
1308 1450
1673 993
2997 1331
1884 1912
590 2576
298 1933
2690 316
542 2378
1468 1648
2619 740
2584 700
2332 1524
538 664
1881 1040
540 1489
365 1752
1159 2722
1228 772
1710 437
2815 1632
2918 1008
2905 2790
1484 840
518 263
1262 2148
1941 1570
698 1684
416 2925
566 181
180 444
2244 2370
113 348
43 869
1034 933
2992 462
649 741
2906 53
438 2486
2591 2399
1081 754
1978 33
1748 2490
2810 1243
1435 315
272 1248
263 1235
2560 2997
119 2409
1154 1545
590 1038
2746 851
1457 2478
1329 223
444 405
310 612
291 2985
2418 315
101 294
836 569
6 2066
403 1242
1964 2054
808 1029
1692 839
546 1558
1896 1571
222 2527
1148 1087
2308 1923
1216 784
2118 2085
1636 1060
551 483
1802 2887
956 2982
902 718
915 2480
2221 2948
1977 200
2379 335
513 515
831 2417
1401 1331
97 1809
1682 2504
633 2980
1481 956
2727 718
104 168
765 1919
967 995
2564 2862
1773 136
388 391
2213 1030
1768 339
1334 1251
293 709
2921 2302
2617 2353
1588 2682
607 2819
1105 764
1213 877
1406 788
1847 607
2567 718
1056 1686
1873 1110
2488 2172
1798 34
745 1440
842 2547
2814 1618
1845 335
2432 1679
132 1018
2744 2193
415 531
2649 973
2379 2096
1645 2734
2078 621
1434 2148
2886 1926
2648 727
2867 347
1990 1083
2217 811
2944 2275
1794 237
2254 231
2887 954
586 1136
1897 2726
1631 1611
1448 1195
2007 2260
1090 2328
110 77
2879 1494
1555 1373
1904 1986
2814 1145
2567 1944
485 1264
1683 961
1082 46
1646 2223
154 2109
702 2243
133 456
417 399
1805 1580
2410 1659
2247 297
2708 524
2556 2969
583 565
1611 2099
410 2372
2291 859
600 1513
1262 1564
1114 753
2209 2471
2183 2282
2525 2165
1225 2359
1610 2761
1659 316
1849 244
270 2651
676 41
1443 1069
537 2897
2111 823
1657 1991
1344 655
1492 2884
98 988
660 76
405 180
784 2855
2025 2387
616 1760
2002 627
2489 172
70 1860
1667 1948
1310 2714
172 1076
2877 2721
1719 1071
1013 2276
1731 2869
424 1197
2187 197
20 1918
2781 1510
208 1825
148 2017
451 2474
28 1541
688 1340
2398 2943
1753 2192
1152 64
2710 2214
2989 1988
2833 1150
1744 2927
2624 2613
1745 1344
304 1550
2933 2435
2069 549
1041 1848
2944 405
1126 1505
1312 123
2097 769
2965 2844
1608 984
674 2347
725 1589
179 1359
2228 1184
2622 905
1376 371
918 1122
1610 1842
1326 1414
810 2732
1263 2878
2842 2706
2612 288
2578 809
516 1285
839 1459
528 621
1281 1352
2522 99
105 963
810 1658
1829 1545
1609 1659
2740 1936
997 502
1316 195
1497 1304
704 404
2373 1660
404 393
2579 1639
211 2370
1573 334
2229 778
572 2339
1687 1868
1801 1375
1751 1101
1233 485
2799 367
1422 2326
2955 367
1773 2898
1362 1903
2413 2843
285 2663
1746 2815
1000 2686
561 254
206 300
1174 705
1149 646
458 1413
386 2361
1728 865
2364 2949
2857 957
2743 1556
838 2106
2287 1922
155 2856
552 2414
800 591
1557 1710
1902 61
2971 2487
1482 2104
2599 1637
2284 1552
1935 2681
151 121
1976 1855
2007 2491
1346 1121
955 323
2574 915
1485 1582
2383 2994
820 1839
2295 2667
161 781
1315 1644
1174 313
2717 1187
610 478
2166 2618
1713 1983
2661 1594
944 2704
37 1166
2868 1238
767 1621
370 2674
52 847
121 2307
111 1713
2700 302
2154 2360
2228 1996
1385 782
975 2477
1576 2627
2230 1490
194 619
1177 255
1978 840
1376 2847
1070 2756
1294 1141
1522 242
2891 2394
1937 193
1820 2878
2292 1318
1208 2282
2865 1307
1308 677
23 1325
2309 1167
1349 2617
1124 1686
1601 782
2180 1173
1806 2260
14 2098
2937 1861
298 2802
8 1756
2362 248
135 2226
453 1903
2603 2158
1164 804
2248 1138
242 2141
1701 2740
1554 2176
1663 1988
398 1769
453 1270
2983 1700
1295 1543
1227 2946
706 2907
2591 237
2746 1771
126 2310
1327 2450
1052 96
1947 2130
1385 2772
2318 2766
1671 2852
55 2730
1556 166
2075 662
820 478
2681 215
1730 1578
983 1527
1808 2782
2489 2688
2231 1136
1103 2862
910 1764
940 2309
2845 2795
1373 2142
2039 1562
1446 131
383 44
1634 1229
1176 2115
515 1309
1365 338
1304 105
1306 2197
1844 2074
218 710
2435 58
529 1977
1236 1859
1432 2517
1521 2755
2933 58
2449 2631
1732 2559
142 1499
300 2938
421 1068
614 571
338 1340
2357 1636
2404 2648
351 2897
2793 1304
603 1174
1093 1791
934 1421
1241 2115
793 2951
1783 1887
415 110
1956 1120
1958 1054
2842 2283
1441 2632
293 2747
1551 2351
1463 2433
2471 891
2353 507
2631 1387
1735 1135
1685 2462
2185 2355
2572 1574
817 1064
2344 84
1173 2945
326 2767
1397 350
1114 1644
2722 366
475 2590
1980 1441
124 2412
2513 2360
1590 1410
1607 67
1141 1152
359 1036
2624 527
2813 2951
1758 1585
1756 536
2256 493
1160 1672
2096 2946
171 566
2410 1505
797 978
749 589
1809 1158
1651 1316
22 362
461 1913
1478 1341
2935 547
1477 2161
150 2380
1688 1854
788 2768
198 1056
1486 32
1109 16
1172 60
871 2555
344 1960
1807 2185
985 1604
556 535
1163 1039
1772 1025
1516 1255
2183 1116
2401 553
2628 188
2208 1972
2793 1127
2762 1705
17 2251
2067 2507
2142 1536
2090 1347
2774 2096
1765 1461
2943 1182
1261 90
1810 1990
2113 1608
2720 1890
2265 762
592 1149
1656 1951
2175 2312
2403 2485
2082 249
2510 441
2391 2273
647 2731
86 711
1602 1369
1480 2598
1059 1766
482 1288
1982 862
1368 2675
940 2876
1395 518
2865 769
461 2853
1908 342
1029 1934
841 10
1565 2032
1393 2144
609 1626
2851 1777
1053 46
1107 165
1991 1955
1237 1389
332 376
1997 2111
2801 1334
428 1521
1984 72
2102 1581
1620 282
1278 1489
327 2525
2429 845
429 970
2438 1232
978 130
578 1560
1852 1022
2530 984
936 356
881 1062
2921 1574
406 628
1485 872
303 2341
1949 725
912 1916
1366 1201
1145 474
925 446
2570 1297
1345 1828
1620 91
2952 980
384 533
637 2932
787 2695
570 1452
88 2557
2061 2062
2923 2122
336 529
95 1794
1197 2433
1573 1218
465 316
13 230
2754 1899
2390 1865
567 1815
2977 467
2699 2043
271 2030
1504 176
294 2723
2983 2776
986 799
500 539
1414 2939
2058 1264
362 1864
2658 2676
858 2742
2380 999
647 1602
979 1827
2248 850
2773 2506
673 2412
678 2278
1478 1877
1817 1349
1806 2829
2534 193
1471 1877
480 257
1213 1397
2661 2837
1329 631
1827 2025
1666 311
1035 564
1921 746
1030 433
211 1885
971 903
1102 1568
2745 2008
1227 996
1720 2546
2315 1045
2257 2960
1648 2727
1272 2579
1980 437
1563 1939
696 336
700 1794
2029 1628
1186 2588
770 1579
2920 525
1051 2058
1982 467
2195 1951
1679 1582
2327 2255
1185 1077
230 378
1592 381
933 824
2000 854
1110 927
2028 2866
840 2132
1790 2907
1905 2744
1144 657
2383 2699
1754 1134
1382 421
880 656
1612 1898
644 567
2794 1188
47 2763
222 1467
679 1822
177 35
2056 1350
1043 1911
892 1210
2323 1347
288 1551
824 2245
170 1431
893 2115
756 1415
2317 297
1869 1656
1342 963
2583 278
519 2459
197 1715
1855 712
1014 1073
2548 1048
1587 1629
2335 2130
36 2837
2188 2457
1111 291
917 2042
15 6
2460 1969
1169 1971
1116 1112
2083 2956
435 2527
1168 1635
983 2932
1830 1193
1704 1623
2836 477
802 2133
251 1447
118 2176
1723 2662
1664 622
1773 1967
674 821
537 2542
390 2677
1843 2785
91 966
1194 1946
234 2303
1789 2926
2009 1759
341 2100
2722 2613
202 1130
715 1305
377 224
2411 68
1783 539
2965 2144
2223 1229
1529 447
1350 1605
1939 2737
42 1372
898 630
953 445
1925 2076
2977 1885
160 561
1178 2642
394 189
1532 1740
1849 991
1789 2648
1491 1287
844 522
2908 325
856 2638
1944 41
2151 2311
2246 990
2123 701
1853 479
238 2465
2985 888
2561 2462
2989 1804
1191 571
420 812
212 2454
208 900
2644 1630
2330 1887
1726 2288
473 1056
2865 1195
709 989
1741 2903
2112 2840
63 475
112 2770
14 2064
2339 2702
1738 4
2749 1223
1751 1266
2589 1851
178 319
2484 792
1726 2365
2377 767
544 2281
2544 1179
1749 2315
2083 1801
918 1564
2097 1954
1330 2507
385 1974
1597 1712
1171 1572
210 1401
1258 2164
1814 1804
2123 574
2257 2658
2516 2465
599 2938
2144 2907
204 752
2222 2037
2017 2025
604 2445
866 1158
36 1547
794 932
1500 1167
1919 2138
805 777
2599 101
2139 2666
1328 1680
2672 1033
1823 1948
1530 2992
2611 2984
1012 2768
187 1930
907 601
960 276
253 2902
1047 1221
1544 989
232 2619
992 409
351 304
492 1121
1979 1173
2428 2215
1707 2201
1775 2684
1750 1607
1940 1965
937 2456
2362 2780
283 976
1133 1849
2601 2384
986 2595
1303 1407
705 2221
1154 2543
913 626
2761 2581
1928 555
252 1035
1296 373
1028 843
2352 1365
2155 599
2493 798
1787 1741
927 2950
882 2337
785 2317
1108 2874
2217 885
1189 1882
628 715
2647 1357
1074 1770
539 331
2063 756
1615 2032
1007 452
2635 345
149 1213
2807 1024
2110 778
268 2562
2080 2424
2290 1408
1922 2135
1493 648
576 2968
1376 889
1953 305
244 1973
210 2571
2139 735
879 450
262 1198
152 1864
808 258
2298 815
459 2352
280 1450
1330 1440
1970 1362
638 1695
2636 1826
939 1204
2567 2686
2539 1914
190 910
1194 503
832 449
2118 370
1622 2268
1515 688
2664 1270
93 2798
920 1364
2040 2439
1547 302
2974 2363
1241 2453
1473 1675
463 1753
1379 2945
2813 255
2847 917
2527 513
2784 574
1570 2854
442 403
1148 260
1733 2917
1738 587
2404 1061
754 1609
2928 109
1639 1634
2861 835
225 2636
1851 2563
1032 2917
968 1924
2864 1798
82 2269
1525 2468
2424 2385
1290 1023
1205 1091
2924 482
775 2917
2978 2558
2550 1175
2705 1867
1928 1257
804 2276
953 2225
2222 2632
1325 943
494 995
1745 2335
162 619
1767 2610
923 2624
2033 1559
2229 982
1698 2961
2526 1115
1554 1540
873 223
205 1995
2620 853
1341 1274
1454 2386
2587 1528
2279 334
2098 2765
670 717
2578 234
2158 1929
2026 588
1448 796
2804 2749
409 1454
2218 2984
2541 872
1087 1101
2136 801
973 1421
2690 1757
777 2349
1673 2145
2146 2402
1288 2241
796 2629
2854 221
2989 2659
2133 557
202 2225
2117 1544
2299 470
344 1800
1424 2909
2259 1555
979 1711
562 2385
1078 1516
2033 793
2855 1379
2161 88
2232 2731
1453 1713
514 1599
1788 140
2019 1235
1483 2577
1219 227
229 84
728 427
1157 2852
714 2128
409 2396
2064 1689
1333 2792
2039 165
2868 504
2772 2049
2245 466
1880 364
95 1286
498 2234
2859 2340
333 1230
2298 223
520 2948
1804 911
1259 2993
2440 311
257 974
1069 2698
1310 2099
564 568
2538 1857
2251 1409
2021 1658
958 1526
740 1077
2818 1369
1719 2505
1226 2841
1653 158
1160 1808
2508 1349
24 1780
601 2585
2927 646
2256 2986
1586 2036
2043 397
1262 2934
2796 1295
1426 2351
2345 2805
1471 1474
2035 1498
1561 815
1358 1807
72 2653
550 2604
600 2000
514 2356
921 2899
2642 2078
1302 1757
2776 365
1219 1003
1887 500
2538 1190
1298 869
87 1534
633 1383
972 97
2279 2900
1997 267
2751 2763
1761 577
1388 320
2872 2027
1484 2013
759 2650
1331 2571
1750 2805
2431 2896
2495 522
141 2325
1873 501
2182 1229
2441 1355
616 2062
753 1734
2629 1307
1003 900
886 1408
1750 1075
1131 663
1999 337
1607 1501
2196 1829
439 1730
1316 2590
330 261
670 954
2824 2059
2511 2859
2890 615
1893 2035
1522 516
2553 1664
2911 390
845 1272
2066 2768
2524 1697
1193 1989
563 2966
1052 470
1956 430
829 420
2826 438
80 850
2660 470
1441 2074
392 2212
2901 1201
766 2530
944 2153
2129 2829
2882 2818
1259 1078
42 2883
2411 509
887 757
2055 1510
1616 629
2220 2870
1124 1958
765 552
757 2895
837 891
2626 472
260 2867
1105 49
209 2933
2242 1338
1223 2957
2450 2702
1309 2330
903 1874
2011 1889
745 576
2932 1129
134 948
2126 2056
2758 73
2990 2531
2302 2609
251 2646
1233 1051
1605 559
239 1021
1299 1598
1219 130
1142 2498
252 1635
1623 559
2387 520
829 152
2435 122
865 2089
1795 1347
683 1822
2643 1758
1796 1292
469 1631
803 1846
113 2192
1663 2512
955 2476
2626 2015
2523 2750
598 2443
2160 349
381 1427
468 334
736 2923
2285 2996
117 1904
1367 484
2707 1565
2486 1189
1923 2076
807 2408
2791 1786
1664 441
898 431
2154 1095
87 2794
2097 66
1674 1282
188 914
1497 2479
2514 626
1907 2891
2427 1445
1487 1355
846 2372
2597 2040
266 2070
1600 2180
1751 822
2016 2795
2723 1259
1705 2105
1519 627
2386 284
2319 1231
763 306
37 1826
2052 1896
562 2761
1942 2116
775 2339
1848 719
368 235
2942 2289
1138 1084
1343 442
1624 1878
295 1819
799 1812
2899 1467
2639 2332
1857 2540
1492 2606
1732 2428
1720 1245
2051 2805
2889 871
1163 2272
1252 650
755 820
577 1198
1232 1737
410 2485
2406 1486
709 1769
343 2675
2443 2880
1513 1167
1917 1746
1090 2645
1542 2079
113 2423
2711 119
1994 1694
2329 1912
2781 2271
2565 531
58 2605
667 625
1698 1054
1007 214
2651 47
2895 1580
1760 13
545 2018
2514 1320
2163 1464
2414 420
885 421
945 2775
2210 2694
592 21
555 9
637 243
785 299
187 847
279 1466
1737 285
738 1478
1943 645
1633 1512
1761 102
1298 2803
2430 2271
2884 448
2175 269
908 770
2265 2065
2051 1318
354 1782
2779 2653
1816 2833
2510 1381
2600 1774
1337 281
2401 1615
1680 1595
2909 2242
659 758
1950 2618
259 2669
838 1191
1093 2095
1689 1428
613 555
1083 1105
2031 520
1657 81
456 2568
900 573
1685 801
1733 1488
432 2374
2266 2194
2000 596
814 1108
1575 1863
921 1654
2251 443
2214 2193
483 2729
496 2960
2999 2811
1208 1551
1657 1166
1392 2937
1610 301
96 874
302 1686
1825 2694
1811 1742
1416 639
2482 1720
1684 2312
735 1439
2596 2680
2291 2174
2562 1785
2479 1127
906 26
2882 1425
2664 1583
1592 1509
934 1495
505 2752
1067 2242
1431 689
305 2209
1261 2473
2896 2775
2400 1064
956 60
687 2450
1274 2100
2784 2152
672 1396
2893 1548
1416 237
2418 2003
8 1053
1153 1014
293 172
376 711
784 2587
605 652
584 2269
487 1590
1549 957
2171 2725
2262 1195
330 187
2939 714
590 465
1348 1234
2649 114
1217 1099
1254 2635
1494 1514
387 1615
2812 1735
1128 1649
2957 2044
2530 2104
15 2998
1597 1057
2887 572
1 1025
1736 2368
1507 1160
884 2605
1956 419
2002 1891
1894 2707
1851 2328
1989 2778
3 972
2976 2156
2188 2390
1500 2407
1275 1518
2306 2288
1930 207
1584 1445
1784 1864
1813 2422
852 446
2374 1987
498 2775
2773 2395
1060 1278
559 1518
292 2438
102 1784
2641 1426
585 1404
1898 2764
965 2830
1171 1038
312 1614
806 571
2683 174
2534 182
1530 218
821 639
1646 1914
919 2490
777 2634
1865 1650
628 111
155 1319
2662 550
608 2367
396 1260
1268 1866
1089 284
1508 2874
2343 733
2361 2683
129 1247
2267 2556
377 203
1547 2987
2004 1976
521 353
35 140
2994 2972
484 2119
1650 1005
81 1785
275 2333
2954 17
32 1929
1047 450
2280 1324
2831 1942
2252 182
803 923
1418 609
1384 1107
573 2547
2327 227
2930 2504
994 2145
2558 2225
1858 2468
812 262
2903 2529
1443 2371
1702 1909
1562 2480
1583 2952
264 2231
1927 647
1505 1251
1727 455
902 2733
2047 1225
2606 713
1003 2134
585 1437
1757 1918
2550 2301
1491 1959
228 763
1380 2340
2290 2150
227 635
569 2418
52 1801
2726 1726
1473 2964
601 2977
2682 2639
1142 951
644 969
2335 2221
2139 1790
3000 800
310 248
373 630
2718 2444
1424 2439
981 2804
1858 2552
2823 959
1702 1109
2226 1093
2950 827
1529 2654
2384 462
2583 1513
2566 583
574 429
23 2964
564 2724
2023 1653
2611 610
2188 1824
1235 366
2668 2419
397 1525
2300 2633
515 2785
2982 1831
138 136
2947 1277
1250 994
468 2473
2608 2128
802 2914
494 406
1915 1498
138 510
733 2697
2782 1085
2367 374
1205 2427
2120 436
2393 2156
909 1018
16 1766
1240 317
837 1145
2486 2620
2363 2980
2089 248
1390 795
2001 697
1313 1835
1284 1207
743 687
581 1276
2294 50
1355 1888
905 517
1759 2764
265 509
2630 2751
679 959
2216 1674
408 125
1244 2528
1261 1215
732 930
2659 1335
2695 67
1874 1104
2006 69
1752 2417
326 852
2253 1449
1130 84
2160 1779
573 2134
689 1210
500 473
414 2101
1244 893
314 858
2602 2715
1282 560
2437 1465
1447 1914
2057 620
2671 2455
1111 549
2811 780
1945 1979
857 143
1690 2923
2315 2659
1522 685
2957 213
2786 748
2505 2255
2654 2292
2602 2752
2367 745
449 703
926 2060
25 59
2577 2439
296 1240
641 1993
1473 737
2817 228
599 1838
2190 2901
1912 1140
847 551
2835 2108
2909 2959
2861 977
2864 319
783 425
103 890
345 1601
1039 1428
874 1841
945 425
1651 1880
60 1306
2382 584
922 1871
475 942
455 273
2168 1181
1452 210
1933 1624
1208 365
1510 1792
807 386
2669 2471
152 2557
825 2501
138 80
463 1589
1739 2398
2586 1533
2708 151
1144 1036
389 1423
1154 1296
2753 1612
1703 119
256 2369
1415 2475
11 2569
2461 1601
2961 2116
1718 2778
1329 217
1481 1395
1893 772
1819 40
678 1678
433 997
105 1352
357 2053
2197 1253
2807 2500
490 2036
1753 374
2974 1403
2089 2780
2481 2483
2412 462
1126 1941
2533 2451
806 893
2274 959
772 1276
2801 957
109 426
1050 1694
2469 2022
495 2090
1143 320
338 347
760 1936
767 2419
1099 675
2110 676
1979 2660
220 2754
115 1945
2396 747
479 2200
1526 1560
2806 786
136 2880
153 2170
2140 615
2988 2018
2954 82
2125 2086
939 380
2050 643
980 1362
1831 1387
1035 1294
2447 178
589 2100
282 355
1433 663
1436 1638
1689 2472
543 2399
2747 1187
635 1825
766 800
2640 2258
2162 2206
1245 1900
2388 675
490 1378
7 1078
1123 2196
1062 2075
907 1470
220 1807
2864 2587
2301 271
637 2424
1618 837
744 2415
2155 2452
1693 2843
1900 1535
2396 176
2800 471
2667 174
2677 1151
2991 651
492 1037
2586 2091
2249 2559
2916 1023
2826 2809
928 1268
710 2384
2304 2381
1938 2734
383 1687
469 1300
202 964
1144 186
2197 595
1937 2252
1364 2898
1971 64
1797 243
2600 2780
1212 608
2910 1327
2316 2912
485 731
1068 887
2472 1413
9 2201
506 2143
2973 642
2736 43
899 2523
2586 1962
2691 310
1503 1815
732 1155
774 1027
1372 2736
2304 1737
1728 2366
2583 2789
2299 1662
906 2919
2334 712
2503 1617
1069 587
1286 46
1249 1024
1255 2794
1463 43
2594 221
562 2181
120 1699
625 146
458 1039
1483 2614
1818 1443
14 2821
2474 2828
650 308
2577 2545
1632 2454
2320 2679
2414 1511
1462 2738
175 1704
2277 374
742 1945
4 1853
2880 1469
2750 166
384 220
2716 2693
1709 1116
1868 6
536 2913
849 277
379 1717
809 980
1310 2077
1973 2968
435 2107
1151 434
1323 454
2459 2056
2913 1658
719 436
964 168
853 1502
668 658
1427 2981
88 2692
1527 2581
636 699
431 80
1205 594
1206 1972
1499 859
2246 1564
2239 2336
2837 407
2422 1470
2839 1382
1525 1858
491 528
1100 196
517 2186
656 575
2232 1477
863 894
19 2593
1725 1317
666 686
98 1224
2536 1248
876 2338
315 1292
1215 2900
2844 627
487 617
1600 1363
935 2552
2185 1608
2244 442
1573 1567
106 646
2168 764
1203 1891
435 650
464 1279
504 2469
1738 2698
2951 693
1335 2713
1869 2863
692 1314
2201 1526
78 883
2316 1476
1080 1579
1626 2470
1466 1910
2311 521
2828 2458
851 2963
2686 2403
30 1432
1079 241
580 1936
380 1968
2253 738
1839 1903
2936 1850
2237 675
739 1106
916 2181
490 1935
1282 2020
2228 2249
2723 2475
153 2885
2158 39
2027 1538
2452 2958
2417 1731
2433 2159
2623 245
2270 1338
184 955
2672 2848
2323 349
209 2655
359 1980
1269 2518
1446 1957
1136 1202
2074 437
2112 44
1097 2431
25 2533
1721 2512
2827 12
2390 1373
2573 765
1446 1927
2371 535
2610 1067
822 2430
2787 618
1755 1222
1941 2801
1888 2298
1901 684
2297 2988
1675 1549
1157 929
804 2912
2389 2732
444 1616
194 1217
1958 921
2915 1321
1199 1760
771 1772
186 1844
1640 2838
729 888
1517 1223
234 2218
269 1780
2020 107
457 100
2791 1546
1669 1593
2958 2328
1045 22
53 2888
1996 2160
2970 2215
1460 2397
264 1613
2344 1506
456 44
1016 2868
1333 2147
1143 2953
1217 2174
2336 163
730 2198
1277 654
876 1239
67 160
313 1283
2049 2167
1906 2891
773 2203
114 545
2757 434
613 1799
423 1165
2057 1325
2204 2735
2967 899
1367 1335
768 2416
200 2997
2525 1931
441 2234
1796 2449
2759 999
2151 1781
2958 2070
1504 2940
2460 2962
730 1236
1383 2924
2621 263
2278 1037
1696 1101
1178 218
2427 817
229 2344
2899 1924
648 1050
2609 2295
2153 2053
1096 922
2665 551
2141 1201
2307 2458
2084 776
2392 937
632 203
1675 1542
1047 115
651 1460
2983 1361
1747 2286
667 2544
554 460
946 2137
1950 677
1016 408
146 1949
301 2135
2698 479
2015 1534
758 499
1038 125
1519 895
2085 1398
1073 414
474 2489
854 566
502 2986
1940 2270
1239 453
1361 2437
880 2150
1026 977
513 1642
2303 1552
805 273
2481 2498
2310 2110
430 2820
495 2846
1667 2911
2204 1356
1471 1557
1652 764
2918 148
26 1251
37 268
640 1462
2877 733
919 2192
1404 624
1237 1719
985 2677
680 1386
357 740
1275 1811
1474 193
2844 2650
1159 803
1553 826
587 2473
1616 2639
1975 2343
1645 62
2003 2631
2466 734
1474 2252
2082 937
2249 30
1196 143
2236 406
1263 2393
1834 2741
1671 204
2934 2416
2621 2613
780 2081
2714 2124
2268 620
682 1683
1028 1323
350 2456
2760 2371
2492 264
1043 2463
2839 1805
165 2918
2266 476
140 177
2322 425
2835 2697
2582 92
2823 2274
2206 579
1464 1425
2382 1409
411 1271
1214 735
1508 1200
1416 2401
1268 256
693 2931
331 2645
1966 2019
1106 1539
2179 1019
1236 2050
557 1455
1729 1881
2656 2178
2894 2544
726 901
1010 2023
1303 1009
388 267
2411 1285
1900 104
1209 1977
1059 233
2303 1862
1537 662
2292 417
2031 2434
1767 426
826 1322
2879 1211
1228 2028
2134 2694
1181 2170
1140 2026
1018 2925
253 1063
1984 1377
661 986
373 1829
1893 1481
1024 1742
1871 85
750 1472
1756 2721
396 1185
122 2825
1419 1483
1008 1521
591 1407
286 203
586 1613
2413 2823
2392 2071
544 2637
1179 348
2068 2726
589 1265
2316 2465
1091 507
2293 472
884 209
2165 1788
1971 1420
677 1472
534 2406
2194 541
747 526
2409 2816
2070 2155
2211 2447
866 1480
2967 2526
448 697
598 1405
894 2502
2501 2873
2170 758
1336 2871
720 1289
2475 1604
2375 1306
1791 752
2075 1049
2922 2229
2563 306
1386 1226
192 287
1153 938
2724 661
89 1121
1190 1876
2051 1529
1617 1518
2795 2569
2191 114
965 174
1411 2545
833 898
28 1662
2354 2696
681 2143
76 399
1926 2656
909 2408
896 481
1920 727
1727 2633
1291 249
2105 1500
1046 1808
1906 2350
2448 716
