99 143 3
85 80
67 31
8 2
82 61
68 73
96 52
16 20
6 34
43 27
82 47
21 56
54 70
19 7
35 66
69 97
27 61
91 88
84 30
83 1
22 39
14 42
70 31
18 94
28 4
5 37
50 61
36 79
29 75
37 71
50 10
96 75
14 2
43 34
94 52
29 10
43 35
99 79
14 15
24 40
25 27
45 47
85 57
60 57
96 33
74 2
41 16
37 86
30 48
85 77
68 54
40 7
6 98
54 58
36 97
8 87
9 59
89 87
69 65
3 75
36 13
97 77
32 12
24 78
24 51
92 66
80 57
70 26
69 32
68 21
50 66
67 22
60 44
99 89
90 30
45 79
12 95
19 53
89 42
20 88
78 95
81 93
45 76
74 33
49 83
17 11
42 34
26 48
15 53
46 47
91 26
72 62
63 98
76 87
84 48
19 93
28 71
51 33
82 38
83 65
20 4
41 6
29 12
67 7
49 86
25 58
18 11
55 38
32 38
8 62
17 31
72 78
91 84
25 73
18 71
55 1
99 86
15 1
49 98
90 11
51 40
92 77
90 73
46 95
63 76
56 80
55 39
21 16
13 62
81 5
81 44
5 13
22 53
17 52
72 88
60 39
41 93
63 3
46 74
94 9
92 10
28 56
35 44
9 3
