100 2134
22 91 94 62 30 49 64 57 8 30 52 9 22 6 47 81 36 40 13 7 89 40 73 21 56 88 66 37 35 53 31 8 43 76 69 24 25 32 32 84 13 83 93 34 89 91 14 76 30 79 82 70 18 7 42 25 94 7 61 28 12 44 87 54 19 56 30 95 39 61 79 52 44 23 85 84 65 51 59 94 81 93 16 50 99 57 75 44 16 35 23 27 78 9 80 97 64 9 91 55 
3 89
28 43
93 9
48 36
11 24
86 22
45 53
29 75
44 82
91 62
17 37
4 91
28 30
70 97
10 54
15 98
29 57
32 26
62 99
4 30
100 15
27 3
6 81
100 63
59 54
49 76
68 49
11 66
80 74
6 1
69 43
33 99
66 80
1 4
41 60
1 68
19 27
8 25
21 15
66 68
13 76
22 11
97 94
36 93
1 81
18 91
40 39
30 9
44 67
8 99
15 71
64 53
28 41
29 10
33 5
62 26
34 7
46 6
18 86
59 39
92 56
50 91
10 82
71 86
97 65
87 97
93 18
13 6
91 31
42 82
70 90
57 68
6 47
44 50
88 10
94 56
24 9
23 4
64 18
21 1
16 60
89 56
59 35
23 40
84 58
27 13
8 86
47 29
27 11
92 39
51 39
59 27
16 50
47 34
5 35
54 42
69 86
14 4
99 63
51 91
10 23
72 86
55 10
53 51
94 79
15 55
90 28
86 20
39 73
78 18
37 34
42 47
81 65
32 14
90 87
3 90
53 41
87 88
1 69
70 63
37 91
81 80
73 51
98 87
12 6
57 49
76 16
15 49
72 10
17 16
58 54
80 84
24 46
62 18
35 73
20 59
21 27
26 73
57 56
56 100
7 20
61 42
59 31
26 15
68 99
59 25
1 84
64 76
11 86
30 22
75 41
38 18
34 4
67 45
78 3
11 10
66 3
1 35
74 88
38 35
77 93
58 75
17 30
5 41
47 24
7 3
50 49
25 47
10 92
59 52
80 44
18 33
9 27
93 68
56 80
71 63
90 75
20 10
15 54
26 46
78 71
7 50
11 33
57 75
52 49
47 37
13 81
22 13
62 90
74 78
21 43
47 8
64 31
40 3
44 54
67 29
92 97
17 5
98 79
69 57
50 28
59 21
2 30
11 31
42 89
75 18
3 96
92 99
90 72
26 28
5 16
29 93
97 89
24 8
88 39
71 56
31 18
79 88
96 97
36 100
25 24
51 1
85 56
21 33
82 7
61 75
44 79
6 24
10 34
5 69
64 41
94 54
66 10
5 59
26 66
42 93
58 28
7 27
76 62
47 44
89 26
43 50
11 47
30 11
22 18
9 43
1 32
69 18
3 17
69 39
34 28
1 43
90 5
93 48
64 10
33 10
21 57
28 15
76 44
56 82
16 25
20 6
1 24
29 48
13 19
93 49
22 16
13 55
58 62
65 75
3 1
1 33
7 1
51 100
73 41
34 26
40 90
8 53
66 82
81 49
18 99
43 46
95 98
9 48
71 72
50 17
45 50
93 26
31 17
7 9
8 64
6 35
15 80
100 18
6 40
42 68
72 91
16 93
60 45
22 5
32 11
24 17
88 3
5 6
63 42
93 54
33 59
88 97
13 50
78 28
21 81
47 2
38 46
46 14
20 30
68 62
86 84
39 26
8 12
91 33
53 21
81 57
84 66
11 52
26 74
54 89
53 52
91 66
64 60
15 83
90 58
41 91
18 88
99 15
51 10
41 76
64 62
26 78
86 14
78 90
84 28
23 76
56 76
43 59
81 26
30 13
90 8
76 20
92 100
56 64
3 57
13 32
66 97
7 51
48 17
99 21
69 56
21 50
50 42
24 23
33 6
53 86
26 92
54 96
13 23
44 58
72 75
61 21
87 100
37 90
18 60
10 30
57 90
51 76
49 1
62 93
14 30
97 44
29 91
64 21
56 86
99 17
1 20
56 78
10 32
97 56
26 56
79 81
17 20
47 36
31 16
15 42
18 68
42 53
99 72
86 67
25 30
6 23
59 42
36 18
21 48
60 26
56 72
91 56
77 89
22 47
28 96
97 82
74 15
59 17
98 99
39 48
21 90
55 8
50 18
68 54
30 16
98 56
68 9
29 58
78 7
92 44
68 3
9 35
77 97
50 90
57 62
68 15
68 52
53 48
61 10
45 76
61 39
7 21
32 46
31 32
3 84
55 5
83 84
10 63
84 100
96 26
88 65
73 3
41 93
39 57
72 67
11 90
24 40
92 77
40 47
28 88
53 5
11 76
60 5
34 11
76 63
39 53
93 88
66 72
13 59
5 32
64 43
39 68
76 34
47 31
62 51
42 60
93 57
14 1
99 56
13 25
89 1
6 64
65 68
71 84
59 38
47 39
71 76
19 73
78 39
50 35
83 56
85 97
15 81
68 58
3 86
99 79
83 91
63 78
33 75
39 66
12 1
44 87
93 78
33 48
66 99
48 90
78 65
37 33
63 68
4 47
66 81
20 22
59 50
51 67
15 59
17 7
3 50
71 28
39 52
48 60
86 58
54 71
66 44
44 93
45 73
9 72
52 91
20 3
97 99
93 69
26 37
33 60
83 42
47 21
92 63
11 98
48 86
70 82
21 55
90 65
93 28
11 80
1 16
86 37
91 53
83 44
69 41
7 19
78 10
80 99
86 77
61 1
25 1
49 73
30 7
11 12
93 63
15 45
11 45
4 64
91 23
15 73
43 81
67 54
21 60
11 51
33 53
62 9
38 16
9 38
41 1
96 56
86 39
42 49
81 7
41 36
57 26
52 9
37 73
96 1
43 99
17 60
43 93
18 30
30 21
56 59
72 44
7 62
37 28
86 68
62 49
9 3
26 83
71 91
69 7
75 11
62 81
47 38
90 31
20 27
29 32
97 54
59 28
11 59
48 99
73 14
4 19
5 100
42 94
100 98
98 54
48 11
28 35
17 73
100 29
33 29
74 39
80 1
3 14
64 24
59 53
23 90
9 86
42 66
5 25
41 55
27 91
100 77
26 100
77 91
68 90
81 16
39 58
11 68
39 54
2 12
47 15
90 77
73 7
95 96
80 10
81 28
97 100
81 42
16 32
5 8
75 51
28 73
82 63
11 93
59 8
50 36
86 80
21 34
76 61
56 67
64 63
65 70
29 90
81 54
48 50
9 90
99 69
20 11
53 9
52 21
12 91
66 63
91 39
78 58
7 55
70 91
21 11
58 67
28 70
84 78
100 45
24 38
63 74
59 24
32 24
11 62
63 84
61 36
76 6
44 51
89 87
1 59
13 11
3 61
28 38
42 58
90 63
18 97
100 58
49 86
10 47
58 93
94 99
63 56
33 46
28 60
4 86
84 15
37 4
36 10
34 6
53 23
6 86
28 74
56 68
3 51
9 47
90 74
83 99
1 82
45 51
42 84
69 10
7 48
37 59
10 94
15 38
6 19
77 83
12 73
35 31
91 8
59 12
53 6
93 6
78 66
78 81
21 40
97 11
15 20
3 55
64 38
62 86
99 13
7 41
32 7
66 88
64 49
91 7
39 45
58 26
11 46
63 15
87 77
39 80
10 27
74 1
58 3
5 99
8 37
33 47
57 91
26 84
23 86
39 96
61 26
3 36
91 81
19 59
33 38
44 53
67 75
13 73
3 67
15 88
36 72
28 56
42 46
6 25
84 82
86 16
65 96
28 55
91 3
40 8
57 7
96 71
91 20
90 1
1 48
4 38
7 13
66 54
93 52
45 68
72 65
94 15
72 28
73 71
86 74
61 9
99 96
29 37
10 16
36 78
21 3
41 10
69 61
8 14
19 9
40 13
1 17
21 41
90 69
90 82
5 91
84 56
91 11
10 59
84 90
12 22
91 13
86 10
15 85
6 16
21 68
39 60
65 71
81 69
80 42
26 41
90 81
100 70
91 79
4 40
21 22
17 47
72 3
29 86
88 54
22 7
82 74
46 31
29 81
75 45
47 45
11 100
35 3
90 19
86 34
41 46
51 69
44 61
49 45
53 11
91 54
48 81
82 71
16 53
63 98
62 10
56 88
33 81
52 3
33 76
12 14
77 94
64 13
75 86
74 11
9 16
3 16
66 15
41 43
32 22
64 36
15 62
58 69
23 30
28 62
78 1
37 1
22 19
44 86
76 1
53 4
39 43
73 55
34 1
82 79
42 74
93 67
10 22
90 91
40 9
29 72
91 78
83 100
63 97
17 91
70 39
49 9
49 36
86 64
70 74
19 5
34 91
97 26
89 39
61 28
23 46
62 21
60 10
3 93
42 72
29 49
76 67
82 26
18 83
69 11
92 79
67 66
9 12
30 6
31 86
2 46
15 67
10 97
75 99
98 77
60 29
54 64
33 93
89 15
60 76
42 28
72 76
57 10
63 86
77 88
64 45
84 67
18 51
92 93
35 21
72 26
90 76
50 34
80 71
24 30
43 7
93 61
68 76
84 99
60 43
34 64
58 99
77 99
46 45
99 45
69 15
44 81
3 100
12 86
42 79
64 29
1 62
60 7
34 73
27 18
10 89
36 58
20 46
13 9
35 11
15 76
75 69
66 28
6 32
81 41
63 89
39 75
54 82
56 73
56 90
43 73
100 1
62 56
3 6
71 44
99 6
60 99
49 69
7 53
14 6
28 46
52 90
8 27
41 86
96 10
61 58
45 62
33 7
15 24
26 36
91 85
66 65
52 41
43 47
77 96
12 7
70 54
31 26
85 92
29 51
51 68
35 86
10 100
11 55
76 4
21 18
16 40
21 75
28 68
13 5
79 90
82 45
50 31
16 7
38 7
59 18
67 11
11 43
46 39
44 64
31 3
56 58
15 57
73 65
100 44
99 7
13 14
90 61
5 86
2 1
90 16
90 45
18 52
57 76
81 70
33 40
10 40
5 93
94 39
10 18
67 65
88 99
8 38
37 31
37 16
17 27
93 8
49 11
97 1
8 50
58 7
21 73
76 38
63 75
2 27
34 9
100 78
97 28
93 84
13 48
56 65
90 12
65 82
91 89
52 45
10 90
91 82
18 49
83 86
40 26
91 49
61 64
73 36
70 56
67 69
89 83
58 64
11 73
59 49
69 3
67 18
76 19
65 92
30 8
100 79
30 15
93 79
38 3
23 73
11 38
28 53
78 54
13 47
97 45
73 72
11 72
59 3
76 21
75 93
18 96
21 100
2 90
72 58
23 38
67 100
24 76
44 60
28 86
31 7
15 17
26 30
45 69
76 35
91 21
10 17
43 5
37 5
55 29
91 10
62 75
66 76
7 80
3 13
73 8
21 25
47 28
37 21
10 19
81 3
72 81
30 1
75 81
46 8
33 3
12 5
97 95
36 91
35 64
42 57
86 40
21 46
36 15
65 93
15 96
38 1
67 7
42 88
75 36
19 15
15 79
12 4
75 91
91 55
79 97
69 42
7 23
3 76
91 1
85 96
64 55
3 47
7 49
71 88
36 46
81 45
32 27
44 99
35 46
28 69
31 10
87 91
73 48
53 1
35 26
15 91
90 43
14 59
55 36
44 52
4 46
17 55
74 91
68 73
72 100
73 1
54 99
18 90
57 45
51 52
82 18
86 51
19 8
18 25
17 25
43 53
39 100
35 91
6 37
48 59
18 40
29 76
90 41
1 57
46 19
51 59
94 98
82 28
8 7
28 40
85 98
9 31
18 35
61 49
93 1
97 39
45 58
89 93
44 91
49 84
99 10
18 57
65 94
43 26
54 74
89 79
69 44
93 80
23 11
74 97
10 13
77 85
59 57
61 45
75 16
88 85
57 73
3 22
17 19
71 75
61 68
18 11
70 1
17 6
7 68
29 50
86 57
25 11
60 56
88 1
5 75
6 31
17 22
35 10
41 62
24 21
91 9
57 60
17 76
90 25
69 6
31 21
10 93
15 48
83 10
87 56
26 94
44 59
51 55
46 44
100 95
91 64
42 96
42 64
67 26
74 65
91 38
74 76
90 39
80 65
65 98
8 34
96 100
73 58
65 69
36 69
1 19
5 61
96 70
40 5
69 54
87 99
83 71
74 81
97 71
15 92
41 59
17 46
43 15
39 85
45 44
42 92
10 73
17 34
100 85
14 11
18 76
40 1
18 19
22 73
73 2
90 38
47 5
82 3
84 18
66 100
77 79
8 20
46 16
41 48
26 75
99 42
20 5
57 9
37 9
81 56
17 35
21 72
36 29
85 86
52 28
34 33
31 1
47 1
44 88
43 42
33 15
81 60
59 40
3 25
40 64
71 90
7 59
37 76
26 71
15 25
43 36
99 70
3 5
64 39
11 82
45 3
8 76
91 16
86 54
88 100
75 6
3 74
38 13
24 18
1 83
54 100
89 65
44 68
10 50
65 79
75 44
7 40
7 36
75 42
27 1
91 69
44 57
65 83
2 86
50 41
86 66
15 23
38 26
54 55
59 58
20 16
84 11
10 45
69 9
73 38
90 67
71 39
91 14
86 21
18 53
33 55
65 100
54 62
58 18
87 26
5 30
83 28
26 68
12 3
60 73
76 91
1 45
34 15
83 39
48 16
15 56
50 64
99 61
29 61
73 18
69 66
27 86
31 5
36 67
39 63
28 91
42 86
93 45
4 32
28 29
22 59
73 6
7 64
79 26
64 11
77 80
58 76
31 34
15 39
99 65
22 14
61 7
15 82
96 87
41 99
3 29
26 33
75 1
11 36
9 99
86 7
18 80
73 66
6 22
81 77
83 79
100 9
18 89
64 5
28 49
36 90
18 34
1 64
9 1
28 76
5 46
26 85
57 61
75 54
93 21
34 40
70 10
43 91
57 51
26 86
32 25
34 53
99 89
84 29
15 46
1 46
69 29
46 9
32 18
55 90
95 99
30 29
15 40
80 3
64 26
78 29
18 43
28 67
45 48
8 32
70 44
54 61
66 96
55 76
7 47
26 27
27 25
48 10
100 89
24 4
71 100
86 24
21 9
44 98
38 10
39 81
14 47
13 46
25 86
52 81
22 15
50 6
10 25
38 17
15 29
7 35
87 65
76 36
5 1
99 57
8 1
41 18
11 41
76 86
25 20
64 3
91 68
62 42
31 13
3 4
5 57
9 17
39 84
11 50
11 40
90 34
70 42
89 70
15 52
18 20
44 65
11 29
76 54
91 48
42 90
13 90
68 81
91 80
65 76
7 84
88 63
15 35
44 73
92 94
84 79
18 55
70 73
50 86
88 45
68 10
81 36
2 14
74 84
9 81
82 39
32 17
16 23
59 34
18 15
89 11
24 27
18 23
100 49
15 37
10 24
12 46
38 21
55 45
44 56
51 15
44 85
35 37
63 94
71 74
96 94
64 52
64 28
37 10
35 53
83 63
72 7
3 30
60 86
65 85
59 4
57 64
73 50
73 40
19 25
84 51
48 42
6 91
31 15
99 39
52 5
42 98
14 5
75 76
23 1
9 33
69 73
51 90
44 96
99 51
32 23
8 22
34 3
49 90
20 47
13 60
6 27
34 38
62 39
51 61
36 57
60 90
53 3
51 60
1 72
41 15
15 16
54 60
26 80
1 86
74 10
52 73
26 90
76 5
41 29
1 60
66 93
45 72
73 27
96 79
99 82
78 86
93 15
84 44
53 15
7 46
81 18
7 37
17 90
32 9
45 18
48 44
5 34
11 58
44 55
64 9
26 53
55 52
41 39
73 5
49 39
87 28
54 90
42 73
83 3
73 25
78 11
28 48
4 20
32 12
22 1
7 76
3 37
67 39
31 8
44 62
29 59
65 15
28 51
91 24
93 83
80 100
91 26
40 36
53 49
16 59
34 16
11 61
99 85
72 15
17 93
93 74
30 27
42 55
10 52
99 52
17 40
44 89
90 66
91 2
88 90
76 50
90 24
61 91
52 26
50 26
68 41
56 61
23 3
70 88
19 16
81 11
5 50
24 5
48 5
28 65
93 70
54 73
26 69
86 65
9 25
21 10
69 52
72 39
17 86
15 97
81 5
99 74
23 9
53 36
9 41
64 90
99 49
23 59
45 28
60 58
71 98
34 46
86 13
25 46
19 11
35 16
11 16
2 32
76 53
91 45
39 55
93 56
9 59
50 39
64 33
83 70
93 60
90 85
30 12
94 44
7 14
26 54
92 87
3 19
10 98
70 76
33 69
32 20
100 74
10 71
46 10
19 32
50 15
73 63
53 17
44 74
71 42
90 35
68 29
11 70
47 12
79 85
4 27
70 75
28 79
13 1
28 94
47 35
46 18
27 12
59 6
75 66
28 89
99 29
26 98
82 77
52 7
67 10
75 7
86 81
60 9
26 70
67 42
99 11
15 61
62 3
87 93
23 8
78 77
25 7
31 73
24 13
42 91
86 45
63 91
39 76
63 44
3 43
9 73
9 20
1 50
26 29
10 43
33 28
66 89
96 92
47 41
38 86
42 100
23 27
81 71
52 60
66 1
46 37
45 80
42 45
90 6
28 98
55 59
13 20
44 78
80 70
10 49
87 15
36 84
43 55
15 58
18 29
37 11
41 3
81 63
87 94
16 64
61 73
5 38
36 51
86 19
29 53
59 36
45 78
69 21
34 29
91 88
90 33
75 68
25 91
86 52
15 32
68 67
28 100
85 28
4 73
99 3
29 31
97 42
85 89
55 6
44 90
8 6
14 9
55 26
16 24
63 72
29 40
63 28
47 19
75 43
29 1
18 1
3 24
7 90
50 9
28 32
51 81
48 64
93 81
26 88
26 47
15 27
26 99
60 11
9 22
1 52
91 40
93 85
67 73
83 90
29 43
91 58
86 82
31 76
32 3
19 30
13 37
73 16
62 69
27 47
83 54
97 7
11 17
18 72
29 62
76 52
61 62
23 50
18 61
42 78
50 33
93 82
70 15
62 73
72 49
56 79
96 83
13 35
67 81
28 99
68 5
60 15
75 28
73 53
93 31
22 2
16 27
13 34
75 17
36 38
84 21
84 91
16 47
81 58
59 45
80 79
76 10
5 23
3 48
23 47
46 27
18 74
28 57
99 36
3 75
22 46
43 76
23 37
25 23
3 97
44 49
4 50
43 48
29 46
1 67
35 40
42 51
16 55
22 4
86 15
81 61
4 90
65 84
39 98
36 86
48 55
67 91
10 14
78 99
80 97
72 70
26 59
98 92
28 80
100 7
23 64
97 83
29 35
18 37
1 99
91 65
84 72
73 24
93 13
28 31
16 99
51 64
91 19
12 10
86 43
32 21
49 21
3 46
26 76
1 55
51 26
49 75
6 48
28 92
86 33
80 63
29 73
54 57
70 18
36 1
63 69
42 26
84 45
18 48
94 100
71 89
36 62
70 84
11 83
36 68
88 11
3 60
13 53
90 15
2 59
11 96
54 84
93 51
38 29
76 9
82 100
78 70
54 72
36 28
3 49
9 84
62 5
23 21
11 57
3 8
90 53
24 7
49 60
72 51
17 81
74 66
45 26
40 46
48 76
80 90
96 63
63 67
37 36
89 90
49 55
35 8
61 41
75 52
99 67
84 10
10 58
39 93
99 71
75 15
93 7
56 66
73 33
78 15
81 99
10 75
17 23
36 52
50 53
47 18
85 42
83 88
93 71
55 9
39 28
7 29
26 48
64 17
86 61
74 56
52 42
35 33
65 26
25 4
40 31
58 1
26 49
40 76
64 73
20 90
60 6
79 86
85 94
76 69
93 72
75 74
54 80
9 75
53 10
66 18
91 60
55 31
56 75
86 70
81 10
77 84
54 28
6 38
27 5
38 31
29 52
63 26
69 68
55 86
64 15
36 60
24 37
20 73
53 31
42 76
