1
1
1
1
1
1
245
1
1
11
29
13
1
1
1
7
1
1
7
1
1
1
517
1
1
1
1
1
21
1
1
13
1
1
1
1
1
1
7849
1
1
1
3
1
1
1
1
1
1
1
147
39
1
1
1
21
1
1
1
1
1
1
1
1
1
1
1
1
13
143
1
1
21
1
173
1
1
1
1
1
1
1
1
1
1
1
1
1
1
1
1
1
1
1
1
1
1
1
1
1
21
7
1
91
1
1
1
1
1
1
1
1
1
1
21
1
59
1
1
13
1
1
1
1
1
1
1
273
1
1
1
1
21
1
1
1
1
1
1
1
1
7
1
3
1
1
1
1
1
1
1
1
13
1
1
1
21
1
1
1
1
11
1
1
7
1
1
1
1
1
1
1
1
1
1
1
21
1
1
13
1
1
1
1
1
1
1
1
1
1
1
1
1
1
1
363
55759
1
21
1
1
1
1
1
245
1
1
1
1
1
1
1
1
3
1
1
1
1
1
111
1
1
1
1
1
39
1
1
39
1
13
1
1
1
21
1
7
1
1
1
1
1
1
1
13
1
13
1
1
1
1
1
1
1
1
1
1
197
1
1
7
1
1
1
1
1
1
1
249
1
1
1
7
1
1
1
1
1
1
1
1
21
1
1
1
169
1
2771
1
321291
1
1
1
1
1
1
1
1
1
3
1
1
1
1
13
1
21
1
1
1
1
1
112287
7
1
1
1
13
1
1
455
1
21
1
1
1
197
1
245
21
13
1
1
1
1
1
1
1
1
1
1
1
1
1
1
5691
1
1
1
147
1
1
1
49
1
1
1
1
1
1
1
1
59
1
7
1
1
1
21
1
1
1
313651
1
1
1
1
1
1
13
1
1
1
1
1
1
1
2983
21
1
1
1
1
1
1
1
1
1
1
1
1
1
1
13
3
13
1
1
13
1
1
1
1
1
1
1
1
1
1
1
1
1
1
1
1
1
1
1
1
1
1
1
1
1
1
1
1
351
1
1
1
13
1
273
13
1
1
1
1
1
1
1
13
1
1
7
1
1
1
1
1
1
1
1
1
1
1
11
1
1
1
1
87
197
1
1
13
1
1
1
1
1
111
1
1
1
21
4653
1
1
1
1
1
21
13
1
1
1
1
1
