1
500 500
1 2
2 3
2 4
2 5
2 6
3 7
3 8
3 9
4 10
4 11
4 12
5 13
5 14
5 15
5 16
6 17
6 18
6 19
7 20
7 21
7 22
7 23
8 24
8 25
8 26
9 27
9 28
9 29
9 30
10 31
10 32
10 33
10 34
11 35
11 36
11 37
11 38
12 39
12 40
13 41
14 42
14 43
14 44
14 45
15 46
16 47
16 48
16 49
17 50
17 51
17 52
18 53
18 54
18 55
19 56
20 57
21 58
21 59
21 60
22 61
23 62
23 63
23 64
23 65
24 66
25 67
25 68
25 69
25 70
26 71
26 72
26 73
26 74
27 75
27 76
28 77
29 78
29 79
29 80
29 81
30 82
30 83
30 84
30 85
31 86
31 87
31 88
31 89
32 90
32 91
33 92
34 93
34 94
35 95
36 96
36 97
36 98
37 99
37 100
38 101
39 102
40 103
40 104
40 105
41 106
41 107
41 108
42 109
42 110
42 111
42 112
43 113
44 114
44 115
44 116
44 117
45 118
45 119
45 120
46 121
46 122
46 123
46 124
47 125
47 126
47 127
47 128
48 129
48 130
48 131
48 132
49 133
49 134
49 135
50 136
50 137
50 138
50 139
51 140
51 141
51 142
51 143
52 144
52 145
53 146
54 147
54 148
54 149
55 150
55 151
56 152
56 153
56 154
57 155
57 156
58 157
59 158
59 159
59 160
59 161
60 162
60 163
61 164
61 165
61 166
61 167
62 168
63 169
63 170
63 171
63 172
64 173
65 174
65 175
65 176
66 177
67 178
67 179
67 180
67 181
68 182
69 183
70 184
71 185
71 186
71 187
71 188
72 189
73 190
73 191
74 192
74 193
74 194
75 195
75 196
75 197
76 198
76 199
77 200
77 201
77 202
77 203
78 204
79 205
79 206
79 207
80 208
80 209
80 210
81 211
81 212
81 213
82 214
82 215
82 216
82 217
83 218
83 219
83 220
83 221
84 222
84 223
85 224
85 225
85 226
85 227
86 228
86 229
86 230
86 231
87 232
87 233
88 234
88 235
89 236
89 237
89 238
90 239
90 240
90 241
90 242
91 243
91 244
91 245
92 246
92 247
92 248
93 249
93 250
93 251
93 252
94 253
94 254
94 255
94 256
95 257
95 258
95 259
95 260
96 261
97 262
97 263
97 264
98 265
99 266
99 267
100 268
100 269
101 270
102 271
102 272
102 273
102 274
103 275
103 276
104 277
104 278
105 279
105 280
105 281
106 282
106 283
107 284
107 285
107 286
107 287
108 288
108 289
108 290
108 291
109 292
109 293
110 294
110 295
110 296
110 297
111 298
111 299
112 300
112 301
112 302
112 303
113 304
113 305
113 306
114 307
114 308
114 309
115 310
115 311
115 312
115 313
116 314
116 315
116 316
116 317
117 318
117 319
118 320
118 321
118 322
119 323
119 324
119 325
120 326
120 327
120 328
120 329
121 330
121 331
121 332
122 333
122 334
122 335
122 336
123 337
123 338
124 339
124 340
125 341
125 342
125 343
126 344
126 345
126 346
127 347
127 348
128 349
128 350
128 351
128 352
129 353
129 354
129 355
130 356
131 357
131 358
131 359
132 360
133 361
133 362
133 363
134 364
135 365
135 366
135 367
135 368
136 369
136 370
136 371
137 372
137 373
138 374
138 375
139 376
140 377
141 378
141 379
141 380
141 381
142 382
142 383
142 384
143 385
144 386
145 387
146 388
146 389
147 390
147 391
148 392
148 393
149 394
150 395
150 396
150 397
150 398
151 399
151 400
152 401
152 402
152 403
153 404
153 405
153 406
153 407
154 408
154 409
154 410
155 411
155 412
155 413
156 414
156 415
156 416
157 417
158 418
158 419
158 420
159 421
159 422
160 423
160 424
160 425
160 426
161 427
161 428
162 429
162 430
162 431
163 432
163 433
164 434
165 435
165 436
165 437
166 438
167 439
168 440
168 441
169 442
170 443
170 444
170 445
171 446
171 447
171 448
172 449
172 450
172 451
173 452
173 453
173 454
174 455
174 456
174 457
174 458
175 459
175 460
176 461
176 462
177 463
177 464
177 465
178 466
178 467
178 468
178 469
179 470
180 471
180 472
180 473
180 474
181 475
181 476
181 477
181 478
182 479
182 480
183 481
183 482
183 483
183 484
184 485
184 486
184 487
184 488
185 489
186 490
187 491
187 492
187 493
188 494
188 495
189 496
189 497
190 498
190 499
190 500
1 7 35
2 216 451
1 372 425
1 113 281
1 78 459
2 423 461
2 67 463
1 98 256
2 456 460
2 69 365
2 13 443
2 190 406
1 425 436
2 479 490
1 361 489
2 111 333
2 432 455
2 493 500
2 88 467
1 413 449
2 414 424
1 386 434
2 26 400
2 230 464
2 433 485
1 371 381
2 303 339
1 1 268
2 120 455
1 67 142
1 89 169
2 125 226
1 180 216
1 180 423
2 196 408
2 253 332
2 378 418
2 264 484
2 12 55
1 103 376
1 132 447
2 428 490
2 186 351
1 8 246
1 96 413
2 232 278
2 302 483
1 43 494
2 291 375
2 418 459
2 104 135
2 60 452
1 344 403
1 206 243
2 493 498
2 102 368
1 430 475
1 101 400
2 446 497
2 293 432
2 494 496
2 299 484
1 134 258
1 234 356
1 143 465
1 17 280
1 72 157
1 126 465
2 91 439
2 69 162
1 172 296
1 317 450
2 160 226
1 42 485
2 63 289
2 206 207
1 422 443
1 345 467
2 331 355
1 14 143
1 338 477
1 300 478
2 298 359
2 486 489
1 387 485
2 405 464
1 493 497
2 468 493
2 457 479
1 53 134
1 274 419
1 80 232
2 282 441
2 456 462
1 397 410
1 400 424
2 486 492
2 295 334
2 390 451
1 293 341
2 153 345
2 76 381
1 15 358
2 126 189
1 22 48
1 35 401
2 479 495
1 456 485
1 271 328
2 425 451
2 313 363
1 297 490
2 228 359
2 283 448
2 183 458
2 415 422
2 32 417
1 140 395
2 469 488
2 92 349
1 24 393
2 399 487
2 191 318
1 94 260
1 157 274
2 425 436
2 282 385
2 80 116
1 291 306
1 406 479
1 87 115
1 129 164
2 85 420
1 73 131
2 306 421
2 268 433
1 453 465
2 322 485
1 490 494
1 183 243
1 371 404
2 124 480
2 415 423
2 101 314
1 266 364
1 305 488
1 371 446
1 22 217
2 270 397
1 152 290
2 316 447
1 440 486
2 105 355
1 38 203
2 280 438
1 455 499
2 178 306
2 462 466
1 478 495
2 208 407
1 483 490
2 28 492
2 492 497
2 220 339
2 176 491
1 150 202
2 287 467
1 299 445
1 211 463
1 183 453
1 250 374
1 55 269
1 58 494
1 289 419
1 494 495
2 411 426
2 150 376
1 190 364
1 411 438
2 81 499
1 183 464
1 222 324
1 318 489
1 484 488
1 91 279
1 278 339
1 168 285
1 404 456
2 245 462
1 395 396
2 225 462
1 409 443
1 390 395
2 266 486
2 225 446
2 15 24
2 2 412
1 21 374
2 160 264
2 372 385
1 459 493
2 358 392
1 380 425
1 425 477
2 67 383
2 375 483
2 274 434
1 359 397
1 340 443
1 6 88
1 391 398
2 310 437
1 393 472
2 186 455
1 58 369
1 347 498
1 81 353
2 280 497
2 382 406
2 71 210
1 248 419
2 320 378
2 497 498
2 458 459
1 482 496
2 118 179
1 333 356
2 333 479
2 27 305
2 258 309
2 162 477
1 34 376
1 349 481
1 245 262
2 86 196
1 272 468
2 100 277
1 177 420
1 398 421
1 55 500
2 430 456
1 189 263
2 459 478
1 499 500
2 136 469
2 294 443
2 187 211
1 448 464
1 363 366
1 439 455
1 158 284
1 86 415
1 149 303
2 296 358
1 65 402
1 462 498
2 419 426
2 1 31
1 483 491
1 295 372
2 189 315
1 1 372
1 190 459
1 14 340
1 452 459
1 390 443
2 332 404
1 207 226
2 44 203
2 439 493
2 210 299
1 405 418
2 176 383
2 398 488
1 287 322
1 166 403
2 481 483
1 382 496
2 445 490
2 351 394
2 410 415
2 120 226
1 90 249
1 193 328
1 339 442
2 121 133
2 375 486
2 8 404
2 449 470
2 10 33
1 238 431
1 250 313
1 385 458
1 194 217
1 469 473
1 10 153
1 72 251
2 320 409
1 140 366
2 167 289
1 104 332
2 403 438
1 131 390
1 4 327
2 118 215
1 322 431
2 94 292
1 316 450
1 181 241
1 104 495
2 418 447
2 491 497
2 7 183
2 103 469
2 329 406
1 470 483
2 194 450
2 142 218
1 313 337
1 491 492
2 21 287
1 485 497
2 160 439
1 47 427
1 418 461
1 204 330
2 59 448
2 307 471
2 67 292
2 150 339
2 105 191
1 465 495
2 261 274
2 201 329
1 265 283
1 218 414
2 245 287
2 271 312
2 412 446
1 33 367
1 405 435
2 280 330
1 226 424
1 148 328
1 98 152
2 25 87
2 227 498
2 280 372
1 213 491
2 84 108
1 467 494
2 480 495
2 414 427
2 123 147
1 146 150
1 223 247
2 344 356
1 78 357
1 386 479
1 340 450
1 122 202
1 375 496
2 32 324
2 407 433
2 163 411
1 106 439
1 96 449
2 430 480
2 108 297
2 489 493
1 387 441
1 11 102
2 16 126
1 430 459
2 227 287
2 261 422
2 254 269
1 178 332
2 213 304
2 158 203
1 461 490
1 44 227
2 457 499
1 261 486
1 139 192
2 375 470
1 441 443
2 80 209
2 180 333
1 159 302
1 484 495
1 449 481
1 214 269
1 164 250
1 120 176
1 189 340
2 302 455
1 467 477
2 290 433
1 171 337
1 130 159
2 248 460
1 68 444
2 177 294
2 157 491
2 136 474
1 50 200
2 208 478
2 155 481
2 298 486
1 457 493
1 31 464
1 357 473
1 37 251
2 313 488
1 119 395
1 341 492
1 42 74
1 324 335
1 44 141
1 378 391
2 382 463
2 354 402
1 420 433
1 15 200
1 19 173
1 429 493
1 276 309
2 319 442
1 265 427
1 392 443
2 347 391
2 381 456
1 192 292
2 231 361
1 197 477
1 403 429
2 18 308
2 237 491
2 205 308
1 255 463
2 190 250
2 220 480
2 93 155
2 162 265
1 207 377
2 346 496
2 352 414
1 237 272
1 4 185
1 377 466
2 250 303
2 114 484
2 363 494
1 174 459
2 163 340
1 479 489
2 395 488
2 470 477
1 342 397
2 247 293
2 262 435
1 96 441
2 451 489
1 231 332
1 32 404
1 272 455
2 39 210
2 300 426
2 362 478
1 405 481
2 363 496
2 40 414
2 31 264
2 330 398
1 156 420
2 89 397
1 218 417
1 244 430
1 79 106
2 212 250
2 354 371
2 71 387
1 34 273
1 468 485
1 404 457
2 137 167
2 49 55
1 131 440
2 346 353
2 255 457
1 205 341
1 70 247
2 178 253
2 155 259
2 287 406
1 398 479
2 202 480
2 227 398
1 468 497
