549208
562359
997661
16850
585174
193061
638388
142760
777400
25096
117507
213649
704931
218306
304786
763519
220667
369759
456700
569396
722471
24473
191429
77606
505267
951687
276116
822758
653077
878483
25096
602937
625153
183465
884340
525577
661799
541905
506120
322607
134516
178770
110260
720559
724505
879793
764856
40760
991111
865718
789991
119556
499643
403313
257342
643163
356697
688210
716416
472070
409948
525881
158053
266076
778938
640314
537521
363480
988192
596131
633770
814094
26322
937293
541905
553979
536397
772258
520173
415461
878483
24279
283771
983026
598527
246088
660024
564064
971404
832027
963725
687854
182157
342291
304786
499643
181241
957558
353952
587546
308543
560855
208506
964428
539472
629184
797439
573767
919089
207943
151947
959113
697177
403317
11233
344484
412030
61067
334198
62508
249671
157673
56004
590416
539987
765490
734697
797439
107064
533594
476309
63757
293301
789940
991111
905731
868001
790484
322225
840765
590018
977469
804517
356697
515341
855395
244772
245139
426320
360784
157823
263365
222757
176017
250856
440469
896545
885655
740694
561811
764856
806460
563671
742216
379903
840765
283771
835626
536705
789025
845742
336674
673232
50725
982214
212518
494024
716416
884641
992159
832468
880537
308543
822758
934526
872304
161318
687854
270069
407892
995933
202964
780189
878483
187581
456255
244731
947804
656865
584396
332924
822758
524216
506100
523702
127575
802630
342762
412915
623438
758020
479547
866203
601221
828695
450606
63175
884340
259004
420767
23119
440469
638427
127575
183465
216338
595960
718924
412207
97453
796051
347599
415342
369759
752690
193335
335099
403313
152231
959113
558807
608125
747025
389111
42758
506100
388118
546188
54121
866121
887834
952677
803124
977312
239955
447624
654699
760167
618556
108316
660024
975110
726264
747025
184890
484026
546188
765490
896545
777584
497741
398665
578147
878597
436240
721192
93917
129938
866203
849625
59630
855213
276038
312635
430580
178770
766768
476606
287056
137244
588567
44064
43655
768545
291176
762150
744442
345793
346246
77076
593580
38437
750411
133556
653077
728869
4919
182913
243706
914754
820349
991111
476606
109305
409523
820349
621126
553979
266076
780021
570716
305026
208112
364211
588567
527110
723767
923963
760051
450331
515800
478437
276164
915666
128602
322527
666291
864426
587546
278183
23119
876879
16850
657657
966036
662183
444007
894749
748494
490707
388945
978789
447900
207577
172154
477235
458673
747025
326372
896670
654699
573034
707198
141748
576392
697388
533424
494294
660024
157851
804177
385129
734697
165168
446452
814094
370774
398665
538162
35835
533424
804091
298277
727100
65020
999969
746446
523702
845269
746745
687854
906696
991567
734919
332924
336789
62794
224410
543182
922444
669826
386438
911868
281598
877142
181870
435062
60872
900822
18702
398775
127350
922076
25096
951633
402042
977418
615422
47410
84849
983026
750188
780242
686657
84849
780666
475871
595960
276164
666291
887333
224268
214418
58261
418096
639799
772724
205917
554297
248871
111986
790484
320465
919836
401411
318649
875587
262355
193061
746338
187169
507900
252427
376815
415399
405299
437104
603144
971204
434997
536485
709083
662183
489456
929512
694975
37
201975
756666
13782
493580
146418
894749
709859
590416
653077
215496
139592
615422
909755
210849
395089
726930
150996
712139
34917
257309
971204
643163
557
322225
349857
876879
536259
483846
341754
940073
903500
724638
980407
722413
602937
143622
446452
934526
874613
855395
263365
905379
750188
70015
151947
739479
978560
635923
444515
473815
954507
462517
908653
250042
912800
510772
608125
158413
718924
641806
436417
747025
774808
602153
783309
574561
534379
797820
818115
414767
243706
269971
286573
848891
202964
226461
17124
636118
278183
922592
720448
899766
638625
257211
475724
68509
375021
856116
131489
729029
213387
371311
722413
274064
285176
188481
375021
552671
874528
137043
954507
960290
425633
291176
764438
152231
914196
478514
710303
954772
351553
533594
379903
416126
431091
413661
516302
810311
926202
898448
959194
631951
432223
803098
767806
327010
509436
157823
760411
447624
781100
110260
984220
629096
352978
352833
479253
915666
496093
789025
966833
215150
897570
878550
74134
419444
525577
383417
291176
896912
670631
257309
677962
797439
618556
966036
959194
819471
746393
331541
971405
383417
623322
249859
696711
506100
228417
383501
745395
351301
974799
124519
79941
200491
569293
155740
213649
304786
426495
239364
735791
625768
330150
750411
669038
195824
239740
218367
4223
63757
384970
611022
522277
666433
263785
458543
951314
141748
732640
320136
477701
594801
533594
799873
937293
74134
377191
177314
160974
981592
819915
706566
307550
36792
766910
248677
28180
802976
278439
937352
545063
746393
72730
159610
524216
544146
605964
309031
638427
895721
515341
714140
149813
106093
157851
877611
977418
660024
812916
255312
952677
677013
728913
725882
254850
651279
541905
699347
999344
983026
635409
980407
964210
430580
263785
975110
141748
286809
658835
459325
797820
544401
359183
291433
333263
897570
286568
814611
252630
883091
514096
955229
33957
362358
753602
395089
142760
146418
72730
840513
27068
709859
595960
829568
844026
809809
831967
600553
224026
496070
536259
262355
952605
120968
716653
952715
300438
602937
506100
558202
651016
715382
907374
185049
916902
859577
704671
235969
870596
58795
284170
130256
812882
859577
805213
408668
355104
573299
715726
945635
77606
761707
569905
138053
97467
336789
963956
416907
542542
682952
213387
203960
874557
929130
549892
21118
360293
439676
903044
620027
844833
919510
300438
981879
172965
158199
810357
975110
235925
39089
621126
641707
753733
796859
269971
248677
680045
920292
845663
704671
534379
729860
158413
586596
416360
97467
874083
907450
749608
915666
56004
881494
973974
212518
602153
18164
707198
740694
753391
25096
871243
247434
569293
402042
232113
715726
335744
862577
963233
438595
854639
889457
859482
245822
968711
275595
356970
276116
434997
848174
697177
155740
40745
243706
148240
625768
643338
520302
313886
640314
191429
56038
340913
445751
821793
24473
5692
797439
186356
547815
142770
555877
642562
316632
922685
602937
495204
734919
679754
376815
810357
494294
963956
686657
527167
128602
562359
315315
898448
287056
799793
822437
478514
210614
758586
723856
280880
909597
739479
324446
506120
766910
605964
398775
176499
469290
693737
747025
910799
802809
421406
793057
831370
147733
597719
33957
359220
780189
245822
545085
896912
133556
77220
679652
899766
820349
74134
742216
73136
208506
907374
535862
991979
953111
457723
669038
670631
427570
937856
250856
224899
363377
105777
190431
741350
462294
25096
786506
710303
547815
125844
831370
543698
444007
384786
291390
187169
85467
552300
161136
273049
911970
595565
89417
110615
193249
746338
124519
879793
326095
505267
369759
790484
602937
871254
259833
479547
572780
30980
711131
5692
90574
515800
450331
654699
253583
887333
954698
819458
543182
253627
436608
184128
84849
349857
688631
464062
