
31
20
115
38
28
7
116
123
9
28
61
15
20
32
121
30
62
14
128
20
37
131
237
261
63
31
17
23
124
34
48
105
29
10
259
22
19
121
28
11
7
4
17
56
121
278
23
24
23
49
69
53
4
36
16
110
36
29
0
3
4
17
241
53
37
16
1
278
123
23
52
31
11
8
132
19
64
57
0
28
29
37
38
12
26
117
252
7
24
3
62
31
11
14
234
32
143
113
13
11
29
62
29
130
31
64
15
246
3
21
58
8
36
26
70
13
13
44
19
7
68
67
6
15
26
153
75
61
248
23
19
16
71
67
121
11
74
130
13
64
41
23
4
68
41
5
32
64
28
10
0
31
248
16
7
116
29
6
252
17
25
1
33
56
16
47
235
79
7
5
31
235
72
261
4
10
54
1
113
26
29
3
11
125
57
8
4
54
121
0
3
69
56
12
13
8
41
119
30
38
19
11
141
18
11
37
30
51
46
63
70
9
53
80
47
67
26
41
34
9
30
153
121
50
114
13
20
116
34
9
16
13
234
119
16
44
17
75
123
13
11
122
63
26
34
37
7
34
60
41
109
19
17
47
34
237
111
16
16
32
33
27
130
8
19
54
21
27
29
12
16
131
3
37
113
19
12
61
235
20
66
39
17
50
27
10
281
121
16
113
14
5
65
0
26
16
5
4
56
13
68
259
35
14
9
21
38
31
36
14
64
62
115
32
8
13
0
37
28
113
4
65
4
117
13
39
61
11
13
134
18
22
27
26
32
56
15
2
18
8
26
30
16
10
0
34
7
57
521
37
9
62
151
237
29
20
15
117
16
67
34
67
9
56
65
1
66
7
15
33
8
54
10
49
22
75
65
20
23
79
1
13
9
30
243
29
54
24
134
21
13
257
118
19
483
31
74
10
68
120
80
62
62
13
12
62
3
11
46
9
11
9
52
18
123
0
57
278
32
26
72
71
8
35
21
63
17
117
29
3
20
74
235
7
8
117
49
4
28
6
13
47
41
65
151
0
32
136
11
32
3
66
16
143
13
61
2
9
59
54
111
17
17
39
29
31
34
14
117
66
65
2
3
139
136
34
17
281
19
6
73
278
1000
70
281
9
19
46
64
10
37
26
14
11
146
6
15
7
117
12
148
11
29
17
26
38
13
41
36
15
15
65
47
22
9
40
10
19
246
41
37
34
15
14
44
33
65
17
117
19
53
47
126
9
125
36
64
70
235
0
8
20
151
71
72
73
26
11
1
33
14
30
54
16
5
7
10
134
108
39
17
29
31
29
130
33
62
1
54
20
7
143
14
59
57
11
503
3
278
68
70
139
74
41
42
15
47
253
5
15
16
41
41
38
37
36
31
59
9
35
4
119
10
60
18
30
153
16
21
33
9
7
2
12
5
273
38
9
16
137
111
75
27
24
9
2
278
14
19
29
30
16
278
5
29
138
60
28
102
56
65
15
24
8
39
12
4
11
9
65
514
46
34
35
153
9
113
281
62
29
53
8
67
39
62
108
59
143
5
6
10
16
6
24
20
17
63
51
19
62
12
27
36
13
483
36
39
32
58
34
132
66
19
146
510
28
17
9
135
17
5
34
108
6
12
22
5
141
139
12
0
32
10
50
11
31
29
237
29
59
3
9
19
12
11
7
24
62
25
32
29
18
3
56
133
121
25
59
17
67
29
136
13
6
6
52
117
16
15
31
9
243
6
23
64
149
29
11
3
64
5
123
13
20
16
22
30
47
15
37
27
41
32
1
56
17
13
2
273
56
35
222
65
71
125
62
108
483
68
16
117
68
136
134
57
27
63
241
53
53
6
36
65
61
10
29
122
28
20
11
145
7
235
31
19
56
11
123
5
77
3
64
63
52
45
111
25
14
3
30
51
1
3
108
12
134
17
3
32
73
65
64
59
54
70
24
29
14
510
12
11
25
3
42
32
116
146
59
13
10
75
20
248
9
10
13
30
4
0
24
67
70
26
16
6
135
1
12
15
11
22
62
30
21
252
7
9
52
38
69
18
77
13
9
16
28
79
19
4
32
44
25
29
37
71
32
18
9
37
3
54
39
32
273
37
68
7
15
73
146
2
9
12
5
16
59
32
65
27
135
67
126
118
32
64
11
32
32
34
15
34
51
39
24
6
35
30
6
32
5
4
140
8
131
62
19
117
28
253
22
10
6
26
521
144
0
14
128
19
18
36
32
35
35
0
14
82
119
38
1000
19
146
70
31
57
489
8
105
5
20
510
28
22
16
2
281
25
63
19
514
