1
1000 11
979
699
1004
481
649
891
623
939
344
60
377
465
461
939
190
889
257
858
81
973
342
403
272
924
248
383
485
269
39
125
799
497
824
38
757
121
397
870
751
343
470
706
418
649
238
782
123
820
948
991
101
270
529
162
443
503
27
956
616
702
273
312
448
609
675
992
516
610
689
568
1019
958
819
525
667
641
715
706
0
714
241
50
263
270
52
813
572
1011
765
279
933
599
727
634
566
43
171
627
871
718
942
778
836
829
303
370
584
465
720
937
214
630
487
720
801
41
197
593
963
555
135
668
421
970
212
135
575
268
675
941
247
666
772
873
970
438
50
780
563
614
744
47
894
762
912
108
57
885
966
567
947
400
668
455
452
151
417
454
511
362
281
327
490
906
382
580
422
840
83
48
262
407
1012
990
503
767
265
174
797
56
641
62
569
399
793
587
332
940
392
1001
317
511
676
413
443
275
246
490
36
603
215
684
837
944
586
733
579
452
565
422
962
396
565
140
983
377
386
446
626
249
277
41
750
31
631
347
887
164
114
861
142
269
765
707
891
384
663
34
898
1
711
374
970
563
945
926
341
663
827
485
167
708
1006
459
809
547
665
811
586
498
738
416
453
1014
720
118
445
806
698
674
225
870
912
467
811
506
1016
280
719
615
937
307
759
159
371
694
531
826
459
193
959
834
296
538
268
91
919
456
969
107
573
274
207
683
554
256
963
451
515
312
706
928
761
110
925
74
723
464
723
157
252
309
540
846
898
204
332
125
143
460
61
394
695
154
206
45
950
474
434
952
636
912
282
781
926
872
252
568
849
201
635
784
268
344
583
535
686
912
393
148
77
127
522
25
423
20
465
824
925
1003
294
850
456
994
591
939
801
511
257
950
267
987
57
618
478
812
368
489
728
236
146
772
511
720
630
926
120
955
311
731
22
861
636
111
1004
562
271
18
218
355
102
726
524
38
446
118
912
555
625
106
233
771
108
463
785
991
294
625
307
800
427
179
874
655
203
640
629
396
94
417
767
421
726
592
243
672
330
236
502
108
690
693
0
954
781
973
971
334
693
355
506
417
897
185
291
267
173
654
227
644
293
416
593
319
782
418
523
392
823
658
963
653
867
139
1009
369
342
525
525
516
341
955
369
146
919
845
228
160
671
666
518
69
264
981
452
503
77
77
142
735
407
234
58
668
198
123
811
163
201
175
965
775
15
361
734
254
747
60
932
17
675
686
941
964
246
894
123
342
269
883
171
29
127
359
939
459
535
767
511
658
577
817
1011
667
735
944
344
750
135
199
503
595
218
280
264
243
319
270
680
521
787
679
864
48
942
83
59
226
888
942
350
516
856
68
355
267
623
133
151
615
151
939
552
325
429
58
127
652
525
587
971
393
186
975
653
911
423
222
490
0
580
885
388
634
523
100
636
427
748
474
590
1010
752
529
739
689
272
796
897
189
390
583
750
383
619
378
249
1005
627
842
578
1008
488
686
796
439
704
369
610
548
439
769
295
524
628
386
1000
336
744
483
855
385
208
587
340
360
678
719
96
786
215
97
210
230
56
282
971
665
138
537
645
798
851
20
809
697
5
559
855
558
732
750
558
280
168
462
200
209
468
937
782
216
225
105
721
170
686
1003
39
615
250
963
854
804
93
196
893
241
710
533
898
553
730
935
836
873
769
631
487
594
557
696
972
340
665
541
820
963
95
175
77
536
614
789
303
111
540
608
356
227
120
741
507
568
910
627
492
249
330
972
572
1018
542
801
798
557
701
715
193
37
872
14
946
122
881
772
657
336
15
402
522
103
463
650
323
921
241
988
810
567
36
607
35
179
715
427
847
305
336
891
764
976
467
213
549
86
229
104
913
617
276
825
637
997
333
634
898
604
630
420
857
262
336
561
951
1011
774
161
200
616
545
913
965
289
77
530
904
692
394
343
375
633
803
409
763
646
668
598
130
366
500
753
563
419
810
536
944
569
739
308
798
200
670
337
352
242
678
223
900
259
11
809
180
846
952
684
748
196
100
642
385
301
644
273
576
799
870
421
395
98
571
149
220
222
1018
331
479
566
201
587
235
720
383
160
546
842
673
655
101
756
83
435
882
946
250
180
35
946
393
824
780
0
266
8
300
782
210
795
430
414
280
419
383
95
352
189
617
76
979
643
797
393
102
135
614
1015
249
10
241
327
144
705
323
118
56
682
208
602
807
673
541
555
439
754
613
466
721
873
826
702
256
344
208
607
729
44
985
452
774
86
92
683
115
969
607
354
526
302
868
110
80
972
300
831
299
915
486
109
898
752
0

1000
47
246
28
458
334
859
784
140
783
405
780
922
222
358
592
617
616
606
518
442
899
385
68
6
15
213
882
243
137
186
773
292
824
846
18
378
126
273
709
845
735
891
187
60
800
520
856
316
498
344
106
480
935
93
486
580
93
236
1022
997
703
317
768
141
314
726
959
520
13
409
281
618
731
762
193
250
177
156
879
436
628
314
342
952
397
196
96
950
932
1003
786
47
939
797
132
410
546
133
636
679
817
225
628
161
908
85
247
264
1012
946
92
762
182
737
680
940
853
707
915
855
526
298
758
349
311
35
547
116
384
856
364
918
561
808
800
476
170
536
1008
688
682
243
983
54
121
765
614
330
696
870
1007
62
72
238
855
84
752
942
96
729
484
1015
835
60
725
332
24
86
445
763
565
24
562
6
1016
846
153
1017
517
872
236
997
476
584
452
926
941
228
592
879
998
338
180
700
858
761
121
392
632
342
915
939
19
350
685
809
185
900
300
53
142
807
464
113
115
712
724
279
234
191
454
35
800
284
336
994
455
44
914
860
411
873
132
25
918
419
605
531
168
858
731
265
29
872
286
355
876
936
834
122
400
219
730
332
186
68
328
753
629
614
309
271
577
479
938
228
125
271
481
888
798
641
949
809
261
718
700
780
24
455
198
242
605
284
866
984
514
592
543
133
606
925
337
1023
311
543
967
955
184
924
526
18
666
366
415
183
395
542
171
223
550
609
28
341
757
441
1020
218
205
133
891
537
1016
88
858
214
326
993
924
112
245
374
880
371
681
588
499
989
231
255
865
181
881
503
1021
662
445
108
512
218
671
786
67
68
824
686
469
88
739
209
234
449
783
45
337
1017
198
505
795
722
631
228
948
344
374
643
904
599
407
195
1017
413
966
566
516
244
153
992
289
183
1008
129
100
805
16
744
210
846
278
176
650
390
270
825
443
201
927
979
300
933
685
446
281
931
13
1024
156
520
570
620
562
674
762
666
820
27
571
224
236
1018
455
170
24
701
919
37
848
891
405
743
1008
836
279
537
67
895
614
38
429
341
1012
777
567
138
441
720
877
367
172
736
388
571
826
299
817
47
61
500
196
198
294
989
975
11
524
930
187
3
819
623
652
66
0
680
3
671
347
356
568
381
199
95
471
731
642
973
303
986
548
874
82
719
236
748
865
466
622
682
117
732
462
267
115
472
966
203
733
851
576
122
626
810
795
500
707
539
534
317
224
470
480
836
896
415
73
117
568
394
24
1020
890
852
67
150
562
706
95
993
957
722
366
398
736
235
861
735
947
7
152
299
691
244
590
217
536
722
609
999
165
852
507
546
471
101
452
679
128
949
66
658
394
529
71
682
595
247
836
257
763
499
978
279
211
458
295
31
590
149
747
787
953
25
253
456
414
181
35
655
627
110
814
876
989
934
1011
10
342
827
633
70
328
43
345
468
367
887
66
379
474
647
566
739
66
508
589
545
432
334
276
612
337
461
837
996
103
502
751
845
635
240
8
356
174
327
35
814
261
514
928
628
480
255
712
299
928
832
960
138
638
875
883
335
942
316
423
717
30
864
318
201
504
551
31
924
16
906
242
358
420
803
266
78
373
131
32
376
698
367
146
497
967
914
772
764
351
723
508
386
529
502
1024
602
559
284
979
569
558
68
481
564
1018
383
915
700
679
507
468
390
902
598
481
287
927
212
97
273
440
960
826
808
220
38
858
823
575
645
76
619
694
618
734
516
982
844
105
522
929
476
956
330
759
140
319
63
238
775
632
836
303
218
866
91
425
1013
588
187
573
894
10
45
675
20
534
553
73
201
352
16
417
881
548
417
38
112
325
271
801
768
141
141
1009
171
904
232
883
796
608
436
483
444
578
876
24
124
811
600
475
140
974
418
951
533
771
281
434
328
440
471
998
632
864
1013
951
832
909
289
221
892
601
275
294
646
564
774
593
837
661
379
32
487
917
572
975
595
614
296
131
172
636
501
531
686
384
191
559
636
433
1004
1024
964
166
593
371
411
823
290
1006
237
669
621
459
201
632
946
96
876
827
645
406
106
670
23
1008
884
486
334
51
718
983
601
419
902
155
295
139
425
231
491
626
951
153
563
410
10
809
120
876
349
554
131
991
191
487
911
238
833
602
534
233
560
298
770
100
425
582
251
425
331
930
910
234
900
79
932
764
327
841
431
541
925
703
74
631
641
390
470
224
696
257
963
503
575
488
512
98
1007
972
208
663
591
93
331
684
684
1023
630
114
25
395
0
805
131
142
849
216
256
890
292
687
222
32
405
348
753
815
514
215
46
718
1
