100 100 200 100
88 85
41 100
31 30
49 87
97 26
55 96
32 50
76 58
70 42
67 55
12 85
51 10
29 78
77 82
65 24
13 30
22 32
7 9
38 85
48 91
57 76
71 85
80 49
21 38
46 14
44 2
46 27
62 75
25 82
61 10
77 60
50 11
63 11
39 100
21 69
37 83
98 17
2 13
6 53
53 46
81 20
27 47
23 100
14 99
62 90
100 85
23 1
59 92
57 60
15 36
55 92
83 80
76 66
51 21
21 96
29 82
75 97
48 83
52 73
50 85
66 7
25 69
60 38
70 50
12 2
4 45
7 49
93 5
63 68
25 28
33 100
60 53
19 16
16 76
40 97
19 83
39 37
1 6
24 20
9 17
81 41
64 100
49 91
99 84
19 43
87 76
28 89
22 86
96 93
19 91
62 12
36 64
99 55
27 97
8 54
60 77
5 53
18 49
65 90
62 55
