196762211
187754382
591763391
387758020
188752121
695124548
8146268
822864946
188762645
377172800
992757278
254005926
29971757
187754165
193754190
135455622
188754255
589761461
390755465
884321896
104003348
460315401
189911589
791757192
991345149
390475842
464746724
189757414
187755786
187758487
437001624
267506242
994126869
796540138
189756145
513670847
187755516
174650019
454313810
795726113
187755075
488757977
187754183
590758549
591757963
493760956
795851039
272649173
295545602
187762815
836091627
792761476
187757247
188756537
301010471
290478415
477488472
187754473
763099891
187763789
790305162
396609441
93753985
187757271
155414086
187754539
83405382
290754280
687757959
188757966
590754869
393756857
336603386
790763387
292755264
391405804
999532244
295762789
492334314
736924642
815146127
260849662
89758859
788025029
187754185
785748806
196762483
936817845
184912302
387981962
840190138
187758473
187756990
187756490
187754491
469459716
490572737
796754436
803072040
238623400
48111726
595463562
280121798
625333396
654663233
475393734
625483046
764765029
625484526
136115747
625334616
625496936
756181056
196431852
638914280
635435276
167199978
176080595
615481359
595831238
755845786
46053252
444455609
945555706
625334556
625333346
138090516
875586989
575694239
352920624
847107499
625345456
626069366
558753456
329766903
468938057
625345056
268280699
625334976
626197846
173488315
625446406
205484839
626266846
625334826
250987001
323721219
528329924
405952527
625334716
756250876
193723048
925584085
775887256
651571477
376087422
233960099
516196005
625334566
625695096
366823282
675829509
625458556
116156079
450377312
696213039
542131213
475784239
625346336
625333336
372998842
625385086
625333386
625464566
625340376
455456239
406804598
726239566
625334816
974004851
123669922
625336646
625438456
726306636
39638308
635466276
625342646
105497930
625497296
625470426
846029399
206266818
756264506
252434150
931687431
350732559
726152616
376124052
719254172
625349336
731053250
291478051
731054553
763711112
820642144
745262237
731052853
751490599
821057894
792360719
806952917
731053152
699909189
811263622
863928365
731053557
827351729
780856253
829151422
731657858
752045148
248026745
735957554
727194043
731052650
441701157
70203947
316068089
93132514
731053352
806959393
802023824
829596604
806259157
778985521
794827530
731052653
731052656
735355459
731052651
688156716
750478437
791955792
759659051
739655152
731052855
783759235
761609794
231428765
752528628
734759953
957993849
436819353
187874950
731052654
731056858
739752750
734456751
794661149
753244937
740661851
740453256
755856955
529916334
804818312
829750229
731055353
731058558
731656750
71783615
150364882
703099574
731053156
796530901
777959159
740613001
731959351
510940030
732460256
738753958
203220957
731053058
321628682
731052756
737753752
741723054
731062558
731053357
201614075
744454692
730623295
736239359
687916969
731558352
526981443
812363401
362540793
731059950
136715629
731052658
749008160
124659179
657319156
765120357
423508577
914243630
226938636
253668569
651898926
667229236
648808946
547229199
843864161
723471469
531920974
350059159
846929978
587248789
568924695
974708596
288459156
39039019
647319166
867289236
239538876
840168556
280028601
809839026
750245589
207188509
229588333
657239236
927319236
832266986
908196164
324088606
416649199
978128616
493218879
28609119
532716230
30288756
373246956
370559179
355898844
541212372
246258829
606236832
500179126
687319146
720082593
627269149
27382851
907318816
844752287
687299236
543039139
143407721
77318879
942828626
647299236
917319146
4324016
342318746
927319166
392698574
47318999
297179139
394709104
881588237
45469011
278337116
367128856
467002416
670263582
478418253
228933961
834058205
30188709
711099206
832508781
987319156
466555873
961866605
838376767
328271885
227318999
687279236
837910008
249142942
618258453
557168789
129948989
27586951
687229236
837259226
44161657
498398365
550761819
616878629
759677937
826197957
463489721
215182070
613355498
68108547
534508389
859717604
73058647
65958009
568778017
816832278
83648232
860488719
165697585
476508910
313228311
304957784
774108177
82937986
67588752
73137867
976288104
788127675
705081377
217557828
138378103
620148537
268388000
65887446
72488587
409502329
796668560
834594761
951785608
75548144
67658082
65787833
186188698
65788243
41577663
154158113
67957835
133514819
408212179
86078154
668848569
51434190
110483866
110758933
115857979
482281802
707964147
97578364
563796441
966543433
65828547
665508126
65798033
65787843
365074925
475883692
67088566
203881366
526903300
889322714
315288476
233357139
317348676
216878343
442356837
886027655
878907215
83268301
662467770
65787853
620032412
853879146
835743163
139357954
855921541
834266886
65787933
906062380
633332488
974888908
635878176
788267729
200728566
185578148
477278003
65788483
65808013
65798646
68368203
65798283
189836261
945354019
501788165
66027847
