5
1000 100
3
955?7?00????1?????2?4??9??5????7???7???8589????0?1??6?8???78??7889????????70???????????70?5????9?1??????61?2?2???9?5???????????7?12??72???69?7?98???77?????2?5?26??52?9????4?????8???5????8??9?????7?2????????9????8??5????1?79?11???86??2?????4254169??5???6?1?2???6?9???1?????????0?57??????0??????81?????95???77???????714?2??1??96?0???9??????????4?5????4?9?2???09009??5??75?????2??62?0????0??????68??4??1?1?85????????27???6???29???9??204?9???5?????7???????????5????????04?2??7??641?8??9?7?76???????6??????0?????0???4?7????48???6???1?9?9?5??811?14?2?9????88?9??5?94?????4?4?6?????7?17?5?15?????28??????06???????0?????5????8?2?4???????2??4????2???6?????6????????????????1????6??????914???8???845?5???????2?1?1???????6??????40??????8??0???809?????422??8??2???0???8???????????9?6?20??0????????????94?00??????1???4?????0?8???9????????????????0???8???????0?????????9?????????5????67?5????????5?1??????5????????47??2?????25992??????54?25?????????????6021???5????28???????????08?????????9?0?????????0????0?62????
977544
42
49640032
83584
190870047
6436631707
60000550293101
1000000000000000000
6512
5644971151474609
411353
7712840404013138
1695808821494
2
27207
383616567354163
3459
232424
562099
36051804455
717010555994459640
981099235781610
8047736293
98582392
44773700109
3310894057
526778210808208
7954
474
1906
8137005247365766
9786185586692
6386483841
2809431317
7420
695389355483899
393
188340980079
978422370464287
737563552781865853
255
605245
5
32708570
713361
2595363
8790654093
188735061991
2167922294
3108
81021976059961
7280124
909
4124
948635552468
3175107751
359705259025872
79
55082392065031
3374
8506598537643
1735962765
173821792
933
418466930656
145
8553782825260
51397
7126607
942199
39662300
2515537
544934678779
8884246
74756409
3982838408
176586102930428
78127
4115276015
1206520571911101
205728465067888
1375006217221
18576032
1120950655306
7
45286017883037458
40498
23116912432256
76570225394
7334865124
40702564239031206
1892
787
638
97
1291740774190
52476677501
3216580
84608901575941538
9004432125964
1000 100
1
4?????32???9??7?99???????8?27??0643??6?80??7??????023????????65??88969??????????6???9???????5???2?????7??????3?93?????????7??0?9?0???88?????66????????0????0?6???2??????????8???85????7????099??????8????????9???4??8???4395??5??3???9????2????9??7?????709????8??????????????????0??????6?9?4?????????0?????0?????36?69??????8?8???35???6?3??87????????23???5?2??6??????438???54?????????3??3?7????8?5?80?????9???5230????????6?????9?9????79???????25???3??67?2??30?3?0????3?3??8???84???????????562?????8???7????9????3??6??????786???6???5??7?47?4?????????6?7?8?????6??????5????????8??9??9?37????07????4???????????48??6????0??5?93?0?5?39??3???????4???9??????????276????????3960?0????3??33??7?????765?06?8??4???40????????8??????4?569??9?3???2????8??4064??59?66?????69??2?579??97?3459????05???304????????6??60?33?8?6990??2?????6??8?9???????4?5?490???9?????3???48??7???9?????7???49??6???50?????72????28????????2????2???????98??0?6??400??8?3???????80?5???40??004??0??62??5??54??9???????8?????2????2?????6??????7?????5
461519024544686477
14232929873
204933977633212
8
1000000000000000000
83477517482
8421
628411832223176
8569
7578394626
58
9810
853342
8978426485140795
73774092555974
51156
945005992115
21204871965259407
5184333
7652966180
1113930872
9489035
8205793323520853
36788494204750
52
3
2509927475534349
1325105007
5031530
9914668192232587
22801293529046
494
32376
780169909924
612646439471
349594425234225
454
4225777358545
94
36601
828727965842192
4757
3269494
39208
79
2856161028712
2518934973191881
517324448319760401
254218146
68
860324
59917741757423633
3017078671
1023962
748733189729742649
397558889
78877720801542
841565875
53
19339
1844775430946292
11423766271
5972
5903504976
857301899639008697
760595756416883386
960352638728208
4566139
582
2
285942107179210
2189
7
6573
220
8221528720
7214593517522255
559193
78
205537893048
3557022020149796
152
3962
565900
708231267338
54256
266
82693827847
9846
7159
6625485924
522407128
861687
9991719416550525
57700546254240659
13896542594293
550498
630158665
262616088417914430
882
1000 100
0
9?5???????1??2??34?????7??7???7?74??????3???????6???????????2?????7???????943989???6???845?8??????3??????????????????????????6?????42???????3?????1????4??????7?3?68????9?????3??4?5??1?2??????????????15???5??????2???????42??????????7???????5??9?4??????????7????????8???????18?5??????68??7???????????????9???????4?????7??9??????4???3?4?5???????3??????8???7????5??8?????254????543?????1????8?????????????????????5?????????6???241?8?????????7??4?8?4???????8????4???9????????????5???34???19?????????????6????7???3??7?8??921??????4???3????4???????97????????????4?????????6?4??????71?6??????????4?????8?6????6?6??92???????5??????4??????19?7??????????????7?6?96???7???3??2??????4?4????1??7??4????????7??????2????4?5??4?????9??????????2???9???3?48??4?????????????16??????????6??????7??????6??26?1?????????4??????1?????8???9?????7?2????2?????4???4??????1?????4??????????4????????????92??????7?6?????216???2?7??????7???8?97??5??7??9????4??1???48?3??????????61???????????5????????8?????5??359?????????2?3???6??7?
61
7122591590679
194
34966351575
251896702
308493358399
24
49468239026
38900741
5613815
65759453
53
749249213343
67074849591
84130374220162
98
94963548
498364
64981301
6529
35851235206
8174701892313
49495
356571211131
1
2362206547651522
409712845159423718
1000000000000000000
167324706124131479
73
9759687
455710280
4442776594929316
752658
613895909527
444638579
4
7
43290
2
509605090036684155
2532196292
9609326
286642
86253
26
3527667
37779332118
1493866083710109
424215547
37734
324542045255133659
4553450245824
51781133815141
5
429
87011
34412
11636927
730212733702
96922
94067
248436
461000547689140
96216805045
64987188
274
599
6411
467613859737035
95114232773835
4386155084029044
57
8978661628
469660
544988477908
9672
228362423213417807
14767
77139
8446280634798
49
478054721544629
17
67113
61990150975
999
78
3151530673777687
79134706
493298341102
57644554403530
562576866337631629
5573
175611080887440
2767815401
8506254584693467
731
8949213321771
9
1500 100
9
3????5???4????5155??7???1?21??????132??4?28?642?????????1515?????284????5???7258330????407?75??72??6163?732?5?4?27?52????0?11?8514?5??308?7??17??233??6?580?2?14?????6?0?5???5????2??0?8??4??7??2052?3????70701?84?1?8??0??031???201?38???03?227??1?32??835??2???0??5362????1?61??58??304??1??????81?????????65??31?2???72?1??5???7??3?58?1?????2????6?6??????5???3176???7??63?06?653?3??35?7????28406?0??4253??2????31?????8??4?304?4??5080??58?57????78?3??82???8?17?6????4438200305??26??????????5?7??6?1??256?8??0?460813??????21158?????3?8?07???2??122?3768?????????5?4752??0?33?2?1?5???44????5??87?3?5????2331????????2??0??8?3???1???4????21??57?57??3???68??7?50?????0????8?8???4?6??6????86???3?8????8????????1?1???16?7?????1??78?2?2??5????6???0???0??4??78887????4??????37333?5?1?231??1?4??2??0426?85???27??2?874?15???4???5?6?2??0?44??2????46???5??1?22??4??6?7???5????5???????61??3?24?60???1??47????1??3?3?6?6?0???6?26?67?0820?785???????6875?7???8?236??711???7?1?04?750????2660?72??5007??14?1?1?130?5??0?6?8?5?07?87??1?8????3?18?0??45?????????48??5??3??58???6??1?????3?1741??16??8?2647?25??8311?02???0261?7?8?????510???3?6?0??01174?1?53?0????????53?3?0????142?18??8?5058772?4?????4?673?8?20?????8?28???45?8????56???6??5?38?3?5???4??????3?3???25???2??57?5?4????????????41?618??685?7???8???5?08?35535??6??????6085?147??0002??486???43?41?43?23??203??612??7???4???3?7?56???71?75027??068668642??21???5?6???7???07?4842?????2????1?????2??8??3????2?4?????1?52?75???????54?30?23?4481???????3?3??606?43711??3?45?8??54?45?0
7183077990013
8402909
30
6535370665652645
1000000000000000000
84346737635
505061787
26084732
7819594
39
51599888
2446
16221331845225324
436846400062
402425935407862
596772
92350754800050
64522
64465235660816081
71789734
86523189
12480461
12
587
332061946
542476
37340552911762594
724990
67025979954
77533
8317116555
21
713
32117752407
58335643129
1245398719
376316
296962523
997553
2256911
44685393545
48013543
908285118612517
515786976
619426638
12680915105111827
6641735
54728746566647910
21422386
86
8759337991883
6727
51138940259306899
21309
1265446378659071
84
150489531699976
7400267395773378
14909
27338196
8
685
74103742562
52026979
706
844498732
11418
87079
1015006872
66213853667940430
940557773667975111
348547164568
88675471
6013624742129
91358139336
5202432780927
517609746570713564
8631102114
534604
9047864
895683436558965058
900
715191703879623
46102628682
831392421459345
26814916756350254
8395
82
859659432845
20565613064581283
8176683911
60696
643942
60730212381984
77
481
843095612739
72385397255131
8618238791965
235412
2000 100
7
3???????????????4?????194??1?4??9?5?0????3??5?????512?????02???????0?5??????3???8???0?0920???1246???9????????86?4??51??????????????????5?1?3?5??????6??????8????8?9?6??????5???????????9????21?????662????8???9???????4????3?8????2?9????9??16?????59?00??52???????5???????4??48???8??0?3???9??8?1?6?89???????9????3?1????5??????1??21???2?1???3?8??9?????????83???????????3??6455?44?3????1?????????0???2??94?4???????????3??88??8???0??83??????2??????6?15?13???258???2?36????????5?5??8?4???6?2??6??9??52???31??6????30???4??82?6?1??9?93???5????334??8??441???????39?????2???8??3?3????????????9???6???????9??53?????0?????9?0?98??3???????2?2??????1??4?????6?????591???0???????8??????0?24??9?????9?1?6??1?4?????6??1???2????6???????2?35????4?9?????????8924?????????2????2602??5??18?????????2?22?4???????59???4??5????9?8?0?????????8?????????4?5??????4?8??????1????6?5??9?65438??23?8?????56????2????96???34??9???????8?3??????????????39?0???????????0??????3?9?94????6?1????2????48?8????3???3???????32??5?1??8???8??????4????0?9??????1??28???6????05???4?0?????31?8??9?0????????66253?1?????3?16???????9?0??3?4??6?12?809?050??????51???5?202??0?34?????????4569??46?813?35??9??22???5???1?1??2????9??4?5?55????????4??????26???5?82?4??????5???1?1????????????0??4???5??3???5???1?8?????5?05?2?5?5??0????91????1?????0?????21???????????9?88????16336?3??9?????1??????1???138????2?0???40???4???9?????????9????5??6?8?0?1?9?39?40??????139???9?9626????36??1?????5??????4????0??4?36??15???6??3????12?????0???????2?6???3??5?6?1??4??0???????1??????02??0???6???8?????034????8??3393?99?9????81??25?0?????1?91??66????????4??8?2???????????????0?9?4?2????????96??0??9?6???????????2?????9?53?????6????1???????82?0?5???02?42?2????1?34?9????????????2?3????2????1?6????42??1????0?6?4???3????3?96?????9?1?9???4?????5???9??0?8????8?9??0???9?8???????5?6?462?96?????6????????8?5?????2???1?20?????????????2???9???13????96???8?5?5?5??8622?25????09?9???904?????3??2??0????0????661????0??????????90??2??81?4?3??6?6?6?4??0?04???34???????3136?0???????????4???
36441765314744509
3718037885
86873200065
62668883775
1035000168992
92966
24092822
98393193119
314529
5570
4938356351
1000000000000000000
841673
544663170
3908504089
364980838974658
3802023549
183132550
5553221900
770427
75290
321749
56638730773245
1377818851
10783761050570
42760699391298527
3539241
26507995956915056
418933227
2842514424111722
270591
448388246883
993907299
1644165452400234
15450489671678
555611285685912257
77228
6
390845406724284996
83
9574755974
232492266
87298
32512296264
60214809285
947237
458979796
512343746696419
11386034124920
31487074863604505
2344896
37471908988748576
125601158164233
1480290
542319851633950
110169119238287
1289
529960668
315
7
29544362253
648179239819381
51492
464119966506
871269682692526
771245334111
511426244
10118394998233
69790161
7604047
403563154977455324
8299650274971216
8830939484
803742
198263456685
15
342782384331970
284438926072
937884900755085
3637092
9480109566442
12090285181654506
25
7335777222432639
623960956604471718
4792146321425
755860622
936113182
6825332
6146644
493273736868
141
584
512
102073
367
159857648070884206
447864190775926
34642934931147603
7971
