5
1000 1
000101
9??????8??3?42?165?5????20???0??1?0??1?????5?48?973???8?11????????0??????4??966?5???07??09??411?63??9??4???22??7?????8???9?????????1???3?9??671???60????0?0??????5????????5?97??6?2?9?0??0208?2?95?0???47?296815?6102???13?0?1?6??8????6??7?8????6?8??????5?46????5?????42????6?2?8?9??76?230?0??1??53?26????58??685?6??0?3??1???2??5?4????12376??2???4??9??11??3???6???09954??7???????7?147?4????15?7????????03???0??969??????89?????838078??3??6???3??????6???7???5??316?5????5?90?68??1?9?3?9????026?????????2?????????45?269?????????5?????7????0???0????11??1?607??????????2??3?3??4??97???5??750??61????6?572??4??0???????????43?2?6???3?????20??1??1????6??????39????37????????1??21??4????98?58?539???6874?6?????????????????5????0??????0??2??????8??????09?78????????7??49896???22????53??2?57?0???122???5?????3??5?62???7??66521??55?3???9?612????3????????????????1???10???????3???0731????08????3?34?6?????3???952?83253?83??86???0???3?????1?2????3?28???0?????9?1?????0?5??7???6?7??42??4???8??9???????1??0?2???6???????7
17582675
1000 1
14891
328?69?69???2?13?????43?????4?????8?3?632?6??9??63????6?????6????69?0?????1???2????0??5??6???0???83???5?8?9?5??6?9??4??????59??03????88??????6?6?3??99??82??6??98?63?762?480?5??8?????06??55????????????4????1?8?????93??8?????????????????????7???6???86???????????????2?9??9?3??1???????31??6?91?????46???8??5???8?9633????09?41?5??92?5????055??341??2?33???1????2??8?3?2??????6????7?9???6???7?????0????????7??????8?????????1????????1?3????636?4????2?9????8?7?8?9?9?1???0?8???5?9?9????74??3??7?987?????1??090????3?3??97?????????24???????4???53??????43???????3???20?????6171???14?0???11?????84????1???97?2???5?5????????8????60??38???4?????3???804???4???0?9????1??????8?3?62?64??????0?57??????2???3?2??5???16??????8??7????7??????20?27?6????83??6????5??????????0??4?????726????93???9?343??96994????????????05?40??????????1????????28?2?9???98?1?2??9???5?????7?52????5???33?44?????88??9??0?1??55??9????2??8??????08???????8??76???1?891?502?7??????8?79??288??4?1??2911434018????2?5??6?269?????7?86?????????39??????
961472
1000 1
11081
6???1?1?0?0?0?????????????????????9??????????8??????????2????0??6????????0??08????89?????2????8?????7?5???????21?2????3????15???0??9?????787?2??????6???24?749?48???3???????1?????1???????????????????????1????1????67????8?0?8?????4???????1????97?8?1??26??77????????7?5??????0??0?????????6?7???7485??????????3????8???????4?7??39????902??????78?5?92?????????????0??0??5????7454?66?33???6?????????????2???????8?????8?44?????60???4?780????71?????????????9??90??6??4?2????????0????452??1???71?4????????????9????0??4??63??1???2???????1??????????0??4?????6?80????0?638??6?7???8?????????69?7?00?2??6??????9110?????5???????8????3???5???8?18???????03??????5????????449?13???0?7??7??742??8???2????4????3??????0?????????????7???3???8???????6?8?6????4??99?8??????4??6???9???0???9?0????????9?9??5??1??????1???7??81?1????????24??????????55??3?????????????8???????07??????????????1???????8????5???360??????????9???????2???2????9??01??????????6???????6??9??????9???7?3????41????1??4?0????7?57???8??4????????????????????
6856767
1500 1
11
8249?????83?389?9803?9?7?92??0?8?7??89???7?2?557?1?2????4363?9???39??3??0?86336??80??1?66192?3?0?61??1?29?0?0??35249375?8?4021???3?9?2?584??0?47???8748?3??5??7??17????34?47??????8????22??706359294288?0?6?22?0??5???04???68???0???32?36?0?1??0058?298?8?6???62?070?1?238?84???7??17?1??????26?????7??2???4??05???0?98?????974?26??8?18?6???????????3??0??1007??4????7?0?41?0??4??75?07???2967??5??76770??92?4??3??378759?4?94?438???0???33?914?96?6?5?5?828?9?0?7??????047?5?4?0438????46????19638?9??9351?7?7?2?7??3?????245??02??1394?06?7??95?52915??154674?????8?888?8?0?9???96?69???151?1????0?9887?6??7??2??03772??887?59?61???8??6?5?178968?5?797???8?894????1?0????57??59??8?2??4?30?41?587?6?58?83708??????0??43??8234????8?57?3???2?71070?5?6???98659?879?3???????926??9??5??1???0598??9?3792?3???01???8?06??0???44???0?8?60?98?4?????8???4?63760?70??7?6356???0??00??4???95??46???5238???8??7??369??5??55?129??4?6???????3?66?1??2?802?57?????481?00?05??0?1?1????7551??84??7??1????3?7?9794?73???26???29?4???0???0????291608?792??6???70??3?8?34064008???49???0?9?219??4??7???3709????1?8??25?6???831??1??0??38??8??03????26??190????24?95?0?02????09?08???947??????730??0??01?07?06???152????????2?0???4????0?396??989??9??9?05??9????1????0??15?9?6?0976???53?92?65??16?????91?????845?15??920?0?1?8?50?6??707803???44?91???????7?2103??2?4?92??0?4?9760065641??62????59????5????62???2???43?4?76??4?43?77?58531??396?754??5???6????5595?2?3?363???642??8?6531?7?5?0?6?0???9?1????96026?6???3??87?0?0500?7??8??8?3?3?2?47????????0?9?4???1?9
3095715
2000 1
0010
3??1??????24?????151?????????04????5??7??9?8???09?305??8??????6?0?????7?1??2?34????9??9?37???0???????3??????7661????5?8??02?2?4??81?3????5???????24???8??058???5???497????1??315???0033??068?????7?44???6?13??98?6?????7????81??91?5???????5?75?5?0?0??81??1?0???0?85????0??9????????????20???56?5??9??0????5????0?4?1????4?196???3??5???????????77??????1?????7????9?5?0?????7??6??7????????????44??9???????6????0208????????8??2?9??????96??6??8?2???4??52?5?????2?6?5753?6?0?9?0?2??6?11778???41???????00??0?00?26???3??????1?9??8??209????9?58?3?9??389??9??1????????6?????????????03???5????163?05???????7?51??8??1???1?????6????6???4???3??02????64???28?2???2?4?0????82??2?????1???2?1???6???6????5??9?????85????5????8?4??162???????4???8????0???????4???????9?????84??45??????6?3?????6?6??????????8?2?8??78????07???3?????41784?6??0??54????4???????443??8?0???????453?3??83????????2??????????7?7?????920?????02?0???2?69??5?0?347??1?????89?0??29???35?9??596???????6?4?????8?2?923????8??7???????39?0?????4????4??????7?384????05?6?9?0???33???4???????8?8?0???????????7???5?29??0??7????9??8??0?31?68????8???20?8???8????????8????2??5?4???24??2?????60??????38???9??260??4???1??182??????????9???9??76???7????94??498?1?????????5?7?7?4?50??????4???5?1??????6309??60??50?1???301???????9?25?8???01?0???1???1??9?3???6?????0??5?9???9?4??????64????6?50?3????????09?8??66?2?????229?????26??9?9?????44?0949?2?3612????4??378??????11?3?895?3????5???55?40?5??7??????3????68???????????????7724??4???????0?2?405???36???3????????3????2????4332??7?3???1??????5??????79?4????154???6??9??21?8??????30?66????7???0?4???????6????8?21??0?48?????????726????7424?2?1????1?5????????2?????????????8??????????7??722??0?1???5?????????3???1????????????3?1??433?7??9?38?2???97???2??435?6?1???8?????????18??6??6??????39????323??6?????1???62????1???08???93??47?621????????78?????1?????????6?????1?5?????????8889????????????37????????627?9???6??72??79?9?????919???0????2?1?????????8??7?8????????7???9?4?5??????3???02?????4?6??5???????0???????3?????55??923?01??
3846
