821 825
747 775 7
595 792 1
153 158 6
542 718 4
520 617 7
458 621 8
240 446 6
467 807 4
165 659 5
231 495 9
181 210 9
208 449 8
356 436 5
186 481 9
136 667 4
155 381 3
237 796 5
325 339 8
258 295 8
41 76 4
464 744 4
125 613 7
294 782 5
171 751 3
247 821 10
378 398 7
227 685 2
53 352 8
373 485 8
361 509 9
426 676 6
188 736 10
172 215 5
39 304 1
11 17 7
26 716 6
558 586 3
248 294 7
406 428 8
72 630 6
136 215 3
107 683 2
183 669 2
89 763 0
661 791 2
84 352 1
174 259 5
148 732 0
136 305 1
725 767 3
36 449 6
149 230 7
342 507 6
84 547 8
232 345 6
431 760 3
172 443 2
397 459 10
102 726 7
19 82 9
183 779 1
38 130 8
276 761 9
531 718 4
16 391 7
382 667 7
261 774 4
484 583 5
72 401 5
452 573 7
199 529 9
16 86 3
334 775 6
487 517 10
659 726 10
325 471 7
324 710 2
246 662 7
384 598 3
318 657 6
368 589 7
200 758 3
380 443 4
330 344 6
581 729 6
396 666 2
86 669 9
443 788 2
65 473 5
169 653 1
105 343 2
313 498 4
9 386 10
731 778 9
171 466 4
642 800 8
417 807 2
25 271 10
333 717 8
225 400 3
327 543 8
315 556 5
148 345 8
23 704 10
328 728 4
739 751 3
690 700 10
546 611 7
246 543 4
400 749 5
208 535 9
99 649 1
402 454 7
65 653 6
374 801 5
63 432 6
564 592 10
360 399 0
346 716 4
19 508 8
668 697 2
626 694 6
260 367 6
207 714 2
631 721 0
182 787 6
541 603 1
414 603 6
518 605 8
218 590 4
407 754 6
239 365 7
333 606 6
68 461 8
118 276 7
91 489 8
609 762 8
578 629 0
595 700 10
782 805 6
461 554 6
261 458 2
599 643 8
105 560 5
253 470 4
103 785 7
139 328 3
84 186 5
123 817 2
269 558 2
511 792 5
133 209 9
547 615 3
99 533 2
425 516 1
532 743 10
161 303 10
450 587 6
6 529 1
586 701 0
9 659 3
20 481 0
593 644 2
760 805 1
485 602 4
252 701 2
176 790 7
103 513 3
105 213 0
656 788 1
93 763 4
105 237 8
752 795 10
158 535 4
159 236 8
217 220 6
184 495 7
99 440 8
201 224 0
8 19 2
403 545 3
23 699 1
70 212 5
256 769 9
297 500 6
80 686 7
232 520 5
511 778 3
306 706 10
159 523 1
401 526 8
494 648 4
567 623 4
663 735 5
103 465 6
134 733 6
289 630 10
180 530 0
501 769 5
348 652 7
766 778 1
18 806 7
292 330 10
16 605 9
57 310 8
474 567 0
401 583 2
339 492 6
94 312 1
69 207 7
447 742 0
479 752 4
640 790 10
7 527 0
332 783 1
150 716 3
219 694 6
714 816 5
50 69 10
106 253 5
534 570 3
279 691 1
209 226 6
69 261 3
53 208 1
192 421 10
91 754 5
36 360 8
122 258 6
11 506 5
147 221 1
131 337 1
250 788 1
424 497 5
95 360 9
415 438 9
175 261 3
131 636 1
119 550 5
452 632 8
522 633 8
640 767 5
602 779 0
301 450 0
96 619 0
25 155 1
545 648 5
99 625 7
107 266 6
49 124 10
396 649 5
412 426 9
387 629 1
105 680 3
707 721 10
334 385 2
196 656 9
511 534 10
224 576 9
150 434 9
806 812 1
498 552 7
228 545 9
53 396 4
206 563 8
699 813 9
262 569 10
198 271 10
71 163 5
487 632 1
567 819 5
9 551 4
266 585 9
234 640 10
13 469 0
59 779 8
488 730 6
645 707 2
242 802 7
292 509 4
111 584 10
182 812 8
25 674 7
152 168 4
377 565 4
445 671 5
279 540 3
237 303 7
196 736 6
307 556 2
605 739 3
169 355 8
522 576 5
653 792 5
16 782 2
313 761 1
272 447 3
197 556 9
507 544 0
419 435 1
390 645 4
34 803 2
491 627 5
334 410 9
142 285 6
147 463 10
1 438 3
6 126 4
296 650 6
331 409 9
430 447 8
312 328 6
76 703 10
346 510 1
54 228 1
387 628 5
442 690 9
245 447 10
319 562 9
373 382 10
150 485 2
248 449 10
565 689 8
386 593 1
268 820 2
239 671 9
593 644 5
174 327 9
80 258 0
457 608 8
93 748 9
557 821 5
249 584 7
298 617 0
10 113 8
210 212 5
66 666 0
100 765 10
36 93 10
483 600 7
460 673 2
97 188 5
591 796 5
109 391 8
734 815 0
431 511 8
723 798 5
337 669 10
7 589 2
340 436 4
241 378 10
87 524 10
134 585 4
105 439 0
72 744 4
225 558 3
326 730 3
89 174 10
357 525 3
66 759 3
611 754 7
85 721 9
196 319 7
290 792 5
88 237 2
567 702 5
202 643 5
60 206 3
360 454 2
88 298 10
431 532 2
165 460 9
100 532 6
341 768 4
217 377 8
341 401 2
252 326 5
447 654 10
301 446 0
91 760 7
434 453 8
442 573 6
375 380 0
57 85 2
259 693 6
193 368 5
86 250 10
135 214 2
698 814 0
761 774 3
423 797 7
439 599 5
117 245 10
65 103 0
588 686 5
408 488 0
302 666 5
493 540 10
192 600 5
138 284 1
320 638 5
289 815 4
128 352 8
61 235 5
129 589 4
281 341 5
324 423 7
26 405 3
216 754 6
93 104 1
278 575 8
225 329 0
292 798 10
404 493 1
128 540 0
617 670 7
513 662 7
323 579 9
523 799 0
78 288 7
142 474 0
288 448 2
181 284 10
573 684 0
354 540 7
163 246 0
537 751 9
160 513 10
5 379 2
622 801 7
66 617 5
195 581 3
498 504 2
250 652 8
405 749 6
346 709 9
138 154 2
236 694 5
75 162 0
590 650 1
155 794 10
234 334 6
285 731 1
507 818 9
77 229 1
358 755 7
486 508 1
85 672 3
96 157 9
230 377 9
55 396 0
24 765 10
40 270 4
181 296 0
125 407 7
64 282 8
708 767 8
416 485 7
530 564 5
669 678 8
26 610 9
462 539 5
437 779 7
115 412 1
78 203 1
473 531 4
480 795 10
363 684 6
182 186 5
212 465 8
473 644 10
300 547 3
216 647 3
248 722 7
647 818 10
191 218 6
245 659 4
185 676 5
385 722 8
293 793 5
174 596 10
66 202 9
196 405 9
178 366 7
32 563 10
598 621 3
533 760 2
344 731 1
35 674 8
58 714 9
255 495 6
226 564 2
304 590 1
486 741 8
417 442 4
293 465 6
81 201 10
293 819 1
598 820 6
578 762 2
513 569 8
352 770 10
363 702 4
473 599 1
510 731 2
310 785 6
415 609 5
101 410 3
333 534 10
226 242 6
64 199 0
364 388 2
194 220 8
71 332 2
134 432 9
112 265 3
387 509 3
112 416 6
361 608 10
10 485 4
707 796 7
108 641 1
141 393 2
469 717 9
152 204 0
179 430 4
229 671 5
60 92 4
249 481 1
174 631 4
167 538 8
448 530 3
123 682 0
324 752 8
360 478 10
308 514 1
232 479 5
411 637 2
55 231 3
44 131 5
684 772 1
271 438 10
168 685 6
451 752 0
293 432 10
510 769 1
205 549 6
303 427 7
32 208 4
109 128 2
611 650 7
514 797 1
216 764 10
172 667 4
743 816 6
41 559 4
191 198 2
287 508 10
51 674 10
62 379 6
313 663 1
112 702 6
52 360 6
766 787 0
42 459 9
222 318 3
228 546 6
182 648 10
264 327 9
168 385 3
13 213 9
225 479 8
258 740 9
469 810 0
241 511 7
251 702 10
365 635 7
194 357 9
256 514 3
699 796 0
69 262 9
231 435 10
337 800 2
566 643 7
176 419 10
123 706 2
308 336 0
148 617 2
397 795 6
536 594 9
52 430 8
96 175 2
406 547 4
486 703 10
504 758 7
145 306 7
42 736 1
583 748 9
53 574 0
182 727 8
354 738 4
442 520 5
107 382 4
59 656 3
473 516 8
327 577 7
46 394 5
226 556 9
562 655 6
22 283 7
156 596 9
123 586 10
273 312 5
259 620 1
483 627 4
215 593 0
312 723 10
461 556 9
156 193 8
358 775 4
176 240 0
175 466 7
96 405 6
505 689 8
694 774 1
312 784 9
433 712 1
582 635 8
653 750 8
11 515 3
51 478 9
114 779 2
397 632 3
356 687 3
344 529 8
491 786 8
590 758 9
311 378 0
248 259 1
482 689 5
307 807 8
220 233 10
25 263 5
597 629 1
246 799 8
219 805 7
420 689 9
204 574 3
136 576 3
96 276 5
329 699 5
30 793 3
34 732 8
60 573 3
751 767 9
502 523 9
64 282 5
399 404 9
152 373 10
416 780 4
208 764 6
568 730 0
338 563 4
272 734 2
252 691 2
140 339 7
477 657 3
64 566 9
128 580 0
150 617 5
555 570 10
116 179 5
422 762 10
549 606 0
252 808 1
38 708 4
18 712 7
222 283 5
393 470 1
86 196 5
18 627 3
113 232 4
137 229 0
241 401 1
53 414 7
37 260 9
114 191 6
614 798 0
410 413 6
569 744 7
315 452 5
66 328 1
406 502 1
17 736 8
460 675 3
548 562 1
119 476 9
389 685 10
593 760 3
328 710 1
224 613 1
247 281 7
424 751 9
592 757 2
256 258 7
47 759 0
90 689 7
416 536 4
696 817 2
254 712 9
51 207 7
327 349 5
467 578 10
24 535 10
5 78 7
54 749 0
485 490 4
507 577 10
293 665 9
265 423 6
449 614 2
79 440 9
271 529 1
332 641 9
88 116 6
195 236 0
465 603 0
184 355 10
95 749 7
295 342 9
53 177 8
423 443 0
96 365 2
596 723 6
70 566 9
148 445 9
133 788 5
570 644 3
255 762 3
413 465 6
152 715 9
204 341 8
558 649 2
18 532 9
45 746 0
221 367 9
35 337 2
292 325 2
682 739 0
536 780 2
743 810 10
40 477 6
333 605 1
154 413 5
522 614 10
66 483 9
349 714 1
493 808 9
612 715 1
687 714 10
546 795 8
160 173 1
555 712 3
309 397 7
119 789 1
99 104 0
149 274 4
519 704 5
211 699 0
615 707 1
55 802 10
777 821 2
310 454 3
465 734 4
226 739 6
93 641 9
416 730 4
99 562 8
153 284 9
344 558 3
184 726 2
7 262 1
46 734 1
317 480 6
426 805 3
1 300 10
407 666 1
453 668 5
247 529 9
21 743 7
632 667 0
605 701 1
166 710 4
592 602 4
103 361 2
693 701 9
126 182 1
110 119 7
75 287 2
461 606 1
369 761 5
181 205 2
221 268 2
94 420 8
244 621 5
284 427 2
703 803 9
540 622 0
644 784 10
245 701 5
116 747 3
343 508 9
494 547 7
259 697 6
297 734 3
79 165 7
266 389 10
552 654 0
15 50 7
136 634 7
682 704 7
367 527 9
342 656 7
587 591 3
427 690 9