1000 1590 277
494 650 860 548 4 253 357 174 94 460 526 973 723 134 888 273 321 513 636 446 881 534 331 110 774 572 541 50 245 205 327 739 856 540 288 212 145 645 386 592 457 265 565 532 399 806 157 72 319 794 871 552 680 202 15 806 127 908 856 372 114 536 463 322 76 751 534 573 748 272 165 205 889 83 737 640 889 895 713 208 41 936 112 73 490 479 879 617 388 87 341 854 623 805 176 51 908 62 977 657 334 142 214 576 225 304 216 114 551 281 674 944 217 139 17 708 618 248 325 358 687 19 212 663 824 388 714 84 450 43 93 137 186 308 713 411 964 281 878 515 563 904 459 132 43 828 840 14 76 518 372 763 537 585 426 713 325 493 797 128 536 891 617 74 551 682 838 515 963 716 30 878 620 841 11 16 669 851 30 97 369 754 212 258 691 991 971 17 836 121 145 372 364 762 799 915 444 637 430 759 705 812 638 325 653 649 693 674 852 75 771 574 830 983 832 521 326 156 538 162 277 35 887 641 149 686 556 945 323 338 705 28 150 695 705 155 696 751 829 548 826 952 122 656 935 955 530 262 111 420 776 740 456 663 381 957 349 289 255 672 979 312 52 481 7 110 636 703 861 817 251 687 769 374 696 56 681 226 318 144 998 447 884 806 110 617 764 460 258 19 484 589 683 889 70 690 999 58 745 212 875 996 251 644 722 299 700 755 877 371 899 876 818 135 682 928 104 446 740 362 817 225 303 500 466 373 542 465 431 287 29 306 636 280 302 710 580 355 466 457 726 717 333 896 853 16 176 309 814 917 24 984 494 327 484 960 701 379 777 484 666 158 143 302 438 445 13 370 152 831 180 230 548 865 126 753 881 655 415 48 924 439 32 770 766 868 82 819 247 859 304 266 369 447 568 807 244 933 530 397 116 710 627 17 575 106 770 809 761 185 857 685 976 241 807 743 461 889 562 61 100 866 327 469 665 247 276 910 533 158 307 649 868 286 666 444 392 789 253 153 326 462 190 303 55 997 46 516 886 960 929 338 179 256 807 844 504 436 106 389 594 413 38 463 52 705 259 444 846 512 950 172 326 492 475 733 490 873 249 728 834 179 67 13 787 874 209 643 310 316 32 257 81 71 720 133 128 979 930 326 843 880 498 521 372 326 254 214 199 855 295 33 386 714 398 174 940 960 817 603 276 202 860 357 625 580 843 753 911 773 79 754 5 929 275 729 255 529 296 455 736 591 840 123 305 591 297 597 551 466 200 827 668 60 536 293 992 731 398 903 504 829 9 861 759 284 591 366 165 887 821 902 830 14 377 487 957 674 84 508 492 285 687 161 345 575 806 338 307 205 593 163 34 603 25 145 239 616 512 405 503 685 659 685 51 36 172 8 62 256 868 554 541 555 67 239 483 874 929 790 79 522 953 465 125 330 963 717 946 475 122 801 512 133 486 564 521 658 924 583 915 793 489 808 700 557 47 183 431 328 325 862 851 631 327 328 961 290 45 908 117 519 61 630 4 548 546 525 558 470 460 825 263 950 986 316 859 33 499 290 714 177 152 917 808 831 245 769 474 643 29 591 514 443 573 519 343 471 44 901 942 857 79 557 159 65 873 18 450 725 308 164 902 812 81 62 995 679 183 469 322 213 413 836 8 338 707 351 810 104 604 104 961 35 13 120 100 887 138 903 964 798 67 218 962 501 280 957 180 463 427 854 28 192 42 36 530 750 739 340 206 344 444 167 379 458 639 832 697 129 735 13 279 154 231 241 655 511 550 187 974 977 393 3 169 788 391 700 890 131 392 96 827 189 615 558 999 254 390 696 735 477 709 14 632 292 607 639 803 157 827 777 487 572 132 8 360 524 60 602 7 453 698 834 642 313 392 641 919 135 689 6 612 750 372 244 42 979 884 845 489 63 974 976 987 459 984 348 335 397 950 342 850 1 176 844 666 920 837 938 55 526 944 20 628 317 264 670 648 500 867 137 915 193 113 903 4 450 603 339 847 905 681 49 906 209 893 925 482 82 863 889 960 159 909 588 476 526 610 125 26 829 614 294 22 80 197 27 882 800 718 729 705 752 130 964 961 375 889 443 457 752 685 417 911 594 357 740 120 967 217 499 796 831 793 170 263 342 549 145 142 268 226 199 20 356 163 333 83 404 129 892 508 814 309 420 408 666 512 881 985 729 380 133 912 525 304 528 867 205 673 361 825 252 912 197 960 428 531 44 832 660 936 341 826 598 113 586 616 625 467 602 706 199 87 970 76 391 498 943
1 2 1524
1 3 774
2 4 1569
1 5 88
5 6 1855
3 7 181
4 8 421
3 9 693
7 10 987
10 11 635
2 12 1099
6 13 22
2 14 1677
10 15 727
11 16 1843
15 17 1721
7 18 1679
3 19 1847
9 20 1820
17 21 949
3 22 420
21 23 1894
9 24 1357
4 25 1860
20 26 1218
3 27 309
21 28 1789
16 29 320
16 30 1676
8 31 591
18 32 69
9 33 1943
32 34 1160
24 35 52
8 36 1727
34 37 1359
33 38 836
14 39 1341
17 40 192
34 41 889
29 42 401
35 43 432
32 44 1882
37 45 361
26 46 1799
29 47 134
1 48 1969
15 49 321
9 50 221
25 51 814
21 52 1727
34 53 799
25 54 131
1 55 1108
19 56 1694
7 57 86
45 58 1548
44 59 990
21 60 1623
45 61 45
47 62 1008
44 63 1996
22 64 609
14 65 811
21 66 1395
60 67 1482
3 68 854
43 69 390
66 70 422
62 71 1309
9 72 1849
20 73 564
19 74 618
23 75 1884
68 76 1610
66 77 369
25 78 460
20 79 652
33 80 1738
24 81 604
32 82 1792
16 83 961
9 84 369
24 85 1632
84 86 1554
12 87 1612
80 88 1041
17 89 1857
33 90 434
82 91 253
38 92 1670
7 93 1368
13 94 1691
27 95 1904
41 96 1836
46 97 916
64 98 948
18 99 627
89 100 1932
13 101 812
87 102 1905
47 103 1594
94 104 952
68 105 958
83 106 1192
44 107 136
31 108 538
57 109 1697
95 110 228
44 111 363
61 112 814
16 113 397
6 114 1860
33 115 1783
79 116 340
109 117 1632
25 118 1020
9 119 1544
114 120 678
15 121 1712
32 122 770
19 123 1437
97 124 1704
27 125 241
58 126 1439
34 127 701
18 128 588
91 129 720
82 130 826
115 131 594
55 132 1100
131 133 1765
32 134 1452
86 135 797
73 136 516
54 137 705
78 138 709
67 139 1298
10 140 1628
92 141 1050
15 142 848
32 143 1673
83 144 1201
59 145 590
123 146 1250
61 147 1194
91 148 1410
32 149 1174
86 150 973
73 151 1697
14 152 833
35 153 1479
54 154 544
80 155 660
25 156 1020
59 157 1591
74 158 165
92 159 10
52 160 363
121 161 1394
157 162 1784
129 163 315
130 164 604
138 165 760
68 166 1461
90 167 1418
27 168 1211
154 169 542
6 170 378
145 171 631
72 172 1617
64 173 1971
94 174 192
48 175 1501
108 176 933
80 177 520
28 178 187
34 179 615
74 180 324
37 181 720
112 182 185
43 183 433
180 184 1739
120 185 208
25 186 881
17 187 220
119 188 1767
124 189 633
102 190 525
15 191 1218
118 192 1381
43 193 528
87 194 925
68 195 1064
160 196 871
133 197 1387
34 198 627
193 199 1158
145 200 1499
167 201 1188
77 202 558
161 203 1231
203 204 1951
173 205 636
147 206 1998
137 207 1935
159 208 1944
48 209 1652
163 210 1606
79 211 471
103 212 1204
71 213 239
38 214 383
122 215 1254
130 216 1467
211 217 615
150 218 202
124 219 703
148 220 63
21 221 982
42 222 1546
196 223 145
103 224 1732
22 225 712
66 226 1569
188 227 520
182 228 1042
24 229 1309
210 230 860
64 231 11
111 232 1357
60 233 706
231 234 826
168 235 417
222 236 1101
36 237 1655
203 238 668
152 239 491
96 240 302
84 241 90
45 242 387
182 243 998
64 244 74
68 245 1910
101 246 1223
8 247 1263
33 248 900
178 249 492
195 250 1378
12 251 1320
226 252 660
8 253 1832
195 254 1480
160 255 80
164 256 1878
203 257 7
254 258 1485
206 259 750
2 260 1664
121 261 847
142 262 934
51 263 1820
62 264 431
41 265 265
72 266 1925
8 267 993
134 268 1264
54 269 617
153 270 1852
118 271 880
125 272 1571
120 273 700
82 274 244
80 275 969
134 276 815
69 277 1500
1 278 278
99 279 1936
137 280 336
202 281 870
33 282 138
13 283 1902
21 284 1041
220 285 499
110 286 1568
202 287 977
158 288 618
270 289 548
209 290 1832
20 291 1123
290 292 37
8 293 749
135 294 295
218 295 1024
254 296 1238
216 297 1948
136 298 463
297 299 1483
24 300 721
35 301 750
223 302 66
254 303 1780
211 304 109
218 305 1899
274 306 550
273 307 1293
26 308 1997
56 309 1255
75 310 1080
31 311 1275
32 312 879
72 313 47
24 314 1425
189 315 1198
12 316 217
282 317 787
158 318 380
148 319 1319
304 320 1600
19 321 1135
39 322 240
29 323 1091
257 324 823
87 325 881
82 326 978
251 327 575
189 328 83
183 329 1199
243 330 505
309 331 6
182 332 699
174 333 1357
273 334 65
243 335 1921
106 336 1895
225 337 168
81 338 188
326 339 725
260 340 1606
107 341 1620
73 342 115
14 343 794
49 344 1521
202 345 411
82 346 743
206 347 1452
251 348 1915
70 349 874
11 350 1838
98 351 1645
322 352 555
23 353 572
184 354 1425
16 355 811
309 356 1608
176 357 320
119 358 1330
203 359 625
336 360 1107
117 361 1230
134 362 1806
96 363 1645
50 364 1844
8 365 1701
325 366 18
15 367 119
307 368 1864
229 369 21
88 370 1045
115 371 673
218 372 1968
42 373 728
278 374 459
247 375 502
193 376 1094
38 377 1770
237 378 1120
28 379 973
176 380 639
67 381 1351
376 382 1077
97 383 1583
309 384 1218
133 385 583
140 386 788
44 387 1269
325 388 954
299 389 759
100 390 56
34 391 1333
157 392 50
136 393 755
20 394 1222
261 395 839
299 396 1107
315 397 871
206 398 364
205 399 1477
213 400 410
62 401 551
344 402 22
211 403 1011
199 404 170
275 405 742
64 406 1735
364 407 81
223 408 1530
181 409 1308
64 410 916
18 411 1318
192 412 689
38 413 911
26 414 995
278 415 1341
308 416 802
21 417 1660
47 418 64
140 419 152
293 420 793
236 421 813
157 422 970
391 423 666
220 424 434
264 425 1958
29 426 474
241 427 78
339 428 170
355 429 922
75 430 1731
314 431 1275
33 432 507
136 433 1709
313 434 1958
28 435 1158
39 436 756
161 437 1983
436 438 1570
249 439 932
14 440 1329
371 441 60
316 442 518
41 443 1319
26 444 1480
394 445 206
54 446 856
110 447 96
307 448 1120
414 449 639
278 450 19
398 451 885
71 452 121
301 453 854
147 454 1870
1 455 401
305 456 1380
318 457 1003
348 458 1303
451 459 1291
30 460 916
198 461 699
449 462 1682
199 463 1840
315 464 1305
16 465 584
180 466 276
36 467 452
223 468 690
439 469 1146
365 470 1797
90 471 112
460 472 712
108 473 1428
158 474 141
405 475 1503
435 476 569
104 477 1534
224 478 1703
145 479 1758
236 480 1853
456 481 685
203 482 516
304 483 1583
28 484 1147
290 485 119
212 486 980
326 487 826
81 488 50
447 489 412
109 490 1678
268 491 1601
419 492 822
52 493 1204
302 494 861
19 495 1886
177 496 361
348 497 1547
49 498 412
140 499 84
130 500 564
56 501 1560
479 502 786
415 503 1941
298 504 1344
330 505 1380
34 506 1325
170 507 1623
492 508 820
100 509 1025
437 510 845
334 511 1099
402 512 186
151 513 85
20 514 481
34 515 861
227 516 1077
334 517 943
383 518 1159
261 519 1052
147 520 294
465 521 1879
469 522 469
143 523 118
263 524 1033
192 525 1674
179 526 406
360 527 1085
445 528 1771
387 529 1542
313 530 44
357 531 3
236 532 1529
423 533 1336
270 534 534
429 535 1545
126 536 1524
153 537 799
75 538 1278
175 539 1634
268 540 413
161 541 893
428 542 433
444 543 1764
277 544 1853
44 545 1514
138 546 767
520 547 1370
247 548 815
516 549 1689
21 550 1799
85 551 882
99 552 1010
386 553 1669
13 554 1303
163 555 1655
255 556 1316
170 557 1241
202 558 880
370 559 1011
316 560 1368
286 561 983
209 562 42
556 563 784
370 564 1412
270 565 910
333 566 60
159 567 888
524 568 530
70 569 415
49 570 917
341 571 254
258 572 971
300 573 688
110 574 1205
272 575 937
24 576 576
529 577 709
151 578 977
60 579 179
110 580 318
270 581 1954
551 582 1586
173 583 153
552 584 455
545 585 653
74 586 638
393 587 1959
53 588 1107
380 589 1813
581 590 1050
263 591 886
421 592 1374
108 593 596
415 594 1440
232 595 1094
354 596 216
101 597 489
231 598 946
161 599 622
119 600 1210
229 601 1126
427 602 888
158 603 162
351 604 788
329 605 660
334 606 1782
595 607 1816
365 608 1493
445 609 1861
508 610 1539
98 611 1395
468 612 1059
385 613 262
495 614 878
142 615 1758
71 616 865
62 617 993
164 618 674
506 619 452
159 620 1835
513 621 5
588 622 1010
549 623 1127
447 624 938
605 625 140
331 626 647
79 627 938
128 628 1772
125 629 415
415 630 789
114 631 1091
604 632 1762
125 633 1759
117 634 1944
257 635 604
305 636 28
558 637 1749
570 638 783
419 639 246
186 640 216
308 641 552
282 642 1923
271 643 1273
356 644 1394
421 645 698
175 646 214
207 647 1838
631 648 578
55 649 1117
460 650 866
422 651 302
403 652 683
568 653 285
196 654 1280
223 655 1540
359 656 1271
205 657 1064
242 658 286
408 659 1241
623 660 378
401 661 217
264 662 434
630 663 1272
218 664 357
63 665 1535
226 666 111
86 667 470
7 668 592
376 669 613
361 670 1991
86 671 425
410 672 1302
610 673 456
642 674 530
397 675 1973
111 676 342
439 677 204
19 678 950
220 679 1788
262 680 219
436 681 1235
392 682 1864
250 683 1477
599 684 1164
671 685 1385
582 686 1299
629 687 418
530 688 1651
588 689 894
10 690 1629
218 691 1442
672 692 1410
472 693 747
289 694 1476
462 695 19
273 696 563
119 697 377
290 698 1311
51 699 1940
161 700 1000
527 701 1984
255 702 1488
667 703 1605
597 704 1981
100 705 1322
281 706 1367
333 707 1933
623 708 1115
61 709 1841
79 710 1920
311 711 990
262 712 1467
289 713 1614
695 714 278
714 715 1958
450 716 1585
271 717 283
244 718 697
403 719 213
293 720 388
448 721 993
380 722 1004
525 723 1588
624 724 1959
2 725 1415
205 726 1289
682 727 714
98 728 477
577 729 239
122 730 939
398 731 387
308 732 492
163 733 1598
518 734 558
468 735 571
574 736 51
13 737 1757
400 738 843
660 739 1878
515 740 774
646 741 1033
279 742 403
404 743 1524
112 744 779
540 745 1988
347 746 1961
144 747 595
338 748 1397
282 749 1994
504 750 1061
418 751 1958
56 752 482
213 753 871
256 754 1061
680 755 479
407 756 1099
357 757 252
79 758 1611
197 759 734
350 760 1892
444 761 813
340 762 1450
576 763 658
237 764 306
689 765 1508
608 766 1921
297 767 831
647 768 1182
231 769 432
699 770 1508
372 771 432
157 772 775
557 773 109
634 774 812
724 775 1481
255 776 1918
343 777 909
367 778 55
164 779 569
102 780 923
390 781 81
580 782 1895
432 783 1952
148 784 1319
66 785 26
263 786 1648
749 787 1786
210 788 1494
664 789 810
407 790 1091
434 791 1363
177 792 938
329 793 730
353 794 896
90 795 59
267 796 80
470 797 1368
741 798 1406
120 799 1758
702 800 58
185 801 257
350 802 594
752 803 130
295 804 291
522 805 746
33 806 1936
498 807 743
504 808 1438
187 809 572
262 810 1477
82 811 505
757 812 1124
599 813 238
298 814 1547
425 815 1960
366 816 132
714 817 1311
622 818 612
801 819 814
793 820 1087
653 821 637
565 822 374
730 823 602
820 824 1559
487 825 498
612 826 157
700 827 946
336 828 877
789 829 164
727 830 1532
357 831 381
196 832 1045
62 833 742
697 834 191
105 835 1265
264 836 1821
116 837 1005
346 838 1636
136 839 359
324 840 1485
458 841 583
817 842 212
161 843 1629
169 844 1418
322 845 1866
799 846 622
635 847 1319
131 848 997
623 849 29
552 850 1970
846 851 818
578 852 1550
416 853 690
369 854 135
294 855 1085
656 856 610
237 857 1615
724 858 1902
361 859 265
263 860 1742
24 861 976
387 862 1083
88 863 383
648 864 709
222 865 1620
233 866 60
379 867 1175
749 868 614
35 869 1500
643 870 1619
346 871 369
510 872 605
202 873 1053
722 874 1933
403 875 181
51 876 153
526 877 391
189 878 1804
794 879 21
264 880 1540
603 881 250
56 882 432
42 883 1914
351 884 1643
771 885 1795
581 886 351
480 887 1845
391 888 1206
731 889 168
684 890 920
120 891 1167
412 892 1858
847 893 1014
160 894 685
297 895 1233
633 896 1030
108 897 881
690 898 1260
182 899 861
780 900 913
857 901 871
31 902 1525
269 903 925
126 904 318
230 905 223
641 906 1443
533 907 1015
828 908 1300
359 909 20
489 910 1418
286 911 1267
526 912 1440
54 913 262
693 914 1296
474 915 309
231 916 132
25 917 1826
770 918 600
426 919 741
145 920 1845
365 921 860
730 922 354
662 923 1645
876 924 257
403 925 696
676 926 1623
753 927 123
85 928 113
787 929 469
600 930 213
141 931 1971
839 932 662
887 933 707
289 934 901
529 935 1236
737 936 764
281 937 738
827 938 323
807 939 1476
286 940 754
94 941 608
16 942 489
107 943 145
10 944 1822
759 945 715
708 946 1744
216 947 1085
305 948 837
921 949 372
646 950 1944
111 951 1189
697 952 408
288 953 530
33 954 663
909 955 17
403 956 531
470 957 147
268 958 1709
537 959 1974
444 960 907
691 961 271
388 962 1729
445 963 1762
266 964 1852
363 965 1008
959 966 447
862 967 856
381 968 477
603 969 291
673 970 1744
99 971 1262
179 972 934
410 973 0
113 974 1701
136 975 879
511 976 1017
559 977 316
551 978 858
513 979 16
903 980 916
937 981 858
118 982 1926
67 983 923
376 984 1804
431 985 247
811 986 1875
330 987 528
79 988 1270
22 989 508
175 990 1208
478 991 636
816 992 537
585 993 1675
35 994 1382
22 995 809
990 996 1419
972 997 14
208 998 85
172 999 452
303 1000 856
53 143 1083
914 23 596
185 256 1104
509 464 844
497 41 1733
482 832 1758
291 483 1178
311 498 875
748 139 1328
990 995 380
484 430 1293
858 378 1829
114 835 1689
577 679 186
970 412 1635
685 893 818
444 536 301
974 846 150
849 593 1288
177 934 1635
909 769 1064
203 627 1794
384 92 1628
74 20 306
260 989 1069
247 674 962
65 469 1849
366 442 694
868 290 638
157 819 1572
144 727 692
560 281 318
354 665 1761
982 738 1781
640 997 769
710 243 794
24 659 1262
873 377 1703
567 244 1345
557 400 1163
481 895 1889
174 455 1170
844 808 834
606 142 571
387 781 919
508 490 1513
303 513 1171
565 737 547
621 655 1791
966 212 542
129 692 437
18 217 891
540 413 50
374 18 1191
297 756 972
216 263 813
729 565 1326
901 482 1062
800 102 1069
591 67 1280
486 547 323
923 916 892
166 456 1304
568 829 1321
760 478 1428
84 45 1690
897 774 1607
575 26 440
990 177 1541
59 768 959
339 605 1857
14 879 1772
906 44 227
210 611 408
883 722 885
311 805 929
354 54 54
313 628 1431
753 617 1960
646 27 1079
957 717 1683
814 731 561
586 988 956
814 198 566
574 432 1640
811 95 796
740 448 849
147 112 1829
930 216 797
890 861 824
321 169 1540
4 982 1622
565 919 1610
521 84 1159
440 657 1590
432 467 684
228 559 483
430 57 946
259 338 161
56 580 373
232 900 541
125 904 874
747 468 793
357 341 876
868 132 1533
459 563 351
495 790 1909
331 219 965
277 829 1303
439 237 1234
164 468 1133
706 592 1036
932 339 1856
725 47 196
954 267 1327
839 725 1241
190 571 30
100 901 1601
417 178 1429
72 968 665
306 131 133
440 188 76
828 120 1766
684 196 1165
232 149 1431
911 987 507
152 177 1077
535 628 1978
136 396 507
917 468 474
935 125 956
420 916 496
496 744 1615
263 779 162
780 363 311
211 625 649
718 129 825
795 15 1804
125 150 200
632 418 19
458 352 143
415 771 411
911 619 1506
878 233 1636
40 12 1350
703 222 1975
353 291 1455
530 437 1469
335 562 1970
887 193 387
906 3 91
401 417 1213
812 679 1831
670 908 63
307 947 1074
657 2 647
984 354 1289
791 235 1726
260 921 287
230 807 1831
970 64 833
61 465 601
274 628 1279
458 650 1538
521 956 837
948 964 1838
947 300 1543
237 90 777
315 350 1698
602 931 504
785 252 1920
619 664 1384
220 290 363
852 747 12
390 619 319
227 566 635
417 865 934
960 453 1023
738 767 724
788 720 7
644 504 1258
564 122 922
300 694 211
16 545 957
380 286 1927
700 865 1493
335 281 1709
621 241 1161
996 330 279
721 117 998
728 760 1501
338 324 975
260 975 1668
823 990 1564
780 370 201
60 421 65
905 107 1346
614 727 1938
127 722 267
406 794 383
756 873 1494
257 211 817
584 470 1144
604 293 133
168 424 502
722 483 1274
787 387 380
485 352 1106
423 478 1180
690 235 973
425 990 846
920 599 56
89 182 1877
233 138 521
719 305 945
573 378 1779
848 165 518
228 649 869
335 424 347
515 113 1933
840 890 1923
38 809 873
94 897 1406
324 482 1543
845 200 1200
142 772 577
922 619 1741
440 847 742
309 533 1165
8 399 1629
294 238 518
217 276 1678
442 721 1927
848 396 760
744 241 1959
944 382 1082
521 655 1053
615 446 251
709 107 1783
226 466 1181
207 759 1770
78 975 397
756 768 1118
35 616 865
795 359 1105
106 654 1839
189 526 845
242 492 291
493 200 1397
628 777 862
161 984 621
931 61 947
329 168 715
799 555 1682
664 349 1392
122 455 1045
313 995 1570
158 588 1062
801 432 613
550 411 1390
765 571 1725
738 501 137
685 181 656
752 331 1210
786 347 911
178 820 1717
575 132 711
498 641 1650
560 794 433
525 343 843
267 107 413
992 844 1265
481 881 1798
138 984 1128
700 770 826
611 947 1645
328 874 128
391 371 1121
393 930 914
826 806 1608
669 73 67
434 416 1262
700 249 142
498 386 126
978 437 1247
157 48 545
802 727 1418
283 470 1788
756 862 1069
22 40 1875
630 708 299
697 142 66
312 193 1314
454 42 1051
932 19 488
179 175 887
725 329 1965
143 963 434
932 718 296
353 739 335
228 720 1394
879 769 1887
946 80 1431
260 885 1472
312 817 1843
152 347 1369
39 71 49
4 566 11
791 849 1080
439 201 170
126 781 1242
520 659 362
760 956 441
191 216 325
16 879 493
859 382 1840
580 772 1262
982 127 179
993 917 27
426 355 580
948 480 1712
190 352 1370
904 463 326
345 653 1893
23 20 1123
868 230 504
60 810 1275
323 791 1401
854 135 1670
234 912 24
814 860 1856
526 401 559
248 305 21
926 1 1673
819 375 45
942 243 274
798 302 83
425 976 225
179 830 712
849 415 623
873 228 834
81 105 587
640 704 243
661 630 243
687 448 1970
732 742 1212
6 891 865
194 19 1493
23 731 1341
789 355 1565
16 541 1998
472 128 637
175 371 1650
156 967 336
956 937 1419
49 501 776
939 366 569
606 911 588
99 933 1318
792 73 1024
710 440 1565
708 911 1044
345 438 767
347 593 733
683 900 1021
454 948 873
231 887 1590
800 492 501
740 943 785
59 734 1858
83 443 297
1000 502 1560
45 847 997
812 545 1941
897 580 193
270 33 1140
143 615 378
85 767 1222
586 506 1164
724 564 249
582 999 44
231 998 897
791 394 1095
140 557 640
434 805 219
627 74 1251
767 568 866
498 5 1632
720 942 489
236 665 53
837 246 403
881 829 752
779 619 146
874 759 54
866 192 859
85 170 284
337 936 1204
555 433 1208
539 504 1149
28 739 1814
433 576 1411
836 808 239
589 938 210
87 164 1968
141 29 511
352 114 1680
637 802 967
841 356 752
401 246 255
550 273 1346
716 58 1921
480 893 1080
71 481 1370
281 919 1533
249 60 913
112 411 1026
144 399 179
464 239 886
216 991 1131
823 893 1756
169 960 813
442 439 1057
875 510 538
245 790 808
778 391 867
43 854 630
422 998 28
601 461 619
488 676 1609
971 850 501
79 19 1461
244 812 251
302 686 760
192 930 1902
1000 59 1292
868 102 145
498 523 494
526 123 954
145 962 981
107 285 1183
608 363 201
421 607 1364
673 908 1050
785 99 1331
687 450 1390
331 317 843
829 166 365
323 44 839
630 188 1153
963 646 437
146 254 1151
699 26 109
64 50 368
466 835 818
797 873 268
539 204 1936
734 384 102
99 58 1145
291 687 1684
796 2 1330
233 147 935
736 198 312
198 261 1362
566 78 1196
737 226 68
5 117 1623
293 850 6
395 301 64
892 591 1102
577 386 103
259 970 602
546 57 799
858 254 411
220 172 840
768 908 1065
837 264 1181
460 908 383
819 303 683
883 194 1625
337 122 362
793 732 1331
395 277 739
546 135 345
957 706 516
797 474 775
214 662 1390
396 473 297
779 291 1951
814 525 1497
439 862 618
801 654 1350
484 400 978
223 945 1112
568 253 170
436 401 643
563 966 1304
305 361 1776
603 491 419
554 656 943
403 94 1156
22 246 1161
724 729 1912
702 304 208
167 223 460
337 659 212
980 573 178
636 878 1890
764 832 1733
183 737 388
479 140 1834
635 161 79
149 884 808
61 937 1463
270 103 1685
82 439 695
295 770 1268
825 757 1497
715 521 1328
800 703 1064
541 533 203
375 168 1715
454 316 950
614 728 887
77 997 989
115 79 1780
810 725 1901
430 549 658
927 615 178
255 767 1232
320 307 765
875 681 284
591 134 951
541 100 678
780 528 27
122 642 1105
902 452 1181
155 881 81
813 808 1695
991 414 461
576 733 1119
341 960 799
625 550 285
576 442 384
606 222 1263
633 695 1905
90 948 1708
271 102 1588
352 915 1747
400 257 1161
213 832 1245
333 172 204
132 148 105
769 75 1547
505 681 120
769 665 814
674 755 1761
734 377 1214
322 81 1128
422 480 385
935 44 216
180 728 1740
737 212 1239
842 980 1314
389 485 1346
861 605 1362
675 278 468
788 11 1845
3 684 1925
483 457 756
868 391 1151
437 571 1879
529 659 90
768 500 69
434 241 905
780 101 1509
495 128 138
963 915 500
808 269 536
85 104 1992
193 323 383
345 759 1305
576 639 963
666 407 1462
735 192 702
993 324 1155
502 818 1282
641 780 1548
493 940 1169
29 376 1272
22 569 594
757 265 1705