100
851378687 227986586 21392694 938996029 47833259 832284903 986278539 77923345 32703151 196646876 742482961 652241499 94583046 894623741 817577617 622408051 824480243 115689231 435711129 350172756 299965097 717112937 3491101 106880793 520150155 227155626 732053881 800567003 670086086 170183633 49848779 42243697 423491949 274151044 50426409 643885694 648401753 266901945 759120145 239398445 382075999 494790766 729509249 324194249 450687976 70088128 279339025 349337301 386946183 946518895 182756851 615860407 350283361 116470820 19681351 760638353 951750645 236757397 760659096 204554884 662957195 129798901 725854363 920560438 993228649 495010181 38360097 759410355 297345911 971358601 408760586 51918223 699954121 635778427 524958414 68170001 517457381 171152751 43538714 775967233 750731161 24700795 885792914 4156621 609084601 284825893 730204713 276859275 272091555 57735941 53552645 617514865 423645407 475048167 82841247 225258177 689177343 104658837 202323841 758702696 
100
3 49 86
2 13 73
3 9 43
2 10 96
3 90 94
3 82 99
3 40 98
2 51 90
2 28 75
2 94 100
3 70 88
3 9 66
2 64 99
2 27 97
2 18 72
3 10 61
2 37 86
3 44 79
2 45 65
3 6 96
3 29 60
1 8 43 1073741823
2 83 91
1 17 75 1073741311
1 53 82 1065353210
1 65 89 1073741823
1 2 25 1073741823
3 70 79
2 2 44
2 27 100
1 34 96 805306367
1 56 63 1073741695
1 21 53 1073741823
1 37 92 1073741823
2 23 89
3 54 90
1 28 93 1073741823
2 85 86
3 51 70
3 2 52
2 8 80
3 86 92
1 15 70 1073737727
2 28 38
2 10 64
2 14 58
2 9 42
3 50 83
2 5 47
1 71 88 805306367
2 14 90
3 9 79
1 41 70 1073741823
1 9 39 1073737727
1 11 44 1073741823
1 26 91 1069547519
2 17 75
1 67 95 1073741823
2 31 32
2 36 53
2 35 51
1 37 97 1073741823
1 22 67 1073741823
1 45 85 1073741695
1 3 92 1073741823
3 25 32
3 5 25
1 58 94 939524095
3 7 98
3 11 90
1 18 50 1073741823
1 10 83 1072693247
2 38 73
1 1 47 536870911
3 68 91
2 32 63
3 18 91
1 28 57 1073741823
2 7 100
2 64 74
2 30 72
2 34 68
3 16 96
2 29 60
2 57 93
2 12 27
2 11 26
3 27 52
2 8 31
3 50 71
3 12 66
3 59 72
3 20 67
2 31 45
2 49 71
3 76 88
2 19 94
3 23 65
3 1 34
2 11 77