1000 761 1000
70 2
50 1
11 1
73 1
47 1
-9 2
39 1
61 1
76 1
33 1
21 2
22 2
64 2
34 1
57 1
39 1
57 1
59 2
19 2
10 2
35 1
50 2
26 2
57 1
69 1
53 2
24 1
75 2
22 2
44 2
25 1
31 2
9 1
53 1
38 2
80 2
25 1
26 2
61 2
7 1
70 2
71 2
31 2
71 1
21 2
80 2
49 1
76 2
20 2
69 2
46 2
71 2
2 2
69 2
79 1
29 1
52 2
71 2
32 1
65 2
60 1
59 1
33 2
74 2
60 2
2 2
34 2
39 1
21 2
21 2
38 2
51 1
44 2
69 1
47 1
14 2
33 2
72 2
18 2
7 2
65 2
12 2
43 2
23 2
72 2
76 1
64 1
22 1
49 1
43 1
52 2
78 2
19 2
57 2
77 2
14 2
48 1
78 2
2 1
35 2
19 1
76 2
13 2
58 1
27 1
69 1
33 1
12 1
1 2
6 1
8 2
23 2
75 1
68 1
3 1
22 2
8 2
52 2
1 1
42 2
45 1
28 2
43 1
51 1
79 1
66 1
1 2
71 2
37 1
35 2
75 2
26 1
2 1
33 1
43 2
68 2
29 1
70 1
6 2
54 2
59 1
57 1
68 1
68 2
16 2
30 2
40 1
2 2
79 1
42 1
69 1
72 2
34 1
48 2
50 2
61 2
65 1
48 2
60 2
28 2
58 2
15 2
24 1
60 1
38 1
61 2
52 2
49 1
78 1
48 1
3 2
6 2
63 2
52 2
22 2
60 1
69 2
48 1
40 1
43 1
34 2
37 1
28 2
76 2
69 1
74 1
77 2
15 2
67 2
72 2
24 1
3 1
59 1
63 1
58 1
80 1
69 1
11 1
56 2
43 2
37 1
12 1
10 1
16 1
11 2
51 2
5 1
35 1
58 2
41 1
75 2
73 1
21 1
1 2
33 2
31 2
47 1
34 1
2 1
15 2
67 2
73 2
75 2
11 2
3 1
57 1
6 1
46 2
68 1
48 1
43 1
32 2
53 1
35 1
49 1
42 1
49 1
79 2
37 1
6 1
46 1
23 2
20 1
65 2
52 2
6 1
63 2
41 1
71 2
3 1
73 1
27 1
36 2
3 1
63 2
78 2
41 1
25 2
57 1
26 2
66 1
47 2
2 1
66 1
73 2
49 2
25 2
34 1
76 2
46 2
49 2
38 1
54 1
61 2
72 2
6 1
49 2
23 1
64 1
57 1
51 2
44 2
51 2
79 1
4 2
24 2
26 2
19 1
60 2
17 2
18 1
5 2
56 1
1 2
59 1
35 2
66 2
19 2
19 1
80 2
6 1
27 2
19 2
5 1
4 1
48 2
47 1
70 1
66 2
40 2
76 2
11 2
56 1
75 1
22 2
44 1
18 2
77 1
29 1
15 1
56 2
6 2
50 1
36 2
26 1
70 2
48 2
66 2
17 1
50 2
13 1
71 1
45 1
53 1
26 1
35 2
1 2
60 2
37 2
11 1
61 2
54 2
66 1
6 2
11 1
46 1
8 2
11 1
62 2
1 2
52 1
27 1
19 2
59 2
70 2
21 1
58 2
35 2
55 2
12 2
68 1
76 2
7 2
69 1
24 1
17 1
3 2
58 1
70 2
17 1
21 2
70 1
14 1
63 1
59 2
24 2
51 2
60 2
35 2
59 2
67 1
26 1
34 2
54 2
14 2
35 2
22 1
5 1
79 2
78 2
55 1
30 2
70 2
57 1
22 1
19 2
51 2
2 1
47 2
26 2
38 1
1 1
69 1
74 1
70 2
69 1
10 1
71 2
7 2
33 2
4 1
51 2
73 2
3 1
42 2
60 2
14 2
80 2
47 1
21 2
21 1
42 2
25 2
76 2
8 2
23 2
20 1
28 1
49 2
27 1
80 1
60 2
9 1
48 2
23 1
12 2
67 2
35 1
78 1
76 2
52 2
74 2
58 2
61 1
23 2
25 2
54 1
64 1
67 1
35 2
64 1
9 1
6 1
64 2
34 1
22 1
31 2
69 2
31 1
56 2
1 2
24 2
22 1
60 2
52 2
40 1
45 1
36 2
13 2
50 1
60 2
51 2
7 1
37 2
76 2
2 2
51 2
19 2
68 2
28 1
23 2
68 2
3 2
46 2
7 1
75 2
78 1
62 2
56 1
73 1
75 1
47 2
5 1
54 1
30 2
59 2
12 2
1 1
6 1
74 2
71 1
25 1
15 1
25 1
28 1
24 1
22 2
20 2
64 1
58 2
74 2
51 1
67 2
45 1
53 1
38 2
55 2
43 2
63 1
62 1
28 1
49 2
36 1
3 1
8 2
66 2
46 2
8 2
36 1
42 1
28 2
16 2
5 1
20 1
61 2
3 2
8 1
53 1
38 1
6 2
14 2
24 2
71 1
26 2
48 1
64 1
33 2
40 2
41 2
28 2
49 1
65 1
54 1
17 2
4 2
76 2
80 2
26 1
47 1
2 2
2 1
52 1
25 1
6 1
23 1
43 1
53 2
71 1
27 2
71 2
10 2
67 2
32 1
18 1
43 2
26 2
28 1
52 1
41 1
55 2
56 1
8 1
28 1
47 1
56 1
62 1
1 1
55 2
20 2
78 2
62 1
2 2
23 2
21 2
40 1
35 1
47 2
6 1
27 2
57 2
30 1
61 1
46 1
17 2
25 2
1 1
61 1
61 1
58 1
17 2
9 2
56 2
72 1
61 1
10 1
42 2
62 2
80 1
6 2
45 1
54 2
43 2
67 2
63 2
16 1
51 2
23 1
47 1
80 2
61 1
63 2
11 1
46 1
45 1
4 1
68 2
39 2
12 2
65 1
23 1
57 2
50 1
67 2
76 1
10 1
64 2
29 1
34 1
18 2
4 1
52 1
66 2
51 1
11 2
78 1
57 2
37 2
19 1
46 1
9 1
14 2
72 1
72 2
12 2
12 2
47 1
23 2
77 1
75 2
8 2
50 1
2 2
63 2
75 2
25 1
12 2
15 1
49 2
42 2
20 2
71 2
23 2
58 1
80 2
24 2
47 1
52 1
50 1
21 1
26 2
52 1
69 1
51 2
46 1
12 1
48 1
41 2
49 1
49 1
60 2
43 1
45 1
71 1
4 2
43 2
78 2
62 1
65 1
62 1
22 1
65 2
41 1
56 2
41 1
59 2
13 1
1 2
62 2
21 1
37 1
21 1
40 1
61 2
57 2
17 1
79 1
72 1
11 1
25 1
53 2
41 2
1 1
43 1
8 2
4 2
45 2
69 1
58 1
11 1
62 1
21 1
73 2
43 2
54 2
17 1
74 2
78 2
19 1
60 2
44 2
56 1
26 2
25 2
7 2
37 2
38 1
80 1
53 1
32 1
21 1
60 2
21 2
56 1
31 2
2 2
4 2
29 1
15 1
21 2
35 2
30 2
78 2
28 2
42 1
76 1
20 2
4 1
54 2
12 1
58 1
50 1
10 1
45 1
42 2
52 1
10 1
53 1
73 1
13 2
42 1
30 1
15 1
25 1
61 2
9 2
42 2
67 1
17 2
52 2
43 1
8 2
24 1
72 1
61 1
32 1
20 1
34 2
44 1
78 1
28 1
24 2
2 1
3 2
73 1
30 1
66 1
32 1
69 1
53 2
30 1
53 2
52 2
45 1
28 2
57 1
7 2
13 2
71 2
54 1
55 2
45 1
63 2
11 2
19 2
77 1
54 1
21 2
55 2
12 2
80 1
59 1
22 2
30 1
57 1
80 2
64 2
32 2
23 1
19 2
3 1
62 1
37 2
51 1
15 2
65 2
16 2
9 2
30 2
41 1
35 2
69 2
14 2
17 1
42 1
12 1
25 2
39 2
72 1
64 1
21 2
10 2
8 2
15 1
4 2
17 1
42 2
37 2
21 2
35 1
2 2
25 1
79 1
12 2
42 1
9 2
5 2
8 1
52 1
55 2
65 1
44 2
79 2
59 1
72 1
36 2
70 1
56 1
23 2
40 1
71 2
63 1
29 1
41 2
47 1
24 2
72 2
13 2
25 2
58 2
21 2
59 2
64 2
11 1
49 2
59 1
27 1
25 1
7 1
54 2
2 1
54 1
54 1
76 1
36 2
14 2
9 2
35 2
62 1
29 1
34 1
41 1
28 2
40 1
43 2
26 1
17 2
23 1
33 1
66 2
50 2
15 1
24 1
26 2
13 1
41 2
77 2
45 2
7 2
63 1
73 2
13 2
79 2
44 1
1 2
22 2
34 1
56 1
25 2
52 2
33 1
45 1
25 2
33 2
24 1
69 1
77 1
27 1
2 2
46 2
66 1
49 1
40 1
2 2
43 2
80 1
79 1
41 1
56 2
3 1
11 2
15 1
30 1
78 2
14 2
61 1
62 2
17 1
59 2
53 2
51 1
71 2
60 2
41 2
74 1
55 1
28 1
32 1
9 2
19 1
19 1
32 1
88 2
85 1
53 2
70 2
64 2
78 1
28 2
11 2
58 1
58 2
99 1
72 2
20 2
68 1
62 2
24 1
26 1
97 2
25 1
32 2
97 2
21 1
57 2
29 2
76 2
11 2
27 2
46 1
63 1
63 2
96 2
76 2
58 2
43 2
10 1
23 2
65 2
42 2
21 1
17 2
78 1
53 1
34 2
44 2
78 1
71 2
51 2
27 2
34 1
2 2
85 1
45 1
59 2
26 2
44 2
44 2
20 1
95 2
30 2
36 1
30 2
82 1
13 2
37 1
76 1
62 2
78 1
22 1
52 2
69 1
3 2
94 1
61 2
84 1
44 1
61 2
8 1
66 2
79 1
74 2
43 1
50 1
72 1
33 2
83 1
78 1
32 2
20 2
20 2
22 1
59 1
83 1
90 2
61 1
62 1
12 1
48 1
68 2
74 1
47 2
86 1
60 2
46 2
40 2
26 1
88 1
32 1
87 1
29 1
40 2
44 2
95 1
20 1
6 2
97 1
96 1
63 2
70 1
39 1
28 1
2 2
75 1
98 2
12 1
53 1
22 1
18 1
21 2
8 1
80 2
91 1
1 2
53 2
75 1
46 2
12 1
20 1
9 2
74 2
18 1
72 1
45 2
33 1
60 2
67 1
32 2
14 2
46 1
17 1
44 1
13 2
55 1
40 2
11 1
83 2
11 1
45 2
82 1
94 2
79 2
53 2
3 1
100 2
52 1
36 1
92 2
6 1
77 1
36 2
63 1
42 1
7 2
37 2
10 1
93 1
9 1
82 1
55 1
66 2
25 2
87 2
45 1
93 1
96 2
11 2
94 2
20 2
2 1
46 2
34 1
65 1
25 1
17 1
76 1
84 2
70 1
27 2
17 1
28 1
97 1
60 1
69 1
46 1
98 1
53 1
85 1
17 2
14 2
42 2
41 2
20 2
58 2
10 1
74 2
80 1
86 2
37 2
86 1
2 1
46 2
69 2
24 1
35 1
43 2
25 2
100 1
20 2
32 1
99 2
18 2
87 2
20 2
64 2
54 1
70 1
89 1
24 2
37 2
35 1
16 1
88 1
9 1
97 1
85 1
9 1
99 2
79 1
100 2
81 2
67 2
44 2
79 2
42 1
36 1
7 2
65 2
21 2
56 2
82 1
70 2
100 2
80 1
14 1
62 2
60 1
45 1
94 1
52 2
8 2
91 1
84 1
45 2
100 2
11 2
55 1
23 1
2 1
53 2
17 2
100 1
39 2
33 2
39 1
97 2
31 1
26 2
52 1
64 1
97 1
60 1
5 1
98 2
73 1
24 1
97 2
76 2
7 1
4 1
26 2
15 2
48 2
7 1
13 2
64 2
52 1
74 2
82 2
29 1
75 2
40 2
74 1
79 1
81 1
58 2
92 2
27 1
79 2
17 1
40 2
66 1
56 1
14 2
37 2
41 1
8 1
72 1
84 2
93 2
49 1
82 1
92 2
83 1
56 2
70 1
17 1
64 1
4 1
44 1
8 2
30 1
14 2
54 1
85 2
44 2
11 1
57 1
28 2
26 1
81 1
2 1
72 1
67 2
87 1
1 2
88 1
3 2
94 1
64 1
28 2
81 2
64 2
94 2
20 1
32 2
72 1
87 1
25 1
88 2
18 2
26 2
13 2
13 2
76 1
55 2
9 1
46 1
10 2
90 2
25 2
92 2
64 1
61 2
36 2
20 1
32 1
99 2
46 1
34 1
6 1
4 1
87 1
67 1
34 1
96 1
19 1
89 1
63 1
11 2
76 2
100 1
77 1
97 2
17 1
16 2
71 2
42 2
54 1
74 2
51 2
41 2
73 2
49 2
91 1
76 2
61 2
72 1
71 2
49 2
24 2
44 1
65 1
16 1
34 2
93 1
19 2
50 1
61 1
13 2
95 1
85 1
32 2
80 2
33 1
87 1
51 1
1 1
24 1
51 1
48 2
8 2
45 1
50 1
21 2
11 2
97 2
36 1
2 1
13 2
21 1
5 1
95 2
87 1
80 1
79 2
17 1
18 1
95 1
7 1
37 2
3 1
91 1
11 1
98 2
95 2
6 1
45 2
91 2
56 1
16 2
53 1
82 2
91 2
37 2
69 2
89 1
20 1
60 1
77 2
68 2
54 1
75 1
92 2
52 1
21 2
20 1
100 1
18 2
3 1
88 2
51 2
56 2
82 1
5 2
84 2
93 1
25 1
24 2
57 1
62 2
60 1
34 2
48 1
49 2
31 2
4 2
15 1
15 2
86 2
12 2
68 2
50 2
80 2
54 1
27 2
19 2
29 1
1 2
23 1
63 2
77 1
3 2
64 2
64 2
97 2
98 1
96 1
13 2
11 2
87 2
47 1
60 1
3 1
74 1
70 2
1 1
45 1
51 2
94 1
85 1
43 1
59 2
32 1
77 1
28 2
39 2
84 1
40 2
87 2
56 2
92 2
99 2
26 1
16 2
51 2
78 2
82 1
69 2
10 2
90 1
74 2
57 1
78 1
49 2
67 2
90 2
65 2
25 2
43 1
56 2
18 1
51 1
11 2
29 2
41 2
91 1
58 2
97 2
87 1
48 2
97 1
72 2
42 1
37 1
55 2
10 2
95 1
72 1
61 1
96 1
42 2
56 1
39 2
33 1
73 2
70 2
39 2
27 1
65 1
89 1
88 1
97 1
89 2
35 1
78 2
80 2
31 1
83 1
18 2
79 1
14 1
92 1
78 1
52 2
34 1
64 2
83 1
94 2
33 1
38 1
9 2
71 2
78 2
98 2
16 1
64 1
17 2
7 1
19 1
86 2
97 1
10 2
43 1
90 1
21 1
99 1
27 2
54 1
11 1
63 2
79 1
12 1
63 2
49 2
81 1
82 1
19 1
97 2
94 1
86 2
56 1
91 2
90 2
29 2
9 2
56 2
92 1
83 1
93 2
83 1
23 1
22 2
43 1
92 1
21 1
64 2
59 2
91 1
58 2
92 1
25 2
80 2
17 2
73 2
63 2
33 1
67 1
49 2
5 2
47 1
81 1
37 2
91 1
33 1
5 1
62 1
29 2
15 1
25 2
45 1
6 2
33 1
2 2
30 2
17 2
14 1
22 2
58 2
84 1
69 2
100 1
64 2
13 2
90 2
32 1
3 2
91 1
32 2
100 1
4 2
21 2
10 1
97 2
61 1
69 1
60 1
99 2
38 2
1 2
33 1
39 2
23 1
24 2
32 2
91 1
18 1
78 2
95 1
71 1
30 1
11 1
95 1
9 1
38 1
83 2
22 2
13 1
12 2
76 1
37 2
77 2
1 2
73 1
14 2
11 2
56 2
24 2
95 2
86 1
36 1
79 2
54 1
57 2
58 1
8 2
13 2
59 2
58 1
68 2
37 1
68 1
88 2
49 1
31 1
75 1
84 1
58 1
42 2
61 1
25 1
48 2
23 1
7 2
51 1
98 1
100 2
15 1
37 1
8 2
52 2
48 1
97 1
51 1
13 2
52 2
68 2
1 1
91 2
87 1
1 1
99 2
39 1
38 2
83 1
51 1
44 1
18 2
64 2
6 1
67 2
10 2
94 1
99 2
99 1
8 2
32 1
94 1
34 1
80 1
11 1
70 2
21 2
72 2
31 2
59 2
7 2
35 2
18 2
60 1
71 1
44 2
5 1
64 2
60 2
25 1
53 2
43 1
62 1
4 1
17 1
21 2
40 2
29 2
79 2
75 2
86 1
24 1
15 1
28 2
75 2
48 2
63 1
81 2
87 1
93 1
37 1
72 1
7 2
7 1
71 1
8 1
66 2
90 1
59 1
81 1
8 1
49 2
57 2
84 2
37 2
16 1
44 1
1 1
48 2
40 2
9 1
98 2
21 2
70 1
36 2
67 1
11 1
7 2
83 1
4 1
17 1
56 1
58 2
98 1
98 2
44 2
91 2
39 2
85 1
16 2
77 1
27 1
35 2
70 1
57 2
55 1
87 2
4 2
86 1
90 1
42 1
64 2
25 2
11 1
89 1
30 1
56 1
82 2
24 1
34 1
24 2
95 1
95 1
63 2
5 2
11 1
36 2
96 1
31 2
77 2
26 1
45 2
53 2
52 1
86 2
56 1
76 1
4 2
86 1
52 2
88 2
51 1
19 2
98 1
78 2
17 2
73 1
17 1
22 2
98 1
72 2
27 2
78 2
70 1
89 1
22 2
22 1
20 1
69 2
71 2
38 1
51 1
64 1
3 1
21 1
76 2
36 2
75 2
21 2
63 2
74 1
87 1
22 1
26 2
14 1
62 2
86 1
79 2
44 2
30 1
86 1
25 1
54 2
47 1
87 2
94 2
99 1
88 2
49 2
2 1
68 1
27 1
85 2
12 2
40 1
64 2
91 2
77 1
1 2
22 2
3 2
80 1
49 1
8 1
53 1
32 1
24 2
77 1
88 1
78 2
100 1
14 1
12 1
83 2
62 1
29 1
62 2
88 1
25 1
94 1
75 1
79 2
61 2
67 1
81 1
65 1
2 1
86 1
47 1
3 2
67 2
25 2
55 1
8 2
56 1
70 1
59 2
87 1
81 2
71 1
39 1
38 1
82 2
3 2
41 2
2 2
36 1
25 2
61 2
99 1
94 2
12 2
55 1
15 2
9 1
7 1
49 1
99 2
56 2
89 2
72 1
4 1
36 1
39 1
4 2
11 2
88 2
10 1
94 2
59 1
40 1
30 2
27 2
67 2
88 2
84 1
32 2
88 1
90 1
63 1
54 2
17 2
64 2
37 2
7 2
67 1
40 2
74 1
87 2
58 1
75 2
64 1
54 1
23 2
95 1
84 2
75 2
48 1
91 2
53 2
8 1
4 2
22 1
72 2
36 1
26 2
38 2
45 1
35 1
49 2
28 1
16 2
26 2
56 2
95 1
46 2
3 2
43 2
62 2
91 2
84 2
50 1
13 2
93 2
18 1
81 2
98 2
36 2
59 2
9 1
55 1
29 2
6 2
38 1
66 2
50 1
91 2
39 2
70 2
55 1
1 1
98 1
7 1
98 2
86 2
53 2
49 2
73 2
64 2
72 1
16 1
97 1
56 2
75 2
24 1
41 1
70 2
61 2
83 1
14 2
10 2
75 2
61 2
9 1
55 2
10 1
16 1
44 2
99 1
71 1
85 2
47 2
59 2
37 1
91 2
80 1
33 1
58 1
80 1
77 1
37 1
26 2
68 2
38 2
44 2
94 2
1 2
72 1
47 1
86 1
59 2
81 2
90 1
88 2
29 2
59 1
51 2
44 1
2 2
59 1
89 2
29 1
87 1
82 2
84 2
92 2
78 2
36 2
24 2
46 1
16 2
29 2
41 1
85 2
62 1
21 2
87 2
53 1
59 2
48 1
25 1
85 2
8 1
3 2
86 2
94 2
23 2
97 1
65 2
48 2
37 2
58 2
18 1
52 2
74 2
61 1
23 2
16 1
34 2
33 2
19 2
27 1
87 1
73 1
10 2
18 1
44 1
29 1
98 2
19 1
87 2
35 1
87 1
78 2
79 2
65 1
79 1
24 1
33 2
52 2
21 2
90 1
99 2
97 1
81 1
16 1
62 2
25 1
18 1
20 1
3 2
66 1
100 2
3 1
55 2
50 1
54 1
95 2
46 1
98 2
99 1
50 2
34 2
75 1
66 2
95 1
90 2
10 2
60 2
85 2
74 1
49 1
43 1
49 1
96 2
7 1
83 1
21 2
75 2
75 2
38 1
95 1
61 1
44 2
86 1
47 2
63 2
64 2
6 1
78 2
19 1
23 1
25 2
16 2
50 1
91 1
64 1
76 2
27 2
13 2
44 2
36 1
42 1
31 2
70 1
96 2
81 1
25 2
76 2
96 1
52 1
38 1
76 1
42 2
4 1
29 1
96 2
29 2
69 2
80 1
17 2
69 1
1 1
61 2
11 1
38 1
43 2
78 2
45 2
48 1
59 1
40 1
20 2
2 2
76 2
69 1
48 2
72 2
42 2
90 2
96 1
46 2
43 2
72 2
63 2
59 1
77 1
9 2
49 2
21 1
69 1
14 1
7 2
43 2
19 2
71 1
12 1
96 2
71 2
31 2
68 2
32 1
65 2
81 1
57 2
61 2
49 2
46 1
7 1
72 1
23 2
72 1
5 1
54 1
15 1
3 1
5 1
51 2
83 1
95 2
7 2
80 2
93 2
74 2
98 2
83 2
11 1
85 2
63 2
18 2
63 1
69 1
43 2
38 2
48 2
48 1
35 2
8 2
72 1
75 2
26 2
85 2
59 2
35 1
86 2
56 2
46 2
16 1
56 1
56 1
47 1
75 2
8 2
33 1
31 2
56 1
95 1
92 1
94 1
83 1
21 2
18 1
38 1
13 1
60 2
45 2
88 2
20 1
42 2
76 1
33 1
14 2
34 2
41 1
20 1
57 2
43 2
23 2
18 2
50 1
21 2
78 2
14 2
29 2
2 1
100 1
47 1
31 2
26 2
40 1
18 1
10 1
84 2
62 2
39 1
86 1
59 1
85 1
1 1
17 1
55 1
46 1
75 1
65 2
65 1
4 2
90 2
93 1
78 1
49 1
87 1
45 2
40 1
87 2
5 1
6 1
9 1
20 1
22 1
79 2
83 2
42 2
17 1
99 2
100 1
99 2
2 2
93 1
69 2
70 1
86 2
59 2
8 1
50 1
94 2
83 2
45 1
35 1
16 2
46 2
61 2
47 1
43 2
1 2
85 1
63 1
23 1
60 2
23 2
71 2
83 1
72 1
34 1
37 2
57 1
39 1
1 2
9 1
3 1
10 2
92 2
67 1
24 2
15 2
51 2
83 2
30 1
63 2
65 2
75 2
57 2
23 1
23 1
70 2
95 1
46 1
94 1
80 1
18 1
61 1
4 2
84 2
24 1
55 2
88 2
35 1
60 1
3 1
4 1
87 2
41 2
31 1
84 2
14 1
94 1
47 2
61 1
22 2
52 1
87 1
22 1
37 1
97 2
43 2
38 1
19 2
31 1
81 2
21 1
91 1
21 2
79 1
27 2
4 2
41 2
10 1
57 1
25 1
59 1
34 2
62 2
9 1
83 1
69 1
81 1
87 2
64 2
93 2
50 2
70 2
32 1
58 1
39 2
12 2
55 1
44 1
87 2
70 1
83 2
84 1
29 1
65 2
87 2
77 2
19 2
66 1
76 2
20 1
34 1
19 1
22 2
38 2
12 1
60 1
67 1
87 1
61 1
75 1
69 1
54 1
62 2
66 1
26 1
58 1
1 2
12 2
10 1
82 1
10 2
93 1
32 2
41 2
1 1
20 2
61 2
64 2
46 1
53 2
97 2
2 1
9 2
14 2
34 2
23 1
4 1
55 1
18 2
30 1
57 1
73 1
15 1
98 1
83 2
39 1
20 1
92 1
60 2
30 1
30 2
67 1
89 2
11 1
82 1
55 2
15 2
56 1
51 2
33 2
43 2
85 1
74 2
90 1
24 1
99 1
83 2
55 2
25 1
68 2
7 2
25 1
85 2
32 1
33 1
24 1
25 1
40 1
96 1
71 1
37 1
67 2
92 2
57 1
73 1
65 2
90 2
77 1
37 2
16 2
26 2
37 2
7 1
89 1
82 1
94 1
18 1
19 2
98 1
68 1
53 2
43 1
60 2
54 2
46 2
11 2
31 2
50 2
45 1
27 2
25 2
22 1
99 2
50 2
1 2
73 1
4 2
68 2
48 1
100 1
28 2
13 1
12 2
58 2
89 2
89 1
80 1
36 2
81 1
36 1
2 2
51 1
49 2
97 1
33 1
68 2
93 2
50 1
21 1
95 2
94 1
33 1
58 1
1 1
30 2
99 2
8 1
31 2
