815979044
999953862
621465044
424451827
286874751
979540438
999875885
99097736
999968901
766785843
604559724
999953124
519931437
999925196
999938906
633211924
685973901
213633034
332181747
119312499
38488612
999803719
999999850
372100505
302791426
999882266
766283317
999994765
883637004
282663611
999965036
655305359
867272140
85730806
190874938
999771836
999982986
820932379
85651956
633799122
893338520
886467405
999885410
999844278
405633681
116686256
999873522
79377762
999941349
999947921
361503848
999944582
549870988
944449126
999925131
999946758
999993538
381186829
999898930
309089120
999890600
999996970
999904583
638293052
999999632
496319927
550438056
999959848
594307150
999940599
741886449
381840564
381867554
999973666
196642287
594293776
64951334
381290721
999919432
395559653
679224386
999965598
999961093
999988493
999991393
999964439
294306175
999964416
999954175
999980951
348759423
987958999
396234062
999916667
71666730
58695828
374073977
428110817
999808639
533165312
741919375
681132655
999942641
999933407
999897603
73967031
999953698
325561086
999878918
608360992
282463289
999994191
790162203
999539622
274416489
164479257
999970292
370892141
999897352
774509621
999877311
109705291
462021512
999865696
480532662
999903862
999940203
318177828
999958441
437469783
199838373
999939507
946934214
999972366
165476561
415200749
872881634
736590475
167151044
67626081
625286606
793244982
638175102
999923020
900969901
83126840
480830429
788858258
525008783
852977282
302720981
489824981
500822918
803309499
325632929
999958796
999990216
942137244
734896847
737525859
43864323
851827280
703918703
999920829
570205620
519794316
999958618
97409601
358554673
999844151
439171417
999903427
999935729
137229736
893794872
999913423
999849997
352188568
999991211
936052302
568104954
999935305
456602124
999996990
542327008
340324266
531769704
999924775
999993590
383983896
180752172
795067082
213637182
999824996
123986693
418949395
999954978
999905669
426081731
922156795
574391749
999819042
364421191
140005907
999938050
999907139
999992519
870133665
50177476
816938866
329513197
801283748
844675537
685444308
668651204
999984812
142970612
999880923
528251867
704866003
159927075
436775680
105631160
707058565
674099665
325571850
999987205
999963982
999913330
91573585
92245782
454190170
37429005
999909881
896695366
763622860
478598142
999872629
999985974
297584645
999937266
955147007
238730723
882285951
787563047
569991253
417099483
516384692
999958488
999904094
510885267
312069761
663791052
524033982
550700779
999930079
559239297
794241032
888975093
469465839
163503481
156811637
26600172
905135742
883270936
882447142
999924715
728455996
666335646
201189640
547816047
467203003
546108348
85715875
118029662
999929356
353458348
9029863
104746652
310046606
999983502
439126474
565356950
252800812
855083652
945032656
811983552
999995970
60563767
999996626
887328496
981023739
227772222
348107426
999976592
357892032
147073246
999900645
999807849
999924586
999945581
999850777
723786394
999973016
999993672
999919907
999996773
370972739
999932115
999886106
999988924
371380949
45721156
999881738
999962195
779737787
999798454
556373337
307952194
999936205
505535917
80252772
999876683
197511751
29657671
999883187
999925511
620303864
495643460
515034891
999987496
999816966
999992494
429500322
999986127
999945312
999793578
823052802
689911132
999898686
514840470
501273239
931806580
214754774
322284211
999871608
703530447
692802960
391219682
999979474
95759881
999838589
999917302
230854388
160569292
999983168
999981615
999918710
788628575
999932498
844344653
946948082
372196725
13631807
310726499
999962065
957292435
277303667
232964319
372174038
999923321
999878246
999993839
999941368
637448191
786729601
489420018
661550700
999944784
236191366
362168063
350672656
312601529
144667479
420282182
826730761
437328716
794231771
971868749
999991377
439147959
999867446
420352422
968875106
999993198
999993714
911500776
748071253
728075641
999978617
822622821
579137120
780890971
72982817
232940571
999795432
150468084
999920254
999931279
759579701
999956128
999977433
999922799
23045290
893841950
999907407
370549632
999911344
999921747
40075160
999995685
236058010
387947684
361699511
573361260
999833464
963244267
580553351
656378385
649581939
999851975
999980682
999942149
999963818
90989104
247780761
176288157
209055423
242269709
999888409
999846807
999922428
342973947
999957579
168393955
202408606
896502759
615436437
999971106
999959469
261140836
999928356
843851121
728344188
124911157
999828604
999998275
984321398
50252908
999827974
999975650
447645160
352614388
849184240
922249809
999974032
999929033
396517865
999864421
999824450
302703373
576925198
477427260
10270595
278979590
698798536
909552027
655329525
239200574
831809952
999984648
239291270
559067507
999991039
999912440
999994813
999847075
250460818
786736595
999941726
516327766
999803459
146925502
946942682
352418378
999990119
510592783
999898597
999823485
427615766
999786702
625097623
324458253
999853367
999931811
904526612
984736920
542783143
366447624
999981871
536765076
832221340
935453056
526157392
633124178
607029812
999895883
999995956
999952123
66590378
999818641
999877623
999946342
768274278
629434422
706526589
40316809
882400414
101563926
887454442
424180533
578503463
999880798
396954080
140532582
999995297
999903121
832172272
999960625
654391872
561149045
471803241
298982273
632977100
721173268
493362947
999983799
308875325
412742313
110373019
999980472
839287493
908362237
999859516
433505754
999973771
532678419
17266858
752060674
71433260
307072614
999993968
999882475
999903055
999954194
454875806
999904142
999888967
999954111
177311538
999937246
999955414
846761696
999996932
67683273
538182369
496403497
968853678
999987534
999974498
999876749
662019739
882353921
999980390
999925992
693412951
585908263
578398692
627576199
287855054
999853595
999899229
542674495
220729031
97452017
76258874
848611351
1301294
999816764
51126097
443478909
90400711
578309642
999985213
999967240
900955328
999943663
397066086
88553221
794933639
999914740
91619893
170012960
999960628
999980215
999999967
999921571
927816270
999988189
999927371
199848857
999881747
999889384
417662839
999977920
523374885
216822880
21513996
999998211
236423072
181398629
999953667
707126018
931915842
999963340
892947194
306290220
659067014
999919958
345376089
999863283
999781988
999818075
880342554
999985168
999897880
999994773
489406094
702929560
999982388
788919842
371561951
999814791
999932370
856525890
261266612
548968269
907375943
999915874
999938997
230692514
999944927
999956853
198217389
638272072
836967200
999971420
315542314
98418577
999976164
81734711
999919437
999942171
999992109
999983932
999846699
999938005
999972145
106853889
443342578
999995754
859188893
849934223
844685842
675097591
199673727
682342448
999868313
530224860
999990382
103486127
999850484
525200228
240202949
999949955
999990558
999895325
844393859
243667648
780793299
693943617
214802250
11381202
999944040
340538311
999997658
837328598
291143949
274260407
2358431
441953714
999977946
999909466
577710597
999984457
999975757
242952886
658497093
700674007
113378515
638090325
568560404
941526902
219837197
414556694
179920952
999926195
972958536
999884682
6441207
506935373
616391618
712056805
177846623
710516986
496184419
575838730
999945448
847997527
999977366
341013731
999984179
999995956
999890327
999930543
142849084
581664071
999850427
999982858
999873219
999941084
459757891
999910672
746239402
999913764
443473574
945672509
999935860
168829446
999984399
999977948
79879862
296875769
999836609
418290249
999990702
240854369
999865510
819745186
242399468
924390224
627732660
999901383
226616226
557083488
945933891
530751364
906905432
64933727
957529046
689170902
332814217
5282684
999988853
255730910
999815371
691933167
942372223
999861211
999872042
88571338
999903254
999922060
653434762
999869655
506838335
999955283
11233940
999993496
368561489
710396002
999881111
999956874
696674649
6005911
999948518
999915196
999997203
656147430
999999007
999799268
999990869
839182715
999912036
986683665
553366018
999850020
66679712
918203775
999964978
999960316
594754682
255778264
999974522
169688520
999989256
889732412
744093455
275980452
479378379
217779353
165622519
999962396
999893528
991643398
686962812
294844161
999856033
999981170
999983287
999990546
724694679
240139287
323758608
805913083
240767096
79402031
999942500
999942580
151569715
942808911
999940812
999999550
999860108
838156596
999869147
267985167
999942053
590100667
999986802
771207424
123044588
679005727
674043445
376059250
443283575
999999797
775798948
999908571
999809580
621967481
399779157
999906668
519936694
557122740
421443990
999990880
999941053
632048508
3179934
2615098
719712996
999882009
329096400
999964801
942698216
999988379
668580942
999932893
642066288
735628992
160710211
999924331
124146991
303044508
974446908
999900056
358893
999899466
100515743
514926745
214101344
916384476
999852526
198109736
672132360
970541441
999905889
360815169
999935322
64985071
638585463
440021806
999993208
935228197
842837424
7592499
473874747
7563577
999801701
696219890
136311696
999958247
999832748
999983491
999885100
999912581
999992696
949953505
389572467
628071231
473916406
999895073
430365568
999877561
512920780
248115281
728049003
999995162
765820066
999911414
999869092
907848586
999961695
829890878
999947837
999993746
308970016
999994097
999966111
533466955
421416867
999855282
174825198
366573768
999880429
999885248
639733497
23325917
369682483
999979821
999935394
759585225
844848165
912521121
7774955
810463319
583733308
683870719
662655371
999993332
999842488
17201734
427446441
999972617
999993262
776655918
440726825
833049828
436431282
999990919
489190569
50239235
999993950
999873173
658897912
269041680
824571404
999992100
999994849
999962205
757383332
118415341
999911986
902464914
172146640
202971803
771232922
217743817
999970166
7123398
999910149
603236015
180084562
999990795
161340573
840406418
338700652
204510520
570247750
154588232
663605894
999895857
885631773
321438179
399858592
999905216
402943706
725335216
999941216
242342481
961172043
95881129
163009603
195039776
573755550
999949625
318102270
961054471
641972174
999822932
421280021
536991934
18598183
963136853
999995670
999906595
490047079
412249438
999981417
999935088
371535217
209208473
746127446
581890782
999805813
697188287
36641039
318327183
521211827
999850663
946707802
939205229
540042733
957296777
999975106
131197255
391930813
999980135
999919452
383654777
147129280
42844737
999936203
999926454
99802931
601971816
437965761
571957647
999945718
58753918
428646196
999988459
747442097
871239275
950804215
999891318
65682863
99855920
361318072
999982207
999904607
999917519
722811931
999988255
999939743
449318398
999962942
999957721
741453356
35544065
557846951
594557276
170311862
999834912
999976459
999848817
703856425
253271610
808208204
999891375
999919614
999967764
233147625
999908811
23299043
999942886
999884586
292133186
197925717
538072880
95382625
573630670
355280966
999974445
999993227
774116505
309163358
285208510
824582462
999843812
662620353
999905980
999938051
161368131
497473966
480567568
999936930
999976457
882415444
168418560
999837223
846665834
439661392
108896923
960571525
675247402
999939891
710440322
999822427
999969214
984396072
999937871
967907864
550318904
453464478
999946206
377504001
999963995
17812603
603900744
173670537
275316101
999832115
220572735
242879297
999910567
469289665
482048772
770938437
89868878
413664989
915788828
999923426
999993024
999947894
308125640
999939997
999998739
819275735
910962926
999932313
851552023
665994764
10846078
528691007
999904709
999812821
999836386
884609278
999970370
778157520
401979372
999980499
999986445
999831871
240353701
285815871
780597718
999866319
206680188
595377773
999999309
55363175
525086381
999826667
85920941
315638000
867670970
999980146
200839417
646015482
999926939
613881774
409527048
901658993
999989067
999983433
803734645
757372054
878682635
50479098
571484210
60197965
201341508
676083815
416028041
843135828
734660194
424007139
999998657
999961077
999881601
999956786
919502365
999949360
999993667
999914812
522424470
633921374
999950828
681277755
999925633
95395073
999935119
999938446
999994905
760193468
999933769
297044509
29785510
999993067
301849080
862929835
876704772
999968815
999959305
999869409
999978441
535712581
957316329
531102143
495187502
725310471
999953120
221687176
466454264
77428372
710499031
999907867
512706522
231865411
999979111
658024186
78257410
223786139
999994384
999934785
999968390
999927776
492311074
999818581
931904826
999973375
496422865
452219814
827557840
432012503
999958956
821098154
605114969
999983866
663764954
762102728
676006691
438278760
332872896
999819775
999957683
483697174
462127782
804091861
694503493
837854291
999916158
346425719
594325108
961717601
853307400
566801974
851666713
603917814
542730957
303026148
999988196
1132151
194900203
588654063
999883345
931477470
264568349
449876926
999962062
496164041
734507953
999966712
999928496
999984047
73853219
999954534
892593041
860748958
648860293
999882455
927824366
381781088
556707046
240180961
999865567
219900088
889800202
999994315
233269446
999999842
265059273
878716176
999966654
99020130
999925432
928066236
999986549
999958290
358376791
999835014
430242952
176199380
288329461
999796548
999822950
999931378
191951099
110169424
999947674
240489089
480559666
999912740
999900779
849146091
789171573
883936778
73034731
999980777
931930423
970619409
999853637
893376143
715155813
160350188
853143556
999914677
999959669
999830474
819344179
999864573
882482872
999942758
697340182
111907695
999982705
999978552
345960991
688590263
318946692
296417482
235813096
999890104
999979794
734537461
295005150
999916105
999781446
999947884
842641968
999877234
608291552
725351087
651339935
526118786
874565137
839145298
999991512
999967410
913687671
392502496
372337276
302675827
805417178
999880119
269885064
686060821
999953313
689921918
958418654
151999928
286682040
503858286
148794453
82841867
999877511
678295816
999989572
182489794
999918903
999859189
999878270
201548518
999880175
584374276
999882382
999993254
483272289
999996377
999965722
910803629
303356547
969579661
999966837
999998887
794356739
999920409
151759595
633807740
741504638
999916804
999927767
480669420
999918928
207514392
780068788
999992193
316271517
999987753
377096594
938277163
999954679
999985355
884911353
999901562
55432103
390368035
999847998
999941291
752502341
346224636
999994528
826581367
695579274
999948588
475498417
565131993
396346661
864033235
63676311
606901470
728399654
999899957
342989881
999910149
496127328
895308051
893300598
699972512
999900214
171323823
999987021
986952444
999907067
999937742
2840120
204757304
999951989
360198040
999994981
600787872
290904657
649377263
785458278
999822353
999840651
999853409
849149221
761849474
571868330
556219081
352339928
999999830
303060980
999917053
115692681
999988332
860292378
60093681
999981620
999893129
957321313
368189120
999947230
264891466
999974845
302720650
144880334
999998147
105887359
65713607
999882123
999982132
942432225
999990895
87913395
999989202
424670313
999976142
544957104
813060953
141290182
999957504
458157787
441800320
957493407
885771943
999998404
569336742
407981695
547808498
370693316
109876753
999966156
756622937
583642827
999913281
999936655
999962778
160575998
883910697
325821747
487214693
999981913
578238601
874903180
999922249
999988209
421224403
818632499
999898545
560424606
918688289
662855293
999946003
999999714
999916632
101636964
964316181
387660412
649147639
999998207
999997198
999994410
388438248
999888608
990374508
999902394
832913070
863754239
915794574
370597866
239166630
999950719
999812350
999950431
133329046
999839560
403939890
893769050
999781711
677522299
125562773
743401939
623177355
120259907
999859898
999995731
999953765
999970830
428002213
999999830
999878008
280413246
679104564
87527258
999960350
693826820
965646117
605422409
634457292
999970539
999973060
999943865
999938965
362097759
575485923
378292677
999834553
999886318
999818575
386668589
835325658
727254422
46679930
20621814
265931617
492377566
855331754
999973177
196538903
999916424
855299780
999984734
999816171
999952196
999944178
21047128
629570746
999970441
468710354
757568363
999940611
289065403
853029224
999985687
999963063
999940764
302577474
117601403
999936849
731876443
238791350
999944648
984927358
999896041
999947677
999904052
999998160
999949155
999976953
890481842
999942092
999945694
999980435
477600542
120447123
999942048
327739167
239214094
999977154
353506696
291614906
25827785
370634723
999974701
999901363
759178245
106734647
999769585
310721985
999919085
709912294
999998306
999886445
999942874
552815050
231518076
999812845
999912971
999999145
999992211
999923080
999986726
999909239
347168509
708157580
999939276
210367099
999984879
154434323
589594176
999941842
999949507
974002807
999965874
618146464
999977025
999941696
482659310
999956446
999932586
39828475
82563657
514947786
999950385
999952670
663728158
879807284
529286775
627624612
999898952
371395601
334778186
999926791
999798410
999968608
255366760
695992324
999793862
701623218
999955314
5
779650350
999965932
999985143
999919069
999950865
999937456
999924540
586662807
55138316
542700821
999818450
25745564
372043002
999895189
941164754
999966050
99926832
205148018
236923434
824261240
305891019
122872336
97492729
999934747
999892202
946732036
435485755
268799631
188443886
999982005
972269984
999822047
546049238
999926511
120136880
236502798
999968367
171267536
341286990
999953752
340398951
571944131
999858842
804556179
999985234
213617364
926413744
331336149
614130878
641280336
980620282
605653318
999955998
221661660
582315008
43979827
199232705
792508113
853139287
451849377
999926066
999985979
999981104
999922277
75161873
999944087
999917099
572645785
999986196
999981836
547914990
890019441
71322735
414351138
788749153
268937644
999831242
999957554
999963057
771586982
450140941
830341728
227861845
815661115
263056506
75914112
106737947
130892225
825501671
999988442
916626765
95702329
999867708
679239188
590252295
999924203
256469453
999907068
163198452
999933319
696778594
5397654
171123173
383314463
106842855
999950068
999909784
999953027
999997723
484964585
457929274
771376555
999973465
751946316
316057197
945882381
999864532
740307207
499404048
692781361
999970834
999899199
351850688
999996202
999971270
236919616
57356304
448489481
363416803
999995871
219637403
999939901
875945343
999870054
331226323
189220392
196072239
428107161
999952204
477477390
402134716
562209455
616437687
989723804
885054055
999961360
999974654
541882643
668959459
999983574
817735434
969878835
999792094
182636142
999903853
47868243
881402850
778305332
999974419
999803027
786838937
999976200
999919611
999962090
999918334
999988670
999878012
999849805
514959664
813300571
231993976
999992571
999928458
999934258
999978787
809483325
999963093
387831018
999997741
255565548
646380096
215169360
999950598
999915194
999955745
627628656
802926242
999925237
560818835
775184368
999962452
999995471
710322828
999945596
267817323
422114721
882851567
155319873
392515814
999945582
373445267
999999090
510973921
757361030
329282646
999958216
130289085
922276463
999966785
763814787
180483845
4796832
999916046
999903710
456792393
621279753
999989926
568072203
553347503
999904087
424255306
741417617
999899248
999897481
737892410
687870120
999888225
267791006
999990088
999900930
999930170
184443477
999935987
999918341
559671848
999976114
291149834
150508484
899036907
999937134
851560937
116708734
98181836
999994252
782553051
152926240
169008778
10159645
658368440
999983471
433424212
999863316
245344467
283474560
968863334
999997520
444859460
246250964
999978538
999939510
786746464
788901574
999954622
999958615
889738932
766439915
692676231
361418142
999913977
581070900
999900077
999993827
555136169
704669523
664624021
71596644
605684766
816511268
970020850
999921575
999933027
430294340
315098042
220587759
999993558
644221969
999951814
912822031
441831394
999972983
803914201
152732656
999917870
321048087
999888615
202914132
316751501
999893462
999991528
999939398
417084371
25940215
999980554
901774870
421713029
999951286
860838954
999972279
999984362
281930681
665768908
999933584
999968901
927835728
538218568
40463152
999971204
999892827
794264183
242080179
999975271
999916365
999860841
97241510
268153152
840481796
95389903
120303319
999980488
737580969
175198988
108864551
999897929
587505440
38907145
999950287
689494660
409543551
709910990
993594673
937619780
788606277
482591384
999951490
305780441
207168392
692843693
957496336
666442820
556710542
104652078
999997343
419041597
999936604
482996216
999986224
295109328
248381142
339601745
929553927
999974096
999919830
823057450
531865015
447208071
51283900
411554043
387267405
999935986
809058449
999980207
999878420
999876284
302984007
999970622
999998327
999829331
414517040
620519492
999980543
999912676
471873936
999961164
999878615
27818642
86095207
26222654
999956892
999941172
842080687
180099349
999915438
999961780
723350930
742682427
259075392
735770952
729631154
999999587
999794714
535594294
542646071
999936276
261967909
999908903
999958796
822920108
999950456
463836016
607842940
999903623
428332901
950159747
999994521
618120346
999981643
999952939
292122706
311895765
999917285
712968244
832053734
963331690
999980618
999987347
999945895
752256889
999993674
112676609
784904398
801854726
999946874
157730339
501723217
137997506
999950879
867303388
420071048
325373663
999796253
999925598
999946114
33204141
203945308
999919083
999974937
765773950
177527373
999864890
409598883
999916907
458076026
403771314
822856358
239338494
154447273
327729555
755121440
836509996
999997665
424917717
900931535
999907470
143289997
767693374
790143058
999930810
576552700
771684786
85943347
735702544
993325720
23021183
321462416
292122499
999926629
999898301
819297963
170288849
999970227
393300918
199117190
483831440
985105203
360680755
645913212
877110748
999934639
999897161
628061971
675724883
970383425
999989772
999949400
999983020
59735692
779378798
999807738
484568511
999842457
999941029
84967576
999960336
999905048
999931357
999910028
179950519
999887066
794125564
999917315
501294665
999785917
974388254
362681636
999911099
973367813
999877607
930675718
259211686
416472826
999998388
617795094
813941124
506277148
824683266
999994110
694511455
999936592
390263478
999973539
999948623
594554057
999976018
999911392
700344253
203217057
301143420
279597152
80261070
876082796
548293887
584081558
84872330
82851438
125202437
999874984
369711231
999931843
688826053
501351124
204793501
999881527
999922950
189369898
430340016
590954858
867874279
751086220
944902455
571783734
51553682
392009026
409685519
999952721
618090012
999790845
999903552
999917392
816828827
999786509
999930497
999900408
999889265
885373256
901853459
999915228
22876214
718165870
768377284
999920933
999998067
774125835
924606251
294551500
146117440
473273554
712321273
177470612
428928083
999914718
177251831
999929407
999974002
437324592
523225854
977174792
999930757
999875581
100875676
194382022
806428327
999821693
999878177
48685432
999895124
803423711
999983941
184658817
9484030
999891721
905952716
999916151
355167006
760032871
999870475
999982350
832802536
908827935
528676639
309928512
999999104
999876825
114346024
849040823
584640592
999997858
999966850
425740866
529463669
463239213
999907643
999984887
443269551
324852060
999966580
325648243
642161588
999893958
999952451
30170389
420989463
999913174
999980884
811315390
999994855
750581029
114569966
480949697
792717392
642849767
999914705
240416675
999932559
200928099
702609655
876268327
999974289
938012351
462559263
999864590
999890953
586820834
999994730
999996391
433772596
752267553
914084081
999936246
999843105
999994073
416319071
999919869
999965527
842494472
999942220
561742071
268641571
302986263
576023078
568325053
520045889
999988641
999964888
297570101
655234311
999931807
365206662
254046446
586509900
955614568
843887423
506875665
999919645
999992832
112770163
999988088
572593750
999902109
999930680
999949156
883867401
999903674
378527649
999848859
844671129
999985759
999853157
935855618
999909631
806051736
516540753
999936442
931193086
999982713
999977677
28555454
21188933
397394009
999861526
999928201
943661385
138620489
55853525
999846610
999967523
999964741
999961611
999944235
531922277
370495107
910782385
267710919
634332328
999941837
157811149
999862097
999852055
999894863
999949877
999962816
194917249
605257142
999963754
39076668
999825634
41332535
722001744
253348846
999961446
466354672
147191787
999850713
999976778
916931651
180416727
607770054
288123255
53366501
131571059
999914325
522431834
999972715
571829003
735446460
999918360
999996286
719597615
999876086
999990205
641342440
999990504
999988343
834171140
848275557
941952317
999946807
999997439
115219141
999939554
658903760
481478816
412376002
939731373
999969192
999969008
999934918
999982546
506285140
145448380
319866446
239183914
936340518
872087668
999802770
999917096
223313153
999976273
999937516
938518651
830634695
533769482
701352541
999825243
261967408
97622891
999951397
319769236
759696215
142894460
701658322
999891222
832988782
999972872
499966316
95874375
17228974
151475340
721272387
856422797
22198969
191780096
591846873
290995067
999945661
424294614
999853230
689800736
999972600
999883719
428318921
685605316
999800512
369799651
999994851
326459439
8531670
677058112
999863961
984333218
999967385
457782724
999833343
999901500
999961127
485126102
999920272
431907567
999978332
278734723
368258676
704741005
999918320
267724450
809649590
999980419
376031268
783896731
618580
584540035
529215652
912481773
999991746
999892031
999947974
152833876
999819439
999995593
999927237
999985209
999919009
807912977
999955956
999958636
999972732
999931132
999939781
871097749
684244365
476220741
703971694
202787498
999831295
353971888
237995258
443341899
999887568
511437539
71397586
844989027
824553652
999982257
396143683
999974047
822943400
32644980
999903336
369863999
999916611
88929485
441863084
972335199
310225485
999838002
984851299
551738687
202949481
973313310
245415127
999995152
972332874
461017223
706044061
999980640
223676899
999893966
232863301
486024174
999968025
999997870
999905548
435898408
999932788
999998156
807964319
945266587
196571532
403837192
841860406
999991455
999974066
361831444
703120434
147559180
634958792
926569068
44914746
999989567
419007695
763995523
999962013
442683986
748185758
999836703
999771564
744610028
999971988
999850668
999956976
999974016
661442530
330984074
999926726
481546438
999954266
478707639
708072160
868826479
999977027
999951488
943823289
999963497
999977664
151427600
381754426
147257978
346191126
999973061
999974183
310671428
236895094
790059053
100512283
521819090
965778472
931348014
889009458
450474336
527506589
746000248
6322
457895131
999986238
373982531
214787084
999999927
999938370
999915991
999981548
431945906
999823140
803639512
115671441
206800569
999956659
999790545
576670915
213819579
999833262
999985610
999964617
999959054
82721204
999937236
834896989
180073071
475994304
999807373
999889080
933147316
999823025
641334378
450444217
999936221
396319027
306280492
610353550
112648184
999987226
97430428
778099363
603706456
458407604
971690097
116915934
327078252
924593215
999823978
123884774
999961599
712728528
62080402
999929861
880355730
999904560
140493628
984412302
999907504
649193066
999854873
999947985
999951566
999983889
342602540
636687000
25721819
176171774
999909646
623156087
984644658
999844759
999973984
884291368
961277721
999876103
150907721
737196786
999854611
485623065
145327421
999870144
747374114
999957391
577864515
572163418
999949025
153619372
65830143
416452773
149399016
999974143
289388979
999949555
941143664
425992798
999936218
421209487
999982246
999978244
999981537
524543919
909553749
999893430
285222350
443458810
974421178
475446863
999971622
999909424
999900840
688538197
999804103
788578947
214384584
167402116
999999163
350707471
999950742
510600453
881070576
5481188
317419930
654873578
788696959
463737636
246135354
50074577
999962139
999968149
999924074
999961533
420360234
999991407
999915447
323510985
918517119
348285196
999921769
433483428
999966169
999978385
999843035
549259870
350046575
314437941
999969517
992452237
999975745
118888459
848212521
382678775
356496541
999980981
220729585
956789876
999970985
779631038
847965019
926543368
963388638
999926556
999963140
856441000
931337404
474054214
617111657
999968067
999936963
900963278
12869322
903238056
569250400
193873653
104606106
524309849
119241504
307029506
688895712
715049713
383755808
999994891
897165193
999999993
483951682
698655862
198261352
290406984
999930104
245410573
999928398
952916146
939883683
999847241
310318553
641286976
999804824
999867252
628239173
598341727
255686040
999992861
999985906
999915226
999882295
649124191
568415434
198094794
999873590
999911384
416329587
999881456
857166479
999942009
584116754
655575872
377567397
804166021
519610407
999980601
304149296
743026776
804138141
999980134
316255268
845863238
999892953
893073944
999902301
250476866
999904992
297425190
999964892
272610019
561504014
295102125
999916411
999980569
918982559
79001778
520756238
999848625
600110114
645846455
170903408
999859756
666450692
999899542
937637886
999990637
469311363
526971129
433694852
999829456
744028439
485881296
999917817
72237007
999985742
803815155
999971166
428960113
553308501
999982827
801109726
999947767
999947823
904000368
771419582
450831393
211796396
816996077
999898885
999846275
999834045
972260477
542692547
999926382
242682003
621348982
997414147
999969978
744283560
578009760
895717680
780901753
999819648
993037916
999908749
709019514
999930985
573492441
71283659
741111638
712804616
999893451
914851950
999943933
940286497
310557108
343372008
383876635
67651907
999957548
999923103
999910469
999898478
655495420
247293099
353960470
863986297
523244014
999985915
999932618
999812804
478262990
921459561
652870179
999856320
999959536
999979810
999940459
999907703
999936839
999985105
999980445
999950453
450472200
743302991
999996871
821118558
742744591
969979064
236672484
567947935
48422867
519806196
999992889
999969238
245947750
999956063
999899532
826310806
999966722
999972006
999905485
999995440
999886024
999980843
999942249
999860975
999935616
201973731
999842114
999846169
856431459
189775493
171331095
339435882
736523385
999890751
686814532
437047008
999994266
950966107
71385954
577511859
79790568
999818905
995197865
999947658
999857054
721623783
353728340
901897063
999993965
886923549
999941016
882789903
242223639
98437793
999823179
999933811
999959780
95955085
922253983
735644221
49397592
240397997
999879284
488477566
999989268
999913457
328085843
999851583
675380648
556723544
999956369
999787802
999830061
711930408
352536265
999971394
999918404
999928705
999998513
390285358
76358706
88824766
999877147
774627665
965039017
195282705
999923766
999771745
999935495
771409346
345956737
999998109
730458860
323007706
176258685
172511470
943804059
145323044
733315493
999966172
248218165
302778013
279426148
235397520
435389919
780195993
584396973
381117448
120469842
999922681
346310551
999992480
211141203
538427932
999959687
382692109
999851978
83120562
999995842
576083744
319803724
999930619
999998474
999892662
549143793
832272156
944481231
47114024
999952210
766333257
999927684
600598831
999954532
999893604
999852215
13578968
999999011
999964231
332080797
999981407
664621514
999809035
325700139
484410376
24278601
999981905
999924114
999823361
105225031
786678475
999917810
999938677
999963302
402026837
433700196
201828293
765390783
999977687
409338139
999899431
343310660
927374632
650437178
110164500
887334924
673583639
999957057
130497545
942729025
34868982
396857771
999905886
238099021
368038784
202810227
75230636
741798783
999960903
999941341
999977725
999954951
830878153
999967082
999889220
856879501
999990489
999809035
999879205
646347776
521900428
514880208
790446850
246536661
836552972
942481776
143024147
710038357
999928091
999904661
412676143
999974966
999947941
401618952
152970580
774876560
663369776
999884643
999860169
999815615
680678379
332940458
999954954
999864313
780760046
476041367
999915795
797222651
47852151
803858905
999978930
999820932
999966771
700073180
44308762
181395627
831088817
673143940
999944803
999987904
999994645
552694442
883848278
981129905
195830089
962054446
999896388
999895287
999846796
2869370
29946639
373572990
999996319
424653279
999970154
485444026
756550225
999915261
622398299
999843004
944786112
571863685
999939479
999975820
346343517
852880756
999796436
220516477
999980527
999953527
999931673
229772604
999975415
73149390
999998371
581690285
999973540
999953947
999814634
941243355
999894448
285954446
133035586
131213237
937954782
59636694
853111912
520708523
999969817
999980781
999858951
361869616
701625150
633984448
999960840
82770756
639278481
860308722
29881445
598333495
999924980
519546951
999913606
117733173
999988629
999865713
767698108
999951848
210522913
999904387
813798186
999837210
543965362
188412907
712540742
999824758
999782143
999946225
921208814
81113493
341222973
686154227
999986210
590550110
263389769
538050998
143234498
85728227
279541381
485543310
845551269
255184574
999992789
355019873
723368768
309139512
999892862
999801175
480603010
999920647
651465364
969557979
999957897
999937012
999804904
537625566
879239050
822675121
728308894
896059847
999939015
978398325
563493922
999997529
999976165
999900462
999995976
358335051
970410279
999992013
999992345
578796289
766220786
595189773
343379596
999979015
524288097
903903960
999903346
14572198
242972157
999959681
614804106
224229627
999954645
999969380
999953720
761061295
118851569
508835441
194918643
730501118
786737233
999814946
480434786
435520735
414559106
524709659
3676546
845939252
646314232
172624295
863922226
999824186
641309316
267979383
999998032
370640664
655506314
638622591
999970688
528424128
999951479
999854458
572460080
329183556
39285582
999848200
441916142
177554766
999901570
49332895
999945970
842535285
292208229
5043101
403792678
834771134
554880846
999986244
29785866
999842059
542749959
151375992
999992162
999979692
272621476
999996219
815962854
465657773
999943161
999873213
999987183
267855736
72115991
180417491
601881896
999993799
71705089
999944360
999848315
974334535
823001211
999982249
999996173
692840947
302908882
575505601
999992520
862504235
999945193
754456811
870332522
165487919
999952001
653079387
939127717
999960946
999983595
904992143
294342532
120379377
849931691
875042292
972100976
836838962
850495767
808050092
961275885
999823491
999915775
227010046
905235372
229750154
999987171
999927095
195129735
999965335
999949956
999934820
14338481
999901885
767385254
393196438
611744334
999903004
277067883
815996190
999990521
831865535
400686803
177509379
41259077
999845003
766042515
465653185
694632623
493509119
240825802
725796093
654934984
362307967
843932349
999948447
161465003
999942061
999856239
999950276
465077937
269944340
285197132
999974657
568546174
999937197
171236074
999830042
999852132
431974417
535654985
610858411
631926117
145366588
85912717
401650242
523582112
999957546
317243350
999962809
999962868
999904095
977627687
999933252
10288902
101649076
691259342
999852208
21091158
999967131
91479241
351964008
169043535
843989143
999783514
999890053
177238839
610145157
236895298
450868171
999992488
999979142
999990173
999871387
498148117
999903250
999925875
852319270
999983269
380975702
206855232
999822923
331201589
999959536
310314747
490706764
250442651
999871160
999800798
999967607
634863078
217648643
635219452
659046880
776587820
727692415
999803315
912823219
717086080
582353603
999916631
999930347
984331654
999937953
599818053
893888767
451960103
999995882
786631134
668377689
986057339
143336295
829605414
307360309
598208573
832260367
999967423
494484255
999790495
999887990
999899842
979146341
735384515
999944634
999999368
20642432
999942481
999922332
427504326
866561240
786662002
999867720
999895102
983149073
999930766
905938958
999887520
999998150
999921178
999869638
524665301
999961847
417197595
999976851
999990790
999942862
999939674
576683201
397188244
39188436
521248762
403385195
999992321
999962188
999994425
199849359
999991700
628175587
647528473
393252686
999944796
999882418
999962272
999983744
999836940
999906764
961944723
700730797
999965779
999946280
581698033
999939901
311259665
331355955
51255950
213926139
643576749
999866626
250610732
942123774
586424000
297643682
436864284
848210629
339112500
954417232
999945016
999950832
999988393
75706352
830963763
999844064
46136177
39188974
999832799
999788405
50141663
143330160
619926511
766078198
441318722
463251569
155621975
602322492
915907902
131591983
92462601
981653132
999979776
231632
137189275
999900681
999900378
796572109
999992615
639679923
779342188
999936219
999975138
807798391
999880779
122919989
72031359
999999953
107817022
999909437
392404956
999915960
767504932
999989740
242217377
999805449
999991277
999992092
245411097
201434900
350146000
999944098
742002967
681367529
577865585
492367322
262145586
801711954
999919370
944490724
424347907
855104172
556680884
456694281
662600362
999957405
999854693
999845456
92461096
897451181
626248802
999929433
999826356
751237484
473867668
999959005
534649866
334336175
672973233
999990086
605658808
458873125
195213652
999972542
885557897
457882521
147258385
106852441
999989159
999868712
734237983
999925167
984857915
999961909
165476878
363729249
999935948
713401557
689376062
999914921
999768468
999984517
356587002
809642440
999873658
999896980
999905933
263088459
999904713
999979872
999925354
807836137
999940597
276581391
552618559
573359698
77082591
878676655
999956604
524967509
999950348
986612487
999926598
820697662
465915182
796097629
999958231
999942690
999926255
361418998
659431760
194702762
999974493
999986231
307485002
332986474
999958834
535936625
765839412
451107411
999821913
707206442
999962272
77291295
65638783
110321923
585044476
397224764
999942106
180347567
999995964
999829188
144154169
731965858
999988766
879389213
819785659
999918438
931827593
999857514
465578500
999937196
109329589
553438007
710907458
999910096
644585196
163480573
232034921
853247716
551674841
387954867
999997501
999901236
562200267
723568942
456133637
414534730
662688066
999881111
999990855
285233894
961338449
999846498
436512742
903908131
375864224
703960418
999993387
999818138
331325811
999856454
642905723
420069682
289059508
999993987
999910502
662621769
999957903
999910879
999981858
991227744
123097056
999956683
999825274
80626250
969738097
999936815
628108503
610313207
999958667
999910460
999897547
83756736
110764998
329132018
41090495
888904552
28583053
986215769
356381181
999871200
599525401
168186792
999961459
999998048
999943471
232698519
927386868
296703148
707278938
999992769
999960549
811325428
999975711
999881496
18907780
454154486
319304058
874575785
22849210
385656239
478632933
382342317
999990500
346903024
575752788
999957299
999928105
20593294
999875944
818839131
1751100
329563768
999893433
706288006
999819887
999952538
806712101
614941867
999934807
999894408
519186442
22977549
999880987
875990618
872909717
972297964
999894436
727999937
142819014
117967528
365323972
999959191
999962813
999999611
999971335
524998479
999948723
472571952
999895311
608253644
533064473
734694712
999896630
850302818
999982540
505538916
999851830
301013517
275205561
431945666
447442996
409431186
413711445
453802022
931133666
957429841
744702100
565145773
356509353
118921203
22712656
999884805
999935234
993511249
911192228
999972596
63900114
999998185
999974248
999977220
860624375
49403187
999960239
224116683
999864743
725021318
280408758
381140840
734235331
999856530
318120398
999931701
931003502
999829644
576833529
695953718
999979692
999868185
441360371
49081965
883928470
577531175
477389742
999978065
179925144
12116180
734356847
880505384
897371021
999973032
999998875
998667866
247718574
999908321
999982152
999922701
22781462
236259402
999971707
999996650
300982531
999859323
213693087
999914558
999980635
642863215
45638399
999933696
999960772
999895304
681261631
632890956
197414861
999946275
421317116
711863007
41396005
294377718
999961851
999996126
722799343
767741692
223760841
999877117
242898937
744437100
800587203
425796766
195263275
999959535
999882943
999974381
953803066
147169106
242920946
999994749
999878160
999902642
999999689
215555529
999937514
101538934
999996482
363540755
795270982
653741230
999870143
713053252
826568700
168866896
999775846
235933371
999910410
347377185
999919210
82697812
999972850
177366369
394493001
573271590
39160210
819045027
358596221
999971167
206820483
909589083
151350430
744738961
300828043
669715087
530198672
342720673
932009448
999965157
291266333
999971603
854964341
999935472
999980162
614054205
185233259
438432084
171314344
999969049
987227819
999921769
875961745
945850893
641377574
655913878
938094945
623367781
816095186
117924122
652085378
779761329
94228200
999961229
141149086
406318466
999997715
381715894
55179522
999969959
999829392
999873872
999918821
504530071
994566954
999887361
780946219
616252540
999968686
594906089
999934657
797195117
712718788
612583273
439156273
825403276
178926787
999887752
887413582
999894336
999886783
999980159
24329349
999979693
419160929
999975266
999990630
999961780
999977134
742425940
999808789
804084769
320661662
216633662
999909476
999989568
704870797
999941001
586795401
999935087
348216170
876879116
505518731
231714817
999968203
75779720
864435821
466047031
824665938
616252990
209630406
999949450
999840761
915080137
319567675
999974921
833095736
999914311
999911328
999884434
999981894
999835295
826491908
535786675
279741028
766281606
691358160
999959576
760806951
999964013
301136993
999816211
999928554
90955
319070736
825330777
23972485
421168269
868675703
999931171
706029345
72092253
522365882
999919813
999949333
778276074
999880147
999877421
935218965
143948112
999963815
396865539
999823267
189298676
871715536
507681144
873607176
577540071
154386703
999999038
985285081
999960573
208990544
999937175
745245624
758282301
421306945
999910672
129953573
999960782
480289403
864023197
231548894
503631809
1296730
549442703
999782808
999882116
999920217
172659639
194643150
420884955
604066888
590429448
644206839
217697255
999938560
999962196
999901463
999856755
480082510
963848679
999812717
960311321
968879236
148362614
999925700
967921050
97436874
389565349
304151742
999976365
701249194
610334421
999987219
256421328
999995167
338667654
887110009
744227442
999982634
999980641
999995631
999881951
999820982
756350024
999924845
337880280
999974068
704024485
999930043
204677758
855876018
660644236
999966590
999980856
999912674
999911598
999933740
891947617
900844745
471632770
399935196
999925397
999778686
98511653
999969190
408096131
396167249
389576712
189318628
482763438
999977456
999903110
636406051
999989136
356608552
763687501
999957832
999887430
331390205
726025557
999915063
151368941
267740089
999948860
545706137
72660033
999881984
285348656
999969677
944494747
601921380
999876869
999993887
999998932
130036509
882775667
636283600
999896511
999964769
261217378
65351945
383076459
999885474
641903826
287899813
999980441
999897571
999794095
999942591
999999347
595424197
999989437
757254720
999947335
485014882
463149147
999983775
999875078
999825951
163513194
999901654
999994814
584616381
999973905
999964723
383168909
999930314
286040148
999902436
999906004
999972151
542309526
999998532
41230785
410241217
462238890
728162934
64954771
999853489
999983769
999869083
661891321
999985256
999879189
315491850
215849184
999881742
163714240
97973026
999808762
999797374
335704883
999992773
703142884
811448127
465793288
999883248
979209743
654929612
674295495
655284548
999976151
698602484
263498647
496675210
926500474
309139594
999970049
579317786
999988796
795255034
999972694
79879488
999993304
999955758
999956121
999906994
999966425
999938558
742432360
562209347
895683279
999975866
356359334
533386957
999941461
491051997
999987830
470972064
895068105
569362868
999975944
529431881
340485007
195133267
999996597
604427148
999944599
780033289
1848256
999928721
269947786
629558934
999978595
269036812
999995263
999887007
584334840
172465005
585122464
512104940
164612525
961808381
999829233
999908043
999957727
999847160
918728033
999866008
450924633
624024147
988479460
767969564
999998726
532858412
510166453
519718942
602195543
999966118
622688021
290833475
691222106
910900255
999984639
435600927
27721423
252858720
443498239
626288044
576204988
999875892
845654107
250411874
999977725
711928626
11297890
956804096
708409599
982387036
999982037
922334911
273021054
557098508
329225717
120914272
196474614
842551762
604412328
999965600
377530531
999900517
999952620
262097371
454688637
883782594
999990521
488469792
999920449
274259151
999957522
999994243
999865976
177331253
315722132
999924512
826675764
372631303
999927425
570157532
999942547
361000195
897111215
947935071
328936319
825538595
710543586
827429211
642499087
787674769
386793565
522495756
762533439
696255023
999886928
999925672
255311266
482445363
177538629
999817840
999973542
999993849
754426726
882513441
999793545
999954305
999962173
999928674
999931325
214784472
968667459
999844927
999921485
9403597
248220511
999985768
999854663
999941512
144570670
999972878
999986597
999955115
882906791
999986160
999936846
999800873
999946950
525176241
363731441
815223975
921911013
999881868
95694129
581882074
999953236
214091605
710618547
999934216
999993303
999887241
999966148
505106260
981635697
698358697
999901160
29164987
999998446
999908215
999825654
999931620
735721770
999960831
638362282
999959109
728319835
896288311
999895835
999996732
771424935
172131984
999843397
212366781
461755175
862656413
999991904
674383043
197478055
123867406
354852510
328782530
78453754
677637559
999961509
616252058
327503302
999953374
59521773
559639616
999986483
898636131
999909358
999950690
60075667
368246328
999944136
45643866
999945641
23345013
185277411
999939389
60608303
361724719
618347988
999980476
999919902
332996992
928286279
876284845
235905188
22768454
999960494
999902865
642172028
999897592
609153557
240873684
282473721
890433518
209029731
101426044
143554017
999895831
622437516
505611434
999973320
216801038
283880744
197374459
999902125
999940096
999989800
240484309
880387220
999862804
832850614
999967134
622674517
999918404
473170351
999870373
146994550
127638157
49510527
209208091
725987337
287875289
999886213
999991052
469620671
353068217
999875796
999960218
433893906
999977078
476330819
999859567
379906285
112074292
816132874
274353357
999959133
999896575
64344378
999988273
999906558
999905311
586792081
883823954
999871780
893429212
251404258
822095180
604558662
999939934
356731108
971797803
999903514
66964836
259887021
483131849
999906155
404731257
969944103
310085810
225228199
999916254
372103167
136374306
157317641
337647386
752340853
999913446
612613412
344253853
696527317
999873026
450442195
999806290
999966722
963267255
659100350
738224979
999940079
711931007
999987858
839144505
999987307
999989821
816445120
690572610
999983706
396648325
427600827
821326494
559688024
999962545
865440173
889164759
966245394
74289151
9204027
999967259
860659500
999885809
250684840
999938600
999937715
420957190
464393050
999927162
999936328
807104982
438211064
268803619
999999727
689511640
795208180
557176768
999982420
45263971
999972690
999964128
130316249
58908157
818769779
999875572
999954150
44355354
744902424
106856583
863962312
665914794
999898648
577895169
999953629
358312451
762343421
342653371
999994444
746071541
524498929
690410634
999919226
329186317
999977220
999934706
973764404
199699967
999917573
497839359
658315791
167485330
687026402
686945020
833147503
197855188
999937548
242604655
346980185
999930409
173053520
672293777
662842291
999982885
409502866
888985133
868849511
999909415
693539022
933790105
420280218
939246061
765368274
999987132
999928795
368161058
999819837
999996498
537135754
612516173
403321175
710587997
270353534
999980544
999958095
999941968
122115901
999979135
999950048
999928841
710387714
999847087
748047410
550763176
999814502
999988322
241798736
100767588
408040660
999864511
711989611
999982905
347206601
311282853
999978096
999963450
172150972
150908845
999898659
511645394
778405120
931873414
999962972
235233768
999875329
257683037
263211470
340643501
310660283
999875469
999987049
999909716
999904474
999936030
999817520
999924910
816105514
123819883
999972110
999998195
999967292
99375238
999851330
803303097
999960696
810313727
409456641
999956554
999999604
301157954
168507288
999945858
655465422
193970871
130608963
962146854
999946613
939757989
792874493
754377432
9363756
999855536
205288548
5002075
999816642
999889570
999871239
999946005
65485789
999997865
827661677
999920339
999978871
999886667
788693835
616299153
999929491
999917293
999905445
313918531
279629636
531669502
999878694
895305893
80533804
999995339
218314408
999868040
999947408
346337958
384964349
143426485
165685872
792650942
999948351
999977243
302964098
7663929
482829872
999813916
215641355
999967851
999907366
381952650
999780536
999936223
45259681
999996313
999911359
85080069
971238966
999989362
550550824
999866786
999946573
999957259
999893177
944317445
272774989
999994080
385449641
244793405
999963013
999996850
757322890
999918422
91605735
853868170
999950200
209081874
999923589
845516443
555163129
698118266
999980381
999889982
999908262
735611962
236643124
