1000
121263266 641653652
220855642 438046534
96355359 133010921
355516782 388527028
146073677 749224456
66474488 86573903
22248352 757392368
666733585 766110190
97543752 530964927
403261505 705635042
7714729 981201968
493025829 775411436
78876402 957086919
80587785 240616427
628840353 664565109
270494005 497548554
785828376 935595089
491349647 771355649
31950448 732393027
126872431 178024125
213446334 334133835
91526203 244498613
88211039 863125156
185754791 610776140
14037645 394090083
227808404 743906186
371833974 874268727
683871998 720834233
450710376 801422018
79550729 924488425
318503480 422036979
202561086 956848208
210148420 546427085
242098868 728203857
278820112 707592640
272639346 612953947
517137959 921038974
556996502 861766365
20288994 232779467
47521157 626869551
643943695 886842991
613628070 707194307
15777669 280544892
297500068 319004397
74504845 81966910
251071478 252986742
453632564 496541825
62351302 706690245
59649 790555159
131396113 801305466
73944812 350664151
124219478 596866412
6379266 443599123
676378591 985985843
26668260 886023352
155764494 913511251
529967047 862958801
379655674 398261068
143503693 677155742
77986955 717265465
751660588 968336943
100718765 183490050
245841352 274485859
127061860 659925362
36396512 461230828
239577015 258457973
387691992 855324385
363796493 831291116
349782337 861703651
507669707 740888263
88322041 663434201
506915867 618289089
378909354 886571541
16550157 522413047
416243635 586331975
20420575 452916354
554668918 636406404
121139340 829154778
781064703 882247757
771160621 956216638
67190964 94811883
10737636 482503876
374534130 775031701
166311344 489251705
576832819 673981051
230139968 665154860
189931604 737055835
135960301 568840958
5026811 476143728
892387364 943770357
396686711 591358786
146027704 912807939
33093116 33947280
767857225 827698834
636431825 667528335
539017846 614856570
402271834 556139141
97360446 331170842
116188142 776805964
206155135 820422547
790169193 903078868
832617149 871309996
7270297 492651055
253974459 968794784
12297108 197744816
603655894 861182148
446947880 626506439
332557348 602199951
282415137 512970071
33014758 100414573
491948771 771363314
327502455 647871329
597748127 894220605
511189650 523542922
184128549 713936270
356621815 729698057
87207417 601008053
189238965 579858473
443213424 460794703
401169609 473091811
114868109 493474593
929264058 940422473
383980361 741374548
254344620 272979821
225910746 666395498
287359378 290275165
717859517 935230707
612080122 617777620
128967270 385495187
99431457 135623044
165612172 717837454
252819589 456053272
171361859 497808589
632156562 685194414
86364023 941022014
105248374 287012959
201232132 887028784
227435432 942606681
271009145 352931605
49467653 789920995
189343383 578842351
80196160 296701868
124574091 550490133
362585630 761298342
531973755 749437739
462017087 697585927
467275193 770586711
638637052 950405517
268395301 488116283
61933667 123309967
81074693 574480307
348946626 628228791
428898410 968103477
91628974 423351824
472819477 781830015
360672366 881549969
662162861 961746130
509890586 639253304
271188928 364752615
1838934 896726370
20626667 316372373
340418212 594312298
86959084 397234167
207870737 831571617
885350450 954881584
122320756 312347109
35956277 471267382
4059754 940575901
216444077 900165792
95688728 534512159
689263555 829755049
203942768 895184525
257591463 644017531
8770146 695712424
528780392 550067710
401923411 905496517
352325167 866440083
594857976 805915519
426429593 602075686
339942488 866302609
233827529 988623365
269783806 652289598
312407100 445381851
65089244 126359912
74564992 661825928
203605835 599601404
347302281 904320041
260064955 400853925
604893745 955777379
133674137 409624071
167636940 505845089
224801524 388113900
372478459 982971876
883233396 974554145
261917821 749536005
314496634 495745350
590675722 819302584
618045508 903082822
117200787 744405420
779026715 968172067
567773471 671486764
428323158 835148903
95213858 915075752
372485849 829177083
50991238 91317506
358676338 409352679
258954447 746790239
486670556 631432906
369903952 582278467
458503404 696712641
773000038 971956309
44974343 562632031
444818974 663019852
318231206 562019761
259941624 286403273
193562828 931428389
28711731 706693096
359751547 474285200
41444982 123925590
27433180 846771050
132762488 205447388
289302211 391716935
775972767 804753979
239548799 875666194
334169598 998393071
936261440 970349380
959685988 981235783
385497764 404504962
644255635 703728970
904197260 966524723
12603903 842648595
549341691 688142001
41315635 47893548
17757577 23626891
89338530 722914293
74617370 897707109
39525672 928361682
466334306 585632013
194516852 815498440
666407863 825180812
528686450 761442252
340888790 489273596
595194388 874771360
91966375 745393752
431016682 564434827
126181629 996163635
536821988 577038730
470870717 675523320
437231888 551666563
379086770 488628294
127097209 238851755
55458891 453704141
278377428 920038447
93875868 493607256
114555299 318788069
495758101 612800083
102073679 932746673
527941061 836646891
434556995 829361391
112894425 619907437
468587424 851508174
239076054 281063256
5409413 914599374
295157653 751933974
93078620 318782290
445879499 674244424
127948565 331930376
353854742 610307804
847461998 900503364
556700024 867575015
18766419 169500107
215849468 951513093
52496359 124090139
331970506 953451530
339569706 804394295
43594232 66345956
125498072 305422010
130907485 324657488
72537737 76591462
243836379 278581490
169670083 952825914
501600459 689715878
80774479 896086972
111908263 833794195
521124639 596065322
614831742 701369210
690624746 917218678
418861187 814714885
603348045 822231389
14317447 620682768
407742341 687028724
57911679 533240413
382569168 844967086
516664250 917504823
311676982 795245740
13857554 481347065
600588007 703573432
533878838 835463876
452176756 799888491
48242079 367673034
321013130 921558596
515590173 864154229
691293627 934451360
366041368 531385466
152068234 390315757
380358816 798058098
290786847 691613310
183814863 536580397
552995465 673356015
306601572 985032998
200757558 320459127
318896415 801345565
6876644 876548911
328725668 335224403
555413789 806765135
127778266 229484099
476972386 745074272
20782365 844448847
375834313 532041984
386823733 922357741
380418900 767182549
72032210 572932192
57969397 756747055
461128959 583841764
162258873 767730532
363016431 421391114
592803882 940706011
164361996 817254922
352102751 599680526
406445661 998496942
227981041 907516541
237005279 386740279
83705478 973055313
257787644 357613649
459539792 644611377
279971391 839958692
264310279 852903583
174796028 764507254
225636214 462166990
624425863 758637792
32545259 845883098
786589109 987442294
4320642 625349141
77546019 456360383
307373678 356423394
116456287 483991680
535354719 723248312
353461566 360926385
611249210 806953790
119009934 718540034
255860587 851027777
520170866 958968626
556447712 575992233
18614703 694966894
306121039 801628447
495556918 500027897
191182650 335515565
139133358 816531791
192352559 595493741
548775953 894077810
230585842 902867419
290738491 665232240
18693806 953834154
504181228 613304297
75237614 482459368
732314231 738319956
543799210 926265392
111007174 482713104
119791443 658490421
353844159 773936242
701917430 964611460
8310462 273964139
37432995 413097497
82301906 824842253
571436415 861107590
616491362 631077860
148826452 654538609
460889116 907229853
20036611 263927433
74193413 502495979
339165047 806507644
93332287 265430439
56855814 202823206
322614649 600659896
715346235 954504055
96550891 532474047
223031382 508937837
398887184 540784509
218143114 488645231
349752822 481189091
112266951 789579529
296634490 966244184
113609755 725990389
133646366 757523606
831717019 989917822
181599221 488658698
434507337 490741016
447029661 693564222
47689557 491363151
206709386 868695224
817762467 854709964
216164154 739183433
40793850 132484294
381955433 615051338
96240429 350627408
140206937 731708255
61023732 550468791
27149840 289357780
46881386 128975532
13312558 971409706
501971256 731114758
74372126 153008928
452554941 936478594
280358097 767936348
352760850 489147924
59987166 487067484
78767269 306910392
200220594 276151320
211251564 891202659
561878972 582176027
166400635 987443088
554602262 900983173
569385778 843960042
698361311 928133013
743357780 941445571
474472538 522287369
295933180 675296297
84928126 548844664
127851238 169297365
333128440 365286223
658445289 852353707
393115607 817872033
669266927 783637329
18092627 994888893
452785007 560469586
400429027 409284217
471701994 816402831
41087772 153928552
82061565 512879225
256237006 591965435
23507136 114252805
171956668 583225896
132070561 642065454
256884794 622433045
153884278 622171018
664845919 955561485
327041077 348677092
110678406 482717953
17944020 353326932
430929958 958083651
219884221 658628291
130330285 683875337
36287052 837803889
23934410 549166278
615899845 919865454
657919636 795888943
241145532 730152650
224734457 967845611
77246758 225732445
232133075 847167502
699417776 802728987
26458853 896978995
3922432 232213300
137137260 874382804
585540232 947737263
96684876 157829114
167621484 841704452
56424889 227015161
250949571 679508341
451890148 605591167
116027155 866849417
100295443 449518419
357172687 920657406
435421485 674252876
373936730 997904164
667554560 697321940
29182070 564533555
33104502 576297146
565950758 796746855
234803440 907487306
65316420 513688021
331488316 533825858
411019829 759537224
291561918 590250747
48358266 661969401
381335170 743452066
164385421 696263861
521558108 683369941
210139170 616921267
467341784 956979593
477050506 584075900
17180076 613257970
41584061 593477222
646362472 690847269
159427980 406366130
525632354 778167061
109655377 324198903
59458212 83736127
373191558 649708959
35160959 227814397
698067225 971266463
269012481 862452646
520046676 952382423
136967944 236527106
15037945 46023052
456826080 599113845
474006156 523073558
212371816 417173971
67483379 711250640
79427711 960537592
117616771 738704653
294332026 605060065
664518277 700876382
74067941 230584505
166743588 458398903
717327165 961745252
83274086 282181718
432296163 802228395
668823270 888172861
791712691 903210806
101055123 567362674
90436232 502324651
567212819 575061279
360126555 642544658
173180500 278463460
248596583 721972370
179548787 911885153
395444961 465277888
626029466 844067065
391862181 863327005
206123785 936944721
71642792 580654171
12950334 141914223
30087084 873871187
518100230 534289956
101652630 933297890
288138894 619155353
44605214 46732984
257248122 855351713
689277643 986331525
263766365 430428622
87444460 194830127
443315152 482889421
139898569 512624367
108918888 904486548
3225575 898379961
436396098 963126686
105040909 970022753
301862784 696410292
135127994 688669093
67026874 920942236
642838075 686182227
61597482 539959642
732915212 769465548
274709207 797207764
80152738 755797073
390991924 843241534
127499217 834307076
178647307 640123585
140082547 826721998
397126485 682463925
38462509 360253171
8485262 118860023
273239159 317810433
305454779 557411907
624438781 961908252
78913367 457262680
140510850 163137361
896052573 997222322
646946438 909976398
23278132 518289823
414270056 727099176
214047709 854598393
101093484 392695017
347238330 927815482
532777564 744364816
423756425 462795759
104617987 434172134
274944772 284758040
707411294 842169947
521835898 580399551
466608728 659312919
629746089 979098578
799823769 828837252
378315014 562316519
254109498 475783690
55399218 933122694
147170404 668379554
621989391 762513964
109752294 392381773
402321225 777675689
854117110 865116985
201432115 811251450
299289119 486190155
86196222 859216765
180876454 519112126
233569016 647485182
65183946 178425045
129747624 830765166
360578990 894021199
222321241 245598037
178720731 614688489
135584395 277720460
40234424 178407487
423305612 757573786
2503070 159895012
200981302 709136533
25011997 254929769
176817468 372904335
311616909 741119924
36034234 921996378
122119602 830729035
9154080 421997912
187303548 404261888
81324747 692435598
764840879 938033635
303645989 379529368
116754367 433882801
147678206 515113763
125203902 326633577
329136647 570983819
285098914 624481473
38273180 162627263
263693867 879411242
191961083 473047518
80511669 575310777
247560248 406039812
202631271 669558160
267710245 389934820
73820049 960145843
471259567 691177280
627421908 750695831
70706648 719966550
61304709 438336763
387938286 867644756
291144927 563540665
569591286 701155931
460380818 915626400
647553994 863783194
55744278 724074686
120601512 299385463
136255947 368161760
191403571 557941627
825651872 890236273
581338391 816572674
52597958 638314068
241526251 507749954
430972954 532536219
593840928 961492801
681653909 721826069
137883087 834295567
403886853 972798837
740941589 839039018
555338565 864267671
241011936 440858709
361613448 463599195
452371494 740244172
150702152 582291561
472527834 643775065
225113456 976354024
141616860 467184444
130227767 649366814
662763986 708710695
522719848 932856120
109121266 654682189
204373758 943416833
29688947 792565276
199820038 484120647
623146888 916604062
39459212 864158824
357462771 503058407
78288625 950223296
660580186 955429901
100925448 451721319
133108020 929795824
127241232 676834775
249496621 659578894
776608046 958207316
174859232 561980518
283980499 333443517
69179059 537817275
79913684 861744336
132250075 420022574
43169462 198381335
48854137 237840547
258833260 907328287
593415306 985616912
209056556 401361559
162498356 498713450
484337822 853082878
92294181 382434006
341790802 611579054
42012900 240703452
152514470 216872133
485957987 802683970
353368984 871863029
433282668 876291614
296314188 586123717
565532743 784505052
192000003 466903232
22345599 99328290
468277257 725736493
934793049 937461554
288691356 869638817
97291406 722721695
42101939 773029178
105155701 384608232
236409093 999684954
388923563 625311684
69073439 280512006
422442423 727397903
152375035 603689517
738498753 855725091
273774187 752520058
375520157 944520061
250382109 740677419
318930264 896364703
686342609 718659366
106239666 588298183
56047424 975033965
163536231 748063143
98149363 121208284
334558456 985187727
120893238 463015763
42483029 575998371
303396274 743527769
464925452 895902804
173166896 759602144
486917909 512122202
446941083 862438067
40134854 309158615
112820176 205523318
359065119 683995894
465304785 891865927
124810430 719416244
288346661 521352209
319995739 472017924
262071297 305183466
235480888 806576380
235091103 768199229
277963917 364243350
538487378 742889370
112662506 150605874
599580416 916056266
215513701 662728076
314534835 971886691
255648555 279871363
29926361 467230026
774308640 963867257
88677687 932534811
306403372 493724884
229540700 813720623
491611998 778421296
437514028 971420441
592136022 727092886
5056803 672605132
63608862 956379372
69041878 600462525
214214736 516518791
521138646 729459164
732032492 835673481
553862207 840197400
583788568 968061196
307427426 784444806
92478590 210613560
704338444 725638845
251398314 955179546
29819611 370575419
194512212 299307896
319849991 878917134
786648234 844971475
736490289 743027606
336952815 908580337
664585836 975311425
185724483 705987958
290536803 704770589
111149148 873914316
130734203 841975513
290677981 694937716
478936671 905551276
204575516 383156571
462406072 634554886
12271414 685497843
164095662 516890849
689257192 880010055
43012796 666658289
534228668 779503086
262202247 295325357
926788084 968972253
123153135 674960211
827923724 965028919
838943235 965497014
939072873 948747569
486526941 533435100
12371771 239425551
244594570 475098474
69463640 559516994
81735054 109653360
245014838 479060561
98347069 125024893
20834106 141359865
555062774 644199535
758918134 773379303
702904483 742351556
538222570 826057618
269828120 503251489
87841486 506497695
194711077 298086920
36589056 580662529
128530959 784613861
445550653 881724783
515014293 603629433
441241778 565799146
449265699 538772968
547612768 897376059
516314213 918210165
13030100 541488986
314868289 325789291
28693775 771948235
310170805 909736198
32080670 854751393
213765440 665938647
119922156 860649724
9027564 511852360
148982574 293828605
137558523 739379258
30707357 593704309
106909903 324465487
12019807 556175603
863238455 909395866
379552669 956304723
497793709 680122384
5911675 392582769
17047356 665178351
34605450 574914549
327218162 741873196
606995219 993156809
579433727 955638636
320007349 706322885
151490 588461292
468989923 578536167
499697280 592047101
24756828 698957004
36776635 824162768
107648959 539917575
63953683 798688854
331327590 919470244
164569366 414263744
79442095 337239265
181616722 224361068
361351236 506872996
113868215 818750616
207024397 626905604
545818295 913347282
134279587 946912953
415902876 766015125
210578578 565332106
442605287 768116509
444795629 909535582
17184542 331898274
130587128 984713204
81138225 756699801
314431070 347918321
651670336 921269167
427360417 955402241
728547756 934233413
316753478 547298372
523777875 900617981
26720328 298952628
289641510 973633282
285748567 908172987
242052510 851080673
10169019 118751565
28287147 146202312
454964648 478100587
292194205 897988041
461204067 831642618
48894006 775635138
179560940 822679525
279821826 459437709
8369582 778081766
246187474 947351596
146805455 408184306
323645824 434904634
298274435 613287334
408537916 584023002
373976673 650590427
287620028 492728238
433822340 513275798
373531737 968240447
124036131 911922927
112951004 373126995
161845010 955678749
1278485 135239689
281100311 984524535
447193750 615122653
289469893 693381225
414990602 697654199
692703032 738636426
132558833 990977468
204440112 393613102
575000470 578416785
862620498 896719881
71145023 409995679
148959191 297193112
60882118 230752478
343703482 421229243
229424345 286525465
287803950 358064844
195105731 217180386
568904261 664374137
810228385 858374154
77735339 357755362
50458394 408544705
393619891 816371765
20811877 893952214
321469037 639749345
536469226 599228662
36605887 522890037
185565078 798981257
29733736 672599501
93828745 246447197
225953570 532972662
175769442 584018415
392949828 820776613
242197226 779124146
57323965 441868883
100571381 267595679
361632438 519604222
170570426 188492339
64522640 607768681
209304216 247518026
385991677 661049230
422597565 636503604
36455619 435484862
608162643 709055121
317734950 707126192
396204872 655400218
92615207 831169660
913391820 980223287
224119488 611863786
8105398 133959806
108676779 906249021
278369596 401555485
322825570 572125911
466861935 930594251
636648552 676166152
30628630 875156581
189731734 667132234
150270498 226187354
758433142 955133448
125384750 935242475
318075686 590642693
410690893 521589623
274328705 354329262
176599065 498448193
184704464 966193048
632407999 724958422
33963485 145897595
3328018 468723165
458605748 470189953
95254300 251833769
134978751 998872457
188604192 822927234
802110985 973197732
414791546 609760786
202550373 584147226
735145536 902222913
256735159 793193066
67521771 312913806
489512872 611064422
418486316 429773822
674217336 903410668
7248596 820114931
10576614 789890505
141354449 248496253
245704570 333282920
196266906 332155377
19194140 380683321
35310658 373275921
788067467 844908224
429055451 645071444
380216981 990617840
183794716 636327258
489468492 496708522
100532914 556365381
827368050 838737746
365471434 382823089
390071685 730778718
38102718 373185575
179457167 253164652
586447572 621681828
425161737 670465086
805845058 918602949
144395223 542175578
387083803 841155716
338743513 932462690
668655606 775596883
718960494 852450322
60945338 264440493
