100
()(())))()(())())))()((()))()(((())()))))(()())()()))())))()((()()())()(((()()))())())())()()(((((()
100
3 60 84
2 9 89
3 19 61
2 27 41
3 38 51
2 39 41
2 26 64
3 30 95
2 30 41
3 18 74
2 56 70
3 17 78
3 67 90
3 16 46
2 81 96
2 12 91
3 93 95
3 64 76
2 28 52
3 5 64
3 71 76
3 21 28
2 68 75
2 54 100
2 65 90
2 57 82
2 28 75
3 84 90
3 2 54
3 22 34
2 60 90
2 16 43
3 59 63
2 61 83
3 58 60
3 39 84
2 73 75
3 9 28
2 13 41
3 72 82
3 53 85
2 10 25
2 93 94
3 17 33
3 25 68
3 58 81
2 21 39
3 15 49
3 90 100
2 52 75
2 51 64
3 44 88
2 2 28
2 25 36
2 43 94
2 3 3
2 76 93
2 7 76
3 59 65
2 20 26
2 36 65
2 63 74
3 33 67
3 35 56
2 27 33
3 25 44
3 67 75
2 8 96
2 6 11
2 45 97
2 52 77
2 10 11
2 18 74
3 17 40
3 74 95
2 55 70
3 49 50
2 7 11
3 3 32
3 19 31
2 21 93
2 14 81
3 19 55
3 9 100
3 48 78
2 42 54
2 17 55
3 28 96
3 36 66
3 30 37
3 70 80
3 51 76
3 50 98
2 49 98
2 3 100
3 2 57
2 66 70
3 31 81
2 61 69
2 38 95
