100 177 100
-948851 62729 968630 -3965 -546000 605945 -830026 436820 902106 -764986 -180662 -509036 -553370 62715 -771575 224091 802855 -421011 591274 726452 324016 930661 -447235 -48055 -33030 299866 183970 349219 380582 -838431 347919 388935 865694 471315 267627 -110594 -562870 -294741 925089 -875798 -188541 688163 500919 -626204 -482020 -66362 43509 -13418 -297948 -882523 198853 -189922 67077 804532 -827460 466637 372348 -421218 224886 271121 -28410 -53198 309133 13827 67701 -689009 922172 60982 -363596 497768 62198 239762 151910 -824165 224755 -600055 -949122 -357788 -752573 -381689 -300670 119534 465983 -728444 -78735 -53339 223323 -91831 -470434 -268382 527635 -981058 -38043 -251365 743166 127244 736457 266679 -459998 548371 
41 64
20 16
18 52
50 4
49 32
46 36
22 56
94 66
55 59
83 22
65 27
58 23
57 89
15 55
65 39
41 57
2 61
73 71
12 74
57 71
47 79
79 92
44 33
50 78
6 67
4 16
41 12
56 7
66 72
45 7
29 98
19 53
20 30
78 46
93 86
68 91
16 46
83 11
31 84
88 36
50 43
3 42
54 59
49 72
30 45
30 10
95 48
14 14
29 43
11 21
29 79
63 44
24 45
7 6
29 94
94 30
37 96
72 42
6 72
13 36
16 94
97 62
41 63
76 21
5 38
41 33
29 92
100 35
97 28
28 90
58 16
38 81
58 43
52 22
30 67
68 27
29 8
89 56
81 93
93 21
78 61
76 6
52 28
40 48
55 19
90 64
87 27
44 96
69 95
17 51
14 84
77 94
44 17
49 24
61 93
96 38
53 24
95 56
51 34
56 57
5 45
73 91
23 68
86 43
63 54
93 28
90 69
21 85
37 21
8 98
13 55
87 18
30 82
73 32
67 28
41 71
24 13
61 46
80 98
89 94
52 33
21 41
2 93
25 90
13 84
39 78
90 26
47 20
7 19
3 73
99 95
96 22
7 8
20 39
6 60
84 9
92 57
49 45
49 25
35 14
8 73
91 49
50 37
20 56
7 23
81 5
17 28
79 76
35 50
66 92
9 49
100 100
5 100
97 6
24 31
19 83
55 9
32 5
97 3
12 3
77 44
60 46
71 90
21 58
39 38
49 47
86 1
98 43
100 94
48 24
76 66
58 83
26 89
87 74
44 50
28 20
46 87
-906164 152375 -506624 -913473 -523911 -747777 945005 94954 769351 -936669 672612 46949 735219 467951 750112 861385 588264 828265 910978 -814617 503553 699550 -549271 639514 -232035 -34483 -105581 400749 889725 -682151 241649 -328818 -590000 957505 -447877 -452220 850869 916341 462627 751467 648391 -115661 867383 -627477 417815 429650 885868 -489377 948255 -9551 -251709 -863916 -646246 -535423 368817 -319888 -105545 803886 -984664 -762741 773696 61943 467212 684489 -30906 844305 -188516 417899 521182 459988 789269 423561 -731777 -384094 691514 635272 -339228 157479 281239 770964 -52361 627466 -839842 -108344 547743 283729 864560 748178 -967441 -345483 279109 -640518 -194323 -973833 156317 -820413 -876419 965909 -525948 -109991 