1000 2499 8
115 787 280 542 406 712 636 687 
1 2 63150388
2 3 620975891
2 4 402081645
2 5 329677059
2 6 783349347
5 7 887374864
7 8 62543325
5 9 882462618
9 10 991970034
8 11 129043604
7 12 302020241
6 13 426456581
12 14 64193018
14 15 9965961
14 16 967722306
5 17 21018063
11 18 655487443
3 19 5116696
12 20 859149034
20 21 650621374
11 22 708896280
21 23 923841195
11 24 915211201
20 25 338596317
22 26 568809375
12 27 949886697
22 28 516680000
18 29 523155317
1 30 430666884
1 31 943753148
11 32 304566816
27 33 654744334
3 34 12117534
19 35 113654861
2 36 703994459
12 37 940910193
37 38 2918663
6 39 907871493
12 40 447740712
9 41 869811368
41 42 957057816
2 43 22262669
15 44 468294402
4 45 955183611
39 46 742980457
31 47 882455246
1 48 274374049
46 49 186043380
30 50 214158420
35 51 356226801
41 52 769209343
4 53 992944475
18 54 954415986
45 55 162114911
42 56 626797651
11 57 255197754
9 58 506375067
38 59 24218816
26 60 184091160
55 61 709545945
56 62 558609641
4 63 490841343
50 64 38642694
31 65 883608770
56 66 100775093
7 67 384388932
27 68 276723222
62 69 62205117
18 70 389406104
45 71 693526007
8 72 808648065
58 73 31990995
55 74 250595178
47 75 949431491
30 76 228316352
64 77 383974222
9 78 45823301
26 79 970633360
13 80 74434957
76 81 258119606
61 82 900568962
41 83 460261254
48 84 59061984
1 85 88543957
11 86 744404921
76 87 750979343
23 88 886248690
78 89 126764724
46 90 686730436
82 91 107304405
57 92 628066620
21 93 39247514
69 94 688224444
22 95 839116735
68 96 764507768
55 97 652142355
77 98 157803257
54 99 309142008
60 100 411995294
57 101 327507429
70 102 771557398
60 103 194011367
83 104 215865574
40 105 2979867
94 106 701262313
91 107 712706614
40 108 873846220
80 109 273064958
12 110 654016398
51 111 224173262
3 112 585988870
79 113 650065174
92 114 248530268
48 115 193151192
83 116 20565390
110 117 571463724
90 118 833768685
18 119 492656573
15 120 838004638
110 121 439791946
13 122 791137562
72 123 75041830
100 124 992882862
76 125 72562105
26 126 500609531
3 127 864412156
72 128 774053239
5 129 446905344
81 130 864464106
82 131 911296104
19 132 254218226
21 133 75860971
98 134 756892800
77 135 432676819
126 136 35059033
2 137 48145536
64 138 916546710
131 139 335502822
17 140 475582500
133 141 35372555
53 142 322530884
61 143 740231562
103 144 953377804
135 145 774665746
137 146 86722532
57 147 578278632
52 148 871836170
29 149 780714848
59 150 903769358
81 151 410495848
38 152 700149335
84 153 607097854
149 154 500760221
46 155 950911413
39 156 422947437
96 157 222308148
139 158 750867112
32 159 516433334
82 160 211621123
103 161 754490763
66 162 828212361
29 163 66815126
16 164 21541396
114 165 867633357
109 166 26576088
162 167 285551805
62 168 263086808
58 169 653982723
146 170 577677679
17 171 841234899
72 172 325350857
108 173 157358964
150 174 806337895
82 175 320964802
129 176 320976542
68 177 44641452
64 178 96375064
38 179 491574708
170 180 683474514
41 181 129115761
114 182 635603485
143 183 454202896
152 184 690733853
14 185 41500879
23 186 570602317
59 187 537036928
19 188 210053240
85 189 975013132
181 190 46386369
129 191 818660590
165 192 369102621
63 193 987651507
152 194 804117460
23 195 725306497
122 196 5757699
112 197 41802893
13 198 409352989
18 199 775952803
20 200 265516389
127 201 306986146
112 202 439659125
120 203 32092157
121 204 641235131
39 205 51809851
30 206 712957687
93 207 63595128
106 208 54385342
70 209 20392674
21 210 32491770
144 211 956454205
78 212 747306088
153 213 176968544
95 214 784340504
134 215 573450677
136 216 27907568
189 217 303237564
109 218 681893161
112 219 930640521
110 220 572382417
15 221 669786434
202 222 215945800
93 223 646926754
106 224 390806979
43 225 559206008
114 226 473310412
99 227 910217769
9 228 203725503
92 229 11220777
218 230 512743758
138 231 779909254
124 232 186689791
1 233 493781598
59 234 183720361
100 235 5198436
63 236 567577338
84 237 205351007
52 238 797328628
86 239 770246315
234 240 150495339
237 241 114672310
228 242 428818313
110 243 848815491
161 244 207705674
31 245 337026091
164 246 31111424
38 247 717912151
110 248 856045264
121 249 805159111
226 250 515862067
217 251 7587790
202 252 654211447
10 253 866831828
250 254 940741947
220 255 24679379
205 256 494883574
205 257 29390810
132 258 590795121
203 259 497512845
119 260 54852424
100 261 409832611
216 262 17944941
42 263 246963047
209 264 244756389
112 265 627121975
195 266 564766985
141 267 710259464
182 268 322559622
29 269 30702560
100 270 740712798
230 271 464365914
108 272 48583077
201 273 814007846
185 274 114067652
120 275 118364295
58 276 356531705
138 277 22139603
68 278 57211093
47 279 837194742
170 280 393263549
91 281 960051183
161 282 827512938
28 283 717584465
5 284 673689705
42 285 978967747
14 286 828327836
247 287 827849601
265 288 899383479
163 289 737282521
33 290 837833667
70 291 510508207
256 292 555964062
261 293 576813306
223 294 753669497
228 295 200627268
242 296 657767257
251 297 119858477
144 298 190384790
71 299 23206377
129 300 124200287
212 301 14391998
11 302 224306741
219 303 95561351
189 304 745572460
123 305 457443124
283 306 843210925
291 307 862257223
173 308 338191734
29 309 792512856
196 310 543836056
83 311 881036946
23 312 931355319
257 313 180666675
161 314 224267726
27 315 10237968
43 316 848901033
67 317 418979856
167 318 633576297
272 319 6110380
138 320 748714244
111 321 169506933
183 322 895622594
322 323 898975118
104 324 72627905
19 325 998559277
112 326 253663090
88 327 590509342
219 328 570162713
196 329 532194881
127 330 889286737
150 331 893646599
267 332 190648710
283 333 642979577
306 334 3114361
316 335 687312945
284 336 533321919
1 337 605312990
47 338 149961026
24 339 882683588
69 340 370704063
186 341 987287994
234 342 245990215
296 343 799111722
120 344 540953534
84 345 27307669
305 346 534904927
1 347 982770445
201 348 324220214
257 349 747235769
194 350 37814948
162 351 656585556
105 352 260959710
79 353 886202286
102 354 445391214
73 355 538746410
185 356 675509681
38 357 14245438
10 358 346704215
14 359 292573174
167 360 199961063
306 361 203207793
327 362 195152952
6 363 271318626
110 364 740021497
59 365 255574672
64 366 832139562
193 367 41810007
55 368 629882528
284 369 670337573
273 370 936805509
205 371 129283582
238 372 672185302
168 373 19217913
200 374 918644707
348 375 541026496
321 376 513949394
269 377 986534420
117 378 366944797
237 379 363563846
297 380 391538447
363 381 302648255
259 382 869723979
197 383 581497209
286 384 727912773
101 385 152736132
30 386 242176199
263 387 453302402
270 388 656435054
194 389 257817387
346 390 713956650
70 391 330233546
287 392 839086273
77 393 693232062
217 394 10470989
13 395 179571706
254 396 916627897
77 397 412413829
360 398 245062472
155 399 256143611
85 400 179661838
172 401 65368074
317 402 737522805
22 403 699213814
352 404 387043001
378 405 522346517
70 406 95512428
225 407 56486995
60 408 68393971
290 409 323648943
372 410 475292936
287 411 249840317
204 412 195132214
375 413 645617698
309 414 663049056
342 415 804227355
111 416 220304698
80 417 603217911
202 418 40850381
182 419 592283288
10 420 159746040
168 421 68384502
43 422 36682474
76 423 653097884
328 424 558073001
109 425 341213224
286 426 869019278
408 427 568111567
247 428 938617286
127 429 526282711
305 430 70628819
366 431 206244891
379 432 474452745
209 433 350673803
105 434 307051281
235 435 394663594
44 436 807102825
294 437 835684878
269 438 679113698
343 439 368875235
264 440 274920225
60 441 672629608
279 442 541211423
287 443 591240048
198 444 26892714
152 445 115122403
2 446 172728545
395 447 200707131
222 448 29895611
111 449 576560391
281 450 375290496
47 451 905362027
76 452 477301071
6 453 6150557
337 454 996143766
236 455 137162858
65 456 648812445
305 457 707584431
39 458 525736188
63 459 312869345
259 460 24073504
11 461 9934214
55 462 63842507
67 463 915561401
80 464 658728336
187 465 939040426
390 466 400362075
321 467 239047707
247 468 2997735
155 469 372084196
178 470 203128646
202 471 354187888
22 472 499128412
428 473 372618558
159 474 245896804
65 475 263661409
123 476 957420138
70 477 271529984
122 478 153831888
341 479 868093143
445 480 374834889
388 481 559389364
77 482 74111200
286 483 268469755
289 484 753507698
421 485 336548642
210 486 273471536
364 487 879519541
387 488 255712159
459 489 131291220
320 490 735625624
279 491 437259824
59 492 317371335
171 493 423768722
423 494 758383664
134 495 186282452
178 496 950441381
202 497 169544549
311 498 698717265
141 499 182039113
373 500 340295217
172 501 691813783
227 502 496302998
185 503 35741434
401 504 885360548
360 505 983852337
497 506 344385750
434 507 290551950
28 508 204896632
497 509 527560570
6 510 287522859
346 511 608607472
255 512 399497317
77 513 38265086
19 514 892283630
318 515 778763079
267 516 132707939
53 517 693491588
82 518 697477047
504 519 682422782
190 520 670532269
402 521 172602901
462 522 106109536
388 523 890923196
24 524 110336444
72 525 106764538
452 526 983063554
368 527 115531883
460 528 494064967
462 529 676230078
104 530 883378933
517 531 173278005
479 532 963337289
303 533 133917479
349 534 166124243
368 535 215790721
499 536 578024186
57 537 845374784
237 538 517874805
529 539 621519097
342 540 61016787
397 541 295999826
469 542 255030771
145 543 445599366
199 544 321901197
396 545 352165861
399 546 363651752
505 547 238398545
105 548 980403745
398 549 416088770
110 550 875647787
394 551 569189059
211 552 37713097
230 553 244403443
334 554 465999189
126 555 549790597
504 556 621085437
495 557 619190976
163 558 345304129
448 559 652982656
113 560 581391990
23 561 798075315
235 562 635478086
456 563 162470109
62 564 16498733
375 565 258664596
184 566 41338109
44 567 65201413
291 568 868912220
543 569 443746157
203 570 447593281
522 571 132559520
257 572 744061050
234 573 63440774
141 574 811359529
490 575 328741785
156 576 360228674
383 577 61426537
117 578 316862991
163 579 744532760
99 580 293584556
372 581 64609502
84 582 489180299
310 583 489589637
27 584 501563889
526 585 833154798
384 586 422749304
33 587 437309579
220 588 993993099
10 589 300157411
528 590 673818349
352 591 674565906
38 592 356797234
437 593 21706053
257 594 710051395
153 595 99255618
489 596 717928926
559 597 478840798
482 598 655657493
561 599 312420997
103 600 902399435
523 601 265493943
123 602 888545082
576 603 920797061
199 604 324498543
488 605 316410903
455 606 563963851
376 607 207740457
539 608 732530820
424 609 652607370
231 610 433113891
530 611 99355036
510 612 437785092
224 613 978130390
574 614 293012953
66 615 393231941
272 616 353943079
540 617 277966342
51 618 731331015
123 619 503054798
123 620 373401446
475 621 709933155
486 622 576159238
353 623 129954592
472 624 38397306
104 625 759809653
121 626 788360942
248 627 7049316
97 628 285711709
81 629 207297285
468 630 837828121
479 631 54638851
365 632 896602439
291 633 797178397
485 634 448184927
446 635 788453798
87 636 94220465
295 637 467761414
256 638 267847643
163 639 32268342
590 640 583247956
389 641 464653896
391 642 393732068
162 643 400087516
635 644 557380137
144 645 643146156
107 646 42247956
554 647 229821697
283 648 812934505
119 649 139074620
447 650 72973635
208 651 696830286
454 652 51168910
468 653 187562048
578 654 807232395
385 655 42563500
248 656 918017872
320 657 499044673
510 658 551570501
618 659 688040516
538 660 11672744
608 661 4303369
239 662 195304714
64 663 241462398
179 664 69670608
128 665 377810593
253 666 955225778
96 667 758846213
35 668 271408959
79 669 3888721
554 670 677982039
177 671 825674688
57 672 130398384
664 673 57999266
215 674 953623122
522 675 522530266
384 676 870453531
197 677 546249822
569 678 270499899
194 679 22708155
291 680 22945721
519 681 903039886
543 682 55164653
44 683 968210699
273 684 245379331
307 685 293247866
558 686 48299902
593 687 362032820
491 688 66291891
221 689 725905835
23 690 754683978
344 691 165644000
584 692 966412225
511 693 135128299
169 694 556865768
686 695 822564598
685 696 565847654
667 697 567692610
273 698 17220658
326 699 781745568
450 700 307739
436 701 263967737
555 702 401887297
319 703 390181576
4 704 665906073
416 705 771556250
93 706 720274541
628 707 416454549
337 708 521412826
603 709 100194286
263 710 880321872
56 711 574146161
87 712 128318742
348 713 908938749
393 714 580358851
150 715 193127173
467 716 100374726
566 717 439940112
265 718 980591070
311 719 38068282
327 720 701303203
287 721 853178801
414 722 5221628
648 723 463274553
271 724 368079526
644 725 233815977
30 726 529933235
499 727 673876587
328 728 677057545
530 729 779642879
360 730 315333343
702 731 806726521
578 732 572873539
606 733 881976831
541 734 194469015
205 735 822978380
657 736 260338447
92 737 91950639
347 738 448755765
51 739 31467789
375 740 802083686
166 741 865281626
374 742 405394002
2 743 981259556
115 744 494621055
517 745 643265929
532 746 182334662
62 747 468769084
459 748 908079061
10 749 40326148
459 750 285367979
298 751 946601021
218 752 41201184
694 753 293649237
165 754 131896410
433 755 456863311
249 756 508467545
666 757 713184836
212 758 869511020
307 759 818845917
22 760 547707833
582 761 426414298
192 762 678309561
109 763 783527566
579 764 59608249
509 765 123250785
215 766 810763867
606 767 999930701
612 768 205488403
526 769 579484513
386 770 893906858
393 771 391017537
332 772 856775359
131 773 106813860
139 774 674494785
488 775 46172117
110 776 192485622
236 777 592581682
490 778 689772279
223 779 671034800
642 780 739059761
500 781 654708053
538 782 791310821
212 783 37205692
584 784 377811497
514 785 607619221
120 786 815904870
714 787 96050467
709 788 532016600
429 789 986020540
84 790 183086609
300 791 133370956
91 792 395784054
680 793 68341714
27 794 713669568
214 795 661788897
324 796 826243196
444 797 621800736
35 798 858226571
158 799 870711499
653 800 719603619
724 801 573136176
441 802 663313612
554 803 371002163
7 804 903669989
192 805 458834891
385 806 295046172
90 807 939913346
720 808 513770873
256 809 169737208
260 810 710159188
27 811 749597281
320 812 885175258
422 813 622162435
292 814 32165260
184 815 407169977
113 816 855443392
563 817 134132595
625 818 664734494
235 819 404283571
612 820 656777764
404 821 465108753
710 822 299405731
734 823 714608312
91 824 439468352
382 825 44468966
59 826 102577140
437 827 391249008
725 828 943247499
801 829 716637757
15 830 18119209
536 831 385026502
42 832 946927808
336 833 559465884
164 834 511914396
364 835 994869218
611 836 87076823
834 837 260355790
500 838 22117605
120 839 390766892
278 840 602818826
777 841 934903516
127 842 998532062
232 843 654129487
278 844 490767568
582 845 429216782
626 846 910418848
834 847 932326707
186 848 618537188
649 849 433491437
130 850 433421956
342 851 257428224
799 852 27125822
525 853 710718787
346 854 899664930
163 855 364747296
629 856 896877335
113 857 841290776
395 858 673810772
630 859 995191613
373 860 628836072
159 861 894387638
764 862 119089203
586 863 566323262
25 864 31868523
96 865 25066661
280 866 120938520
463 867 64775246
528 868 772596119
261 869 71678639
283 870 610549147
558 871 496020436
250 872 677746087
583 873 153480924
215 874 162312854
722 875 334304378
535 876 847727891
214 877 562398581
876 878 959784481
257 879 488639785
723 880 958951317
500 881 918514180
879 882 876840087
43 883 678964746
198 884 8628260
139 885 61960018
429 886 591351695
213 887 107202694
800 888 912320251
401 889 945432935
565 890 34825186
263 891 275871558
73 892 101027218
878 893 567836044
476 894 842496939
485 895 290401843
397 896 339993250
486 897 308916811
676 898 245389889
790 899 751585910
888 900 30860836
705 901 158203756
688 902 667959358
92 903 131506808
841 904 956669266
617 905 459415033
378 906 30247290
47 907 813503970
795 908 26623651
432 909 434526266
118 910 935266063
877 911 99523997
363 912 20929490
564 913 1920953
484 914 602574678
297 915 544791506
84 916 598176216
273 917 79068990
158 918 129437160
574 919 965356521
360 920 703913708
447 921 769615571
43 922 866849693
241 923 330412685
837 924 651744904
662 925 223444928
539 926 795698831
255 927 580775333
152 928 15709542
512 929 45093006
693 930 566465047
59 931 857556060
742 932 6245758
726 933 153811207
901 934 949286605
638 935 320706330
697 936 583930377
441 937 191880755
671 938 283597451
201 939 967724935
197 940 393055105
730 941 532127324
347 942 518125674
783 943 788361357
577 944 22686621
570 945 96595722
232 946 365564099
63 947 878290518
630 948 87595352
433 949 174831367
659 950 268990766
906 951 741430857
272 952 489807082
729 953 800366171
19 954 924920965
237 955 34778896
208 956 351589324
359 957 347774544
510 958 733764321
889 959 313342101
254 960 129584823
720 961 498897262
306 962 765426074
67 963 332293119
439 964 64285605
941 965 471384958
758 966 61985610
470 967 13226424
48 968 851387854
710 969 911049098
457 970 603527114
798 971 746574697
685 972 17687979
469 973 268020187
24 974 463268914
891 975 357341179
363 976 108499189
372 977 836484089
286 978 920812252
453 979 555425687
701 980 768809637
978 981 835840173
590 982 691077985
439 983 458807718
58 984 488018677
760 985 450535937
52 986 890202778
519 987 412384977
144 988 492353373
909 989 353676093
903 990 337857183
805 991 511484161
800 992 47186582
980 993 230598891
121 994 523469514
582 995 199211871
586 996 349387929
356 997 523677907
22 998 908511156
480 999 11321939
465 1000 903350943
472 439 602545414
125 479 99693448
522 170 655561630
343 405 451957863
280 838 903611
986 43 486953604
733 859 514639200
29 62 712353728
471 480 948329207
377 665 67160064
516 637 506633693
356 348 443957212
35 294 615209005
370 620 727677063
190 91 549819856
418 899 986729729
198 149 315985604
39 152 408050811
950 514 6814892
77 209 22674442
476 4 438413208
558 159 813349264
452 29 733853206
508 274 61278694
623 511 875302008
833 854 229452877
92 204 600688487
45 493 985420055
565 273 517250472
999 702 430899600
924 135 29373740
679 790 920317746
38 915 100448094
634 893 838426633
288 213 77574312
119 364 490431587
312 712 893880134
153 797 326418876
167 425 655922511
597 650 325697256
349 363 299577856
14 682 238927233
29 409 27192394
62 744 922897555
458 837 471779487
519 894 23208069
704 728 439548920
138 953 494115914
536 146 964365866
151 830 513955785
446 348 41682794
733 277 465555337
868 699 102534429
308 340 909093280
820 894 194634212
360 943 372816861
737 155 783318247
752 310 175030067
134 999 97691232
384 246 407100520
419 900 304445291
939 67 733281791
108 655 368689932
107 758 873960290
51 265 728596097
829 283 470397267
681 69 422098121
920 486 712883092
528 292 54284660
262 710 988283861
140 229 907890348
350 145 445647325
314 367 700879492
760 857 956025084
361 931 989104000
882 871 964509359
39 973 948190308
977 7 333584020
54 187 49289024
611 579 306325393
673 337 468674491
924 100 434875968
977 939 607249566
719 61 225538205
332 123 625074340
567 889 903493361
503 116 629031553
886 904 15549953
898 544 607783984
5 493 44123762
428 319 6370177
564 3 128599423
216 928 148381153
307 144 656882398
552 660 284342635
25 633 561004527
656 976 219946287
517 600 973333542
21 707 260939458
379 315 446122682
967 424 650787589
248 102 759266703
52 486 983128121
528 523 3135328
367 533 19396419
447 48 35354415
344 730 172220476
15 1 29841137
900 62 52513852
657 727 79630197
135 11 299736678
102 480 488396693
273 856 51439159
871 480 269368480
455 775 765023499
82 808 971684358
730 252 74536175
632 997 425289284
653 680 944430766
557 68 262463762
26 430 631952661
663 131 69562059
557 988 153664393
897 43 953183516
188 310 399283147
889 684 38519535
638 407 965504778
289 56 314801562
748 481 65633833
82 908 566687043
397 86 850341201
495 748 627557014
317 678 20434106
167 110 610227114
296 468 57530550
964 97 318234159
898 852 954145534
212 62 125506780
682 206 40666431
5 719 264279576
344 984 329677031
109 694 366608358
668 560 500893740
994 353 568415510
304 249 398496862
791 404 652844969
792 1000 892076398
519 414 688585860
328 359 277535934
902 808 713981016
382 976 585071913
325 699 775914960
945 797 601961045
326 41 20896508
353 407 272240440
824 110 999650301
880 573 870554600
245 511 30640370
608 895 916847271
337 618 5688097
943 90 146033710
749 624 154345833
304 942 762076984
420 328 583996391
899 846 37058386
956 173 975334118
502 751 65006817
769 258 469260556
437 844 298645619
941 164 117223106
320 304 152970058
980 527 55131364
315 276 8879398
7 837 688987305
371 259 499682130
207 972 611387604
607 884 585022705
964 519 610186267
12 463 902531209
541 720 45205719
525 523 376318671
441 931 324533741
26 222 605791412
654 117 681405692
823 758 800964272
122 774 983537095
872 575 336586574
936 716 71200996
573 145 838646008
357 61 668306964
684 619 271001671
430 553 834872877
262 204 992186755
680 366 224476891
863 506 191658951
949 167 692207902
69 726 29499771
84 137 318149895
924 775 213383974
542 335 616136613
36 644 757847160
66 953 4043310
860 677 988422299
597 118 77592177
984 374 124361147
149 846 225387643
294 5 17673683
744 853 685788551
318 190 908708538
255 684 320227371
506 668 840352621
544 226 613779904
508 66 410613917
892 34 30406930
631 321 916255355
685 365 969877064
183 708 747178434
675 283 571085845
636 322 715417094
232 853 491552287
932 19 30465339
898 902 466012335
168 750 89654920
960 483 37619097
410 9 416676429
824 135 106445422
476 618 778447217
336 395 772396000
635 357 215824880
267 350 2388597
710 630 532563621
846 865 335871087
393 513 767199316
50 293 241213690
30 815 256998907
20 816 959887511
413 475 596156504
3 820 81243848
922 485 550661309
744 770 538566908
151 517 250643
996 63 899882684
812 540 527946541
982 133 12512535
916 119 474633550
315 989 686866250
160 557 69025788
619 434 781549235
17 387 50467590
272 888 482257911
881 932 688768978
49 86 136013682
283 606 136089324
744 906 211721950
411 770 129185484
864 107 380552775
440 155 714095590
266 644 24285742
929 682 644274679
273 319 943857403
253 321 639397517
451 70 691057064
879 454 270975703
675 969 918388139
528 610 252332207
788 757 916397091
406 346 972396261
152 825 733388870
469 860 461648077
489 238 152532234
333 85 882304267
302 903 741928978
548 210 961957788
730 61 474170843
412 141 642730792
993 616 14975270
423 778 732913030
28 107 71689640
121 314 212233104
510 494 196615663
566 527 819970088
47 218 394194071
397 440 103133834
952 247 935578798
85 710 807040980
479 321 574464355
798 831 605613010
20 804 418639094
570 563 791862542
189 804 177274587
805 637 72132632
711 569 365711152
690 547 274705937
533 106 39971168
735 608 852619901
581 105 52956696
859 73 402254921
440 623 215526506
726 6 330880539
81 337 838838847
361 795 976947673
665 418 302884866
807 839 349516667
890 754 119316361
491 84 822142740
986 951 584488519
948 872 662464030
762 666 48599727
141 922 428384262
630 548 109071082
641 648 38156791
39 490 320403645
14 664 439560682
143 910 908721844
145 853 717992174
283 743 304466579
370 244 272842931
375 43 612606206
608 542 124262493
246 179 317603429
367 439 94184582
825 823 227637557
568 352 955870868
250 939 881283389
530 386 780576572
472 977 241670238
639 211 17026646
764 448 39507574
57 965 795412963
388 613 82647694
301 804 360310364
559 761 32609089
824 655 713992764
930 194 932919407
793 19 47390927
850 45 178639906
382 996 367198268
123 340 87861439
819 900 601857744
647 131 225254001
783 192 414608269
90 473 481219027
552 208 628643826
516 45 647349212
258 223 829903116
8 853 17105166
315 787 534744508
316 350 488652257
107 462 595101770
193 32 995143277
41 358 48702762
478 729 780025687
240 305 749705485
6 77 374684157
91 516 357320747
18 588 575885796
893 70 57821391
700 780 173130081
718 911 40744739
368 751 641051526
130 942 473495612
602 774 851242830
443 291 404271720
155 703 829249548
66 993 928927926
445 637 832591633
617 711 239099334
424 327 817083036
76 808 920535507
261 964 525751814
433 449 12510717
722 4 972402477
636 291 8193243
534 929 38552864
679 945 454846528
328 47 135296012
665 507 227191884
610 456 247528038
525 843 239195062
499 549 49903961
798 102 77213016
916 889 780474994
25 71 910516987
890 759 897758345
867 960 55214436
853 7 280771058
836 178 170168222
256 260 219168228
900 359 838975880
233 617 26922793
388 773 958337442
66 476 157453830
95 492 88657428
825 347 170390381
593 835 343303423
964 806 911324512
231 719 193592328
728 348 402420904
729 421 19734304
131 969 321331127
278 450 47223448
640 623 755152601
190 504 835261541
882 132 106913185
644 210 915216560
396 956 389637523
213 859 672320929
320 424 426262029
307 940 625930860
518 422 812479867
151 868 53969819
286 810 13004218
237 540 780652189
360 389 637597132
65 186 999499407
4 716 299672253
354 269 139289673
77 292 145109460
565 97 677633964
626 636 43958781
782 309 24819241
736 826 606282358
361 444 898804373
297 793 425499832
846 384 830005803
913 91 520990632
182 276 594667746
618 491 645867518
760 563 837905136
125 757 579813877
105 596 873726366
907 594 736084019
610 129 144415054
500 454 170042362
267 703 621741769
720 795 277508751
456 424 452384717
811 659 458535915
746 598 825961173
694 400 477927072
320 650 262314539
114 936 92595469
503 870 443581995
479 439 13397444
864 974 8847577
102 668 698552635
672 261 994782374
531 617 225169074
277 918 446171262
438 964 703830627
30 898 552112917
555 810 819841776
243 89 126694258
527 398 30039048
470 812 749225147
909 517 671378524
401 513 128502594
306 190 625929409
994 231 38837968
805 711 936766629
388 844 359996464
619 586 691613622
367 557 601167871
809 922 347961553
298 541 924794034
722 791 848639528
471 152 386597352
251 841 374766263
598 978 473225968
564 252 780136680
574 523 997581469
120 88 858698372
185 54 57072201
608 340 300364252
135 113 704464935
181 387 75931704
61 198 675791053
309 95 558726527
870 162 38610945
335 476 303021352
858 717 957084866
768 223 8662112
221 635 76792985
752 464 632194428
283 698 340347425
376 253 175201440
242 469 859824852
279 641 658002352
656 7 246997016
861 284 818590583
813 235 19400073
502 707 3506197
731 651 16076424
674 786 601550509
149 342 760231171
596 617 127921743
85 15 490349446
369 892 37439011
34 547 681427074
659 615 899891927
776 170 220639452
21 497 278502730
418 513 732043192
393 247 526222969
917 638 393947526
328 636 963970217
358 493 374840910
368 63 983469525
150 707 232361784
77 677 350096217
355 88 31375710
896 207 698954463
779 289 42397653
836 630 943186058
20 830 71618297
466 109 250633825
199 313 103379704
195 144 234276093
405 767 43941281
606 979 685400438
913 171 763967341
737 373 895634570
552 368 416827341
516 662 897490702
294 590 525402294
691 902 710111130
242 865 224750442
732 239 510100847
611 941 701346953
505 21 888466604
476 46 447069527
840 260 743528369
342 991 548186190
968 721 562264530
516 696 111226086
358 397 48875327
708 828 46087843
128 119 935474
84 435 677434208
145 601 613440859
98 173 666359002
934 374 741755784
40 784 967805311
143 417 41740952
503 259 904527992
57 152 485388193
650 346 819743988
410 138 981631583
989 212 537730230
822 934 10529760
599 891 578123232
626 469 516485229
198 75 721004545
838 514 116703418
226 7 722222173
359 696 764462673
979 927 996766076
653 540 880993083
686 213 552898037
105 37 318038769
621 425 733550203
779 328 648053377
86 411 235156263
866 936 406881796
118 89 698830855
309 205 555452223
286 776 827475176
217 707 531818903
926 512 471044191
746 558 160571193
33 138 150467101
255 355 674966410
585 916 281178227
40 906 792006348
492 280 600839459
899 122 423298834
14 913 840297834
79 821 445141605
983 824 993630538
367 166 373743159
592 341 81131035
99 727 622792711
257 136 349384787
771 158 451154773
574 905 770328725
557 10 425875656
387 518 742283256
359 114 508277405
700 37 1941401
256 998 441006674
521 658 618540899
52 218 59515283
746 387 299675676
254 135 320872548
615 809 60333235
682 91 928078480
282 392 452294344
346 699 792921681
560 466 815088252
232 344 395911743
524 992 442029434
805 943 434206846
350 674 16565574
674 868 192861474
404 193 64487620
860 289 96167398
215 434 146465035
452 587 619949837
824 573 904478059
252 662 21624727
83 282 14192409
455 597 528821339
543 273 913517803
524 666 836429150
570 129 816886095
126 585 735333733
680 748 337697909
275 291 822373743
398 797 533602571
202 200 821911417
797 844 284749187
94 900 885222881
556 459 827442854
703 562 29000217
437 170 693848409
429 295 559797392
226 887 350494638
445 481 939685853
152 105 933803309
120 520 53575469
52 606 269432420
842 221 146625518
949 810 637904812
127 522 611886780
850 98 335519549
60 178 127025035
188 553 672591476
292 193 754861334
214 210 457459299
977 918 882719110
35 303 19454361
942 560 837522022
696 753 260902195
985 709 936239558
659 488 938865443
702 778 260078766
779 141 929871806
801 192 681855685
682 261 341356684
339 427 812526401
880 656 739715659
1000 912 502504209
17 402 219790404
704 910 563710025
416 25 388232913
876 517 94502605
909 407 68022062
338 470 769137217
596 673 944388736
500 891 73689391
72 248 360059427
397 232 28454265
783 416 858082103
709 681 495232513
727 79 901173100
390 341 388058519
209 447 619787533
871 571 580795170
443 167 58978890
104 515 693178130
52 286 38537162
567 343 727521797
178 105 161897584
42 27 811641015
32 734 22850156
773 105 356589871
878 873 809939333
109 434 622779687
96 822 831830693
317 113 190541243
299 903 582701221
304 1 214807637
916 560 493413978
104 218 369982679
227 41 61242847
278 7 216073482
832 99 471457060
50 668 852303174
796 621 878203831
69 837 113233506
362 224 762362833
724 976 870428894
702 914 713188515
799 823 998334798
414 223 51839969
162 40 673398282
736 422 906097807
810 880 934238739
571 578 375003403
323 975 180179271
553 399 278735963
137 572 117828040
957 623 99094200
270 195 988589736
961 540 458971482
571 637 808644570
467 536 999409029
385 192 2459989
928 691 675623635
730 976 949379977
488 908 436787395
954 598 4095238
268 523 203911042
819 152 805408105
148 550 849501177
393 856 623525258
957 689 944679702
354 696 75108580
339 498 51669086
10 165 884475972
170 869 474618803
173 219 502580661
10 845 993491553
157 449 442095530
956 292 262936431
590 357 35217773
559 700 180690723
479 243 544787655
16 158 63400406
611 465 159984
632 890 924578298
129 414 466606777
751 943 30879592
808 460 603628023
1 29 955836910
342 466 590051377
927 440 381828376
858 382 859954317
953 984 574388029
207 627 254419192
714 358 147980749
11 190 801549460
43 256 195653849
233 367 33433446
748 160 31667683
115 717 602635071
79 80 178508262
171 265 925488619
135 154 690110632
539 248 910432408
281 455 787629887
419 882 457302152
984 806 744379362
266 832 89527545
966 663 142445809
360 957 732800596
673 112 37325638
578 251 190474901
132 222 890215356
654 785 509985530
839 847 468107776
442 226 167409391
81 423 907355799
288 801 297070648
788 905 108797488
900 331 41319007
169 449 241002539
447 197 66631520
317 518 12282472
398 319 460202898
443 676 668385364
446 632 325022424
250 370 449669425
234 371 277878024
378 288 22389157
432 666 95068059
11 605 60699782
304 17 308937366
470 536 609046244
790 358 401407672
575 725 580625238
953 759 807356644
18 321 580184200
61 915 373982929
701 904 963936004
669 732 784666863
542 694 472140352
659 140 2186139
461 621 232392936
44 512 757397894
988 646 215365741
735 202 432623970
766 234 457232333
238 306 259461326
789 218 573005220
512 871 139291268
128 621 211604851
421 106 858332608
940 993 418748463
74 899 490040563
313 421 42678796
975 671 714586536
248 46 591501195
431 977 742388150
154 160 118944705
199 408 13842854
700 982 367938025
17 337 247300198
265 541 191430701
971 717 90040367
768 141 511646128
547 573 861057203
567 617 362491358
789 325 535498379
543 449 14383863
544 782 900930527
809 812 946659289
460 384 740380246
568 3 487278862
616 535 46847039
761 955 949902613
491 148 492325632
624 218 22948340
232 38 713320639
604 702 51993597
463 842 710517583
853 778 707886560
337 944 997778013
652 145 280205809
27 120 18987739
370 783 195184826
886 324 247519660
157 29 333704387
621 958 43930511
264 621 190624673
16 725 497747536
210 974 378399804
360 131 107968301
449 826 72517732
148 219 85482118
607 357 566072727
226 24 648458440
724 704 941177099
329 880 356230299
334 534 318864130
582 802 327718474
390 997 212233550
764 525 693764210
21 361 42774306
905 131 793420270
414 189 303194139
910 605 126523649
652 666 385924238
23 935 836033476
126 564 274173203
139 726 141965778
273 283 589436753
237 329 344019762
847 679 487796235
403 813 118993028
286 759 866133610
494 749 98297967
692 682 960661645
19 633 410779209
88 470 651380558
769 941 627205640
35 241 923241302
707 341 193059176
320 14 840129891
935 198 121924189
65 322 660814807
463 728 815431355
428 727 863823748
303 835 2400547
389 487 268137398
80 662 696800048
876 756 195913089
988 935 953601250
498 31 685043277
450 663 18928970
399 255 65586078
676 437 169910391
447 27 572073512
518 997 185261727
678 123 568414738
912 522 544893073
584 523 835846793
503 41 192918874
270 537 90846856
489 439 667780405
757 137 699225317
839 869 654929336
376 982 910390687
479 921 60549436
24 171 347580006
202 696 440769421
882 625 3812459
682 731 885171666
866 563 488822122
767 119 967005118
270 936 579244532
427 849 154333175
756 960 973079297
476 129 958594502
352 450 226896052
25 932 1897472
440 68 621105264
40 424 8203059
530 148 276760604
671 171 498491156
864 838 407366834
729 60 753302312
889 734 291643405
675 646 780410545
923 56 335573492
175 954 482768859
631 341 840960097
671 147 59679783
261 248 742986518
429 879 729779223
465 441 40654434
689 828 505372186
334 73 517937455
820 368 925790905
329 734 964477519
581 909 185788419
72 768 820031752
265 139 335458869
956 565 935861468
912 960 849381293
660 658 344819869
884 645 200252944
907 530 281580721
180 442 840574138
195 363 386481313
354 68 647145573
827 438 481905640
265 53 591416349
343 782 370644473
210 124 952763235
294 589 307740049
640 606 805779871
17 178 37997887
922 109 15747275
386 862 681767728
704 575 777302365
555 937 245881407
976 465 815541620
240 992 10259004
571 588 62990662
14 817 714882427
315 840 5713609
540 377 386435487
128 296 290865824
442 877 730456488
882 342 862378056
314 663 43040058
168 512 659526530
955 115 10352432
586 305 629605123
141 690 529407329
547 508 14401625
545 590 338254768
19 630 105357600
727 398 95957081
523 515 131786086
765 251 962496378
265 275 550080346
358 435 771130335
901 565 547213372
433 310 571591442
829 564 729790080
626 471 571842722
22 281 34455364
494 516 477748403
515 977 535756019
75 288 438667718
362 215 997338426
237 384 418330057
68 596 443385899
936 612 641188449
540 853 69342895
394 904 934002806
747 709 31837745
231 380 538911488
155 36 995252103
186 775 512513296
914 408 932312868
609 282 624000801
713 290 835584635
554 508 382666655
836 827 247336630
565 664 403020472
428 543 559170711
297 847 852804962
515 714 210404781
978 443 708210604
847 427 810831547
787 481 4520009
786 118 799507301
456 762 773735257
343 668 34948380
694 754 668219002
665 600 1607498
814 82 815401998
649 218 880523969
230 91 385444814
54 56 653384289
778 307 449488527
625 438 666707720
579 348 431397715
248 282 236605631
855 818 466672530
970 356 908882721
432 884 45863113
468 141 134994702
344 311 445625668
235 719 905118096
437 31 650566183
27 652 66428429
512 518 795649219
822 755 678281645
452 113 643051798
728 336 797218318
756 952 638613411
354 178 904513830
293 438 661683315
156 138 580433015
277 977 119676267
432 186 828816761
763 131 426576848
603 371 990713156
681 930 705674519
295 915 609717629
998 748 641687281
134 14 41168514
440 823 247765654
241 939 576715480
690 479 809284432
674 338 24349652
977 871 64422475
453 948 622162824
477 669 400449947
606 411 528617455
789 449 977780878
894 931 801094492
163 430 159255348
119 920 178783776
265 667 591008555
713 769 991520122
579 283 320411566
645 44 658604995
126 11 35907808
857 180 688791001
9 692 34439764
876 808 129636811
434 153 780949216
701 636 8143558
828 666 148666276
214 957 743593535
407 721 89965653
846 680 821218913
839 291 753320653
830 636 181999033
369 851 246113239
515 913 510922783
970 851 9879863
61 144 510862567
970 564 762685176
983 596 892646984
296 616 186933754
511 32 62515212
503 29 23098299
999 434 89794424
641 995 977674084
829 40 42241662
107 105 981277718
655 761 649866272
840 44 67244149
274 238 563888167
153 9 922701685
828 394 614787077
196 797 308573284
592 264 713450246
740 922 285615160
529 955 831497150
689 596 484166170
410 355 926898862
664 675 911907634
373 845 585885239
102 419 234384819
314 699 764826564
40 634 767897386
473 742 886562354
750 41 824968707
282 48 116168067
25 198 684812891
173 390 367401923
713 288 680313357
685 828 536191801
859 939 495766518
594 99 987437521
98 918 714073739
230 545 276114889
69 444 675708317
334 783 980162458
633 111 130952043
885 983 184735017
599 282 894458088
877 494 822198830
273 512 952232270
455 808 80165348
984 136 851295459
517 203 745876977
681 740 864491273
452 510 624811671
872 890 170144651
151 51 533897243
492 937 161290022
409 433 39358326
629 527 576382806
163 518 521676858
835 129 228873570
422 484 172348870
601 740 691759274
314 259 586516908
408 467 18756655
584 559 925361506
447 897 627131235
444 546 344814888
627 801 170904113
894 45 853189176
43 52 266986575
314 138 556962356
215 138 828370883
149 797 78946252
90 468 909364915
730 451 371972270
36 432 659954802
750 842 752594098
227 405 597795270
952 499 74463813
181 329 312317054
645 589 201974805
671 145 324464179
474 859 745184255
376 24 627205726
580 898 323522357
234 666 452746569
19 955 119736123
474 658 531046547
539 34 486184939
766 742 249020222
646 212 757840861
273 757 230800897
37 888 850372519
14 272 129990063
1000 550 303099771
251 143 359579778
582 910 232275086
917 440 435219110
222 521 471710664
86 865 876988936
373 811 187904429
948 863 47018336
640 648 57892747
499 687 383873660
459 637 338666981
125 972 378962894
722 874 432050206
279 281 714857784
24 367 716191081
608 41 909269015
405 132 436869872
205 364 928161421
837 844 19773762
432 53 216397330
637 963 6575874
937 601 19263805
920 23 8327885
508 738 370775247
803 773 699786859
245 524 842415104
541 133 395014457
833 78 723077133
467 312 997705685
958 460 208168705
762 503 991342347
348 627 416284098
333 958 326416384
245 887 589300063
88 803 796764572
883 569 32604569
357 905 66033980
745 660 486946479
351 154 926872
243 18 784239725
813 867 30186738
193 281 36194934
664 185 46707583
969 555 649743825
632 164 38544154
573 93 935534514
139 745 605975334
308 535 980585866
431 86 181164995
356 13 99826256
457 185 984781621
799 661 390022929
309 554 848046736
564 9 226678965
145 850 589115304
785 263 144167187
157 714 335757368
7 614 128157496
901 688 597981776
271 19 97946355
785 439 809137667
907 156 860405668
339 765 402830417
326 252 133716549
787 499 512503634
640 632 250056376
255 631 623146916
188 888 660338771
782 357 73763606
811 401 439880105
78 240 887541908
830 497 25202586
739 874 352740693
583 420 536023964
739 619 970598211
537 95 650750283
159 856 423536810
481 282 127202095
851 83 989919525
484 650 272362188
657 204 60204484
385 407 790214639
146 614 663642753
169 114 490513206
767 419 840136420
670 939 214069217
822 987 849901557
82 241 425011415
408 603 971791714
73 67 416197883
370 594 925298673
816 590 166725297
409 729 592721703
799 406 61378730
58 163 592714808
228 2 68778487
962 258 792129074
9 186 430302028
691 371 749482853
240 804 171917204
336 796 177271828
405 31 817669558
762 765 194832994
188 950 837956005
795 660 238076790
452 761 106019501
834 309 61510640
156 496 296039676
655 144 108540304
508 177 653298287
865 588 423152676
823 603 913110686
325 269 51974066
286 58 61256233
977 401 289021414
775 413 566163779
673 904 786013374
504 566 331561344
865 548 553664627
758 337 255029979
60 558 793790121
234 840 50155018
572 507 670191322
29 461 38140421
266 543 212155391
194 185 221776596
263 664 384469889
28 685 470942616
386 548 559205726
762 830 607762908
757 478 603236766
455 309 957788189
99 983 300588792
238 967 91401622
244 313 101672640
510 457 385116496
371 705 214313492
881 863 431887466
167 662 954856518
202 670 36523940
392 212 299404940
47 688 45537330
532 461 145076453
365 80 199620542
258 313 40154190
755 190 880378814
781 52 630698533
88 317 128219128
581 400 952057052
944 602 392624210
530 404 368098
597 678 286344669
729 693 672089294
682 591 836760356
899 252 736580557
701 603 431481777
292 903 68023629
900 470 436691681
368 523 212231914
544 805 52990952
652 882 818242968
298 435 797150503
579 569 148825874
130 931 650287276
503 420 978570370
614 623 490439690
611 461 102726256
402 488 661056858
974 594 346456559
477 382 588835729
425 398 749127430
124 50 859904004
363 554 591417436
545 793 667324216
660 356 858237991
750 3 260502766
641 656 150148694
606 212 309512046
919 606 847662077
341 882 298716691
906 308 67694080
656 999 747417367
903 724 26764547
495 800 634386591
400 952 940138640
561 583 193276169
336 660 417659785
448 685 455443061
415 996 23892944
70 875 43038097
599 583 46926133
879 530 990654376
647 339 963186592
201 233 476289005
55 562 961165438
608 319 639797251
557 925 61603184
246 825 485903313
183 912 229382705
930 885 975746180
921 558 162722760
496 983 188828388
536 53 6124271
529 723 69640923
911 180 42944450
395 459 50373186
729 835 580846251
195 651 540030190
528 691 44347020
129 43 242374650
701 447 635852846
828 276 589064790
32 842 325529321
695 981 135536783
242 858 932686484
292 960 877502944
744 621 320791215
274 91 74015866
71 238 625187909
623 620 440478539
537 503 52824786
900 955 157390865
97 721 298103949
727 195 884199007
684 751 759505673
726 953 7411147
724 425 312783808
314 172 706694946
452 21 68058756
699 280 89061362
220 877 5322535
861 253 343344477
606 850 957114985
730 469 6051868
273 921 402083361
801 436 758193105
813 507 22712495
535 316 130616209
367 443 523356065
172 281 251921841
191 315 628225443
457 313 826596559
864 959 937072555
968 328 68123172
731 922 451047269
32 551 53813349
508 777 75434617
590 484 246873054
706 181 418278281
201 893 797874816
481 625 407493017
790 646 879082823
594 923 497431964
339 470 306278407
877 885 930067833
391 502 272626421
689 554 125277111
531 475 527965046
638 367 170087532
121 156 486062123
649 48 313969511
740 15 467780668
279 693 717737883
535 41 900199907
460 83 583518158
498 380 47360572
693 166 28572803
633 717 461652043
748 23 568482596
326 237 436936014
451 954 686757491
266 232 61441092
748 427 684576818
271 60 258993853
424 721 401848337
273 907 752059620
622 762 782683095
61 443 114326217
990 64 393028820
562 325 25616115
990 588 10059397
350 957 832842789
892 186 23009417
931 761 668113007
211 212 27567555
492 93 342133624
579 747 787030736
866 13 453683722
915 154 844750251
635 195 407753950
162 956 805141661
132 811 898441384
397 612 10175083
909 771 84934716
434 613 50197185
804 248 894453088
877 7 370634016
730 334 914991531
363 141 581359346
506 490 980172531
244 155 293837116
599 399 833273110
525 637 690371719
168 57 392475262
633 511 157720994
833 371 257991017
796 993 654134816
668 722 912013402
553 848 44675829
556 871 556557889
643 878 41487783
659 86 764134365
931 290 268865097
917 817 292585334
318 658 196008615
108 925 725019604
509 671 826009616
760 649 421650006
111 901 671281140
553 732 556617480
954 464 162326224
618 742 386491573
109 477 579037788
205 770 171757610
493 738 350117107
174 375 979206860
782 432 766794306
163 582 796167260
372 135 407269684
43 181 880225289
513 945 55772444
935 437 300343478
800 827 118245411
990 152 110068877
867 745 907536628
44 207 476463043
26 153 768245158
509 826 394583725
556 898 225327593
349 1000 491345667
682 141 642575988
627 648 294881395
33 692 289208238
