200 200
157 166 197 91 184 156 104 98 196 174 24 114 65 87 119 166 87 134 93 93 171 48 153 177 91 159 200 162 162 196 172 152 175 155 112 19 134 97 145 155 158 32 84 66 148 6 153 59 123 153 49 88 107 127 18 8 46 199 127 147 100 131 67 140 176 36 179 169 26 42 37 71 57 51 131 166 38 16 122 8 81 64 9 41 106 126 161 166 41 191 120 173 150 193 175 73 116 87 6 162 14 22 8 83 6 89 31 153 78 57 162 85 93 171 169 171 191 49 145 194 178 136 59 56 144 40 55 104 85 20 112 102 57 31 93 100 73 42 171 183 142 87 149 142 46 105 83 58 100 161 2 150 63 123 25 2 34 97 198 99 108 171 5 118 61 7 172 186 171 130 21 73 112 190 80 115 84 24 24 172 172 180 186 118 71 136 81 167 139 148 60 156 195 183 133 105 120 3 179 157
2 169
2 32
2 10
1 56 197
1 187 108
2 108
2 147
1 166 4
2 37
2 153
2 114
2 177
1 135 34
1 27 190
2 115
1 6 16
2 118
2 102
2 197
2 4
1 151 13
1 66 148
2 196
1 113 178
2 145
1 21 155
1 49 2
2 154
1 36 170
1 29 103
2 80
2 3
2 196
2 159
1 77 193
1 168 180
2 14
1 5 14
1 4 155
2 16
1 55 90
1 17 47
2 114
2 6
1 142 138
2 85
2 52
2 68
1 6 17
2 27
2 96
1 80 12
1 104 180
2 11
2 94
1 2 24
1 159 183
1 128 21
2 12
2 172
2 181
2 165
1 83 7
1 18 192
1 35 114
1 56 54
1 54 196
1 63 79
1 175 132
1 43 119
2 113
2 11
1 57 101
1 165 190
1 126 89
2 90
1 12 128
2 111
2 170
2 73
1 106 146
2 87
1 2 168
2 181
2 90
2 74
2 129
2 159
2 48
2 190
1 40 75
2 136
1 104 196
2 106
1 79 34
2 183
1 187 182
1 150 88
1 80 139
1 188 19
1 99 197
2 110
1 182 112
2 167
1 62 70
2 22
1 10 21
1 108 28
2 72
2 167
1 136 68
1 53 71
1 147 78
2 5
2 192
2 50
1 53 89
2 156
2 163
1 132 26
1 194 122
2 144
1 97 21
1 5 188
2 176
2 171
1 45 153
1 14 62
1 17 153
1 152 150
1 126 10
2 11
2 131
1 130 56
2 128
1 150 196
2 168
2 25
2 8
1 121 45
1 129 193
1 75 139
1 65 85
1 145 77
1 133 30
2 72
1 196 112
2 81
1 171 151
1 150 13
1 20 112
2 62
2 75
1 154 11
2 120
2 72
2 82
1 131 175
1 159 69
1 173 175
1 189 178
1 25 144
2 200
1 180 92
1 183 123
1 134 64
2 64
2 114
1 26 121
1 52 133
1 4 120
1 176 10
1 94 33
1 72 133
1 193 61
1 156 81
1 24 56
2 145
2 153
2 123
1 169 59
1 148 35
1 59 21
1 57 34
2 75
1 18 173
2 1
1 102 121
2 96
2 122
1 58 142
1 73 112
2 191
2 148
1 21 9
2 16
2 180
2 148
1 7 41
2 124
