12015
5757
1926
13313
14217
6626
13714
13613
9969
13688
13644
13018
8189
791
8327
14314
13778
12053
596
8444
13372
2684
3016
13712
1168
12260
8696
10583
4933
13251
2140
13135
2307
10755
9433
13091
14054
2142
12877
14030
12430
11105
12685
9738
13034
11336
14670
13440
8175
9534
14607
13661
9570
13994
13334
4104
11013
13203
987
9319
8391
13224
13038
14337
10611
11494
2138
14420
14226
12701
4557
1555
10824
11731
9792
11066
13738
10764
11767
7656
9888
13966
13711
12539
13760
10605
200
12797
13546
9064
12987
3024
9070
12859
13527
